,in_tissue,array_row,array_col,n_genes_by_counts,total_counts,n_genes,total_counts_normalized,total_count_category,spatial_clusters,leiden,spatial_domains,leiden_expression,spatial_domains_fixed,spatial_domains_clean,lymph_node_regions,kmeans,distance_pseudotime,local_heterogeneity,local_corr_CD3E_MS4A1,local_pval_CD3E_MS4A1,local_corr_CD3E_CD68,local_pval_CD3E_CD68,local_corr_CD3E_PECAM1,local_pval_CD3E_PECAM1,local_corr_MS4A1_CD68,local_pval_MS4A1_CD68,local_corr_MS4A1_PECAM1,local_pval_MS4A1_PECAM1,local_corr_CD68_PECAM1,local_pval_CD68_PECAM1,prop_B_cells,prop_T_cells,prop_Plasma_cells,prop_Macrophages,prop_Dendritic_cells,prop_Endothelial_cells,prop_Fibroblasts,pathway_Inflammation,pathway_T_cell_activation,pathway_B_cell_function,pathway_Antigen_presentation,pathway_Cytotoxicity,pathway_Interferon_response,pathway_Cell_cycle,region_B_cell_zone,region_T_cell_zone,region_Medullary_cords,region_Subcapsular_sinus,region_HEVs,dominant_region,distance_to_follicle
AAACAAGTATCTCCCA-1,1,50,102,6732,27944.0,6732,4004.7532,High,2,10,5,2,0,4,2,4,1730.9676484556262,0.6931471805599453,-0.1407473087310791,0.45817659261557125,0.21351003646850586,0.257266736250764,0.005958140827715397,0.9750720691955738,-0.23533514142036438,0.21061184199088565,-0.27150970697402954,0.1466808744960179,0.4042569398880005,0.026714517526435354,0.082272634,0.0,0.20665927,0.1778519,0.123455234,0.009467522,0.40029347,0.16646618,0.52804047,2.176505,2.6035004,0.14396033,0.5029621,0.31160155,1.5223346,0.97740215,2.6181378,0.0,0.44547653,Medullary_cords,239.77072381756702
AAACAATCTACTAGCA-1,1,3,43,6759,25685.0,6759,4310.817,High,3,8,2,0,1,5,5,6,5212.05525680609,0.0,-0.3035140633583069,0.10299549352813621,-0.3317943513393402,0.07325753233708558,-0.09727070480585098,0.6091055961530407,0.08398184180259705,0.6590517019245632,-0.012792646884918213,0.9465072688441319,-0.12303029000759125,0.5171797243071851,0.0022166136,0.06100316,0.078673914,0.48029387,0.22650926,0.1513032,0.0,0.30480978,1.120987,1.2085553,2.4783757,0.16872257,0.5058945,0.33315057,0.6370873,1.6811419,1.7918301,0.0,0.27977276,Medullary_cords,477.1687332590014
AAACACCAATAACTGC-1,1,59,19,8590,42942.0,8590,4548.5083,High,1,1,0,3,5,0,6,3,5374.176960242377,0.6365141682948128,-0.2849010229110718,0.1270136135804682,0.03844958543777466,0.8401334441771721,0.1538587361574173,0.4169287939266459,0.16678352653980255,0.37837876448859037,-0.18662717938423157,0.323409511399212,0.1464369148015976,0.4400176605371314,0.028699698,0.07256703,0.20654881,0.08574321,0.0,0.19322197,0.4132193,0.41599298,0.6039071,2.1831722,2.80658,0.4337088,0.6156557,0.26194966,1.4933386,0.9506443,2.3107452,0.47888288,0.7115824,Medullary_cords,363.38547026539186
AAACAGAGCGACTCCT-1,1,14,94,7236,31916.0,7236,4369.0684,High,5,5,7,7,4,3,8,2,2903.5256155233074,1.0114042647073518,-0.37531012296676636,0.04098298816490865,-0.2175246775150299,0.24821422891395087,0.11210431903600693,0.5553287228151226,-0.13045042753219604,0.49202541882540685,-0.1638992428779602,0.3867963121701126,0.018275927752256393,0.9236351650259251,0.08834635,0.23118243,0.10442677,0.17959623,0.20144217,0.02957002,0.16543603,0.4130581,0.60833067,2.013042,2.724448,0.32539684,1.9670223,0.29132593,1.767717,1.111591,1.7221534,0.25791672,0.32002705,B_cell_zone,138.42326394071193
AAACAGCTTTCAGAAG-1,1,43,9,6890,30932.0,6890,4065.5127,High,5,7,4,5,3,6,1,1,5470.341854034353,0.0,-0.2770349383354187,0.13831570580941122,0.40523073077201843,0.026316388879808795,0.06939028948545456,0.7155919337008737,-0.3441627323627472,0.06255956931456166,-0.3731740713119507,0.04224007700117144,0.5558953881263733,0.0014254572627607305,0.117582954,0.17052934,0.041126464,0.047541175,0.18562081,0.27059036,0.1670089,0.15524586,0.4232077,2.3895802,2.9452057,0.17508051,0.58672214,0.2171192,2.1048107,0.9397099,1.967149,0.0,0.3726111,B_cell_zone,0.0
AAACAGGGTCTATATT-1,1,47,13,7631,31728.0,7631,4525.8066,High,3,7,0,1,3,6,0,3,5274.076317233189,1.0114042647073518,-0.11148280650377274,0.5575371697228768,-0.29599693417549133,0.11224635329562276,0.3551289737224579,0.054132867268937804,-0.31281232833862305,0.09235981839257491,-0.34976503252983093,0.05813513273522564,0.011298693716526031,0.9527469004495093,0.11219729,0.05473335,0.10216389,0.2402166,0.121715024,0.14471929,0.22425456,0.24048002,0.7309301,2.406041,2.74878,0.3195144,0.59216815,0.49990973,1.7253407,1.3773022,2.3519206,0.19069806,0.33049816,Medullary_cords,364.00137362378183
AAACAGTGTTCCTGGG-1,1,73,43,6773,26314.0,6773,4261.4326,High,3,4,0,0,5,0,0,3,5212.443668760364,0.6931471805599453,-0.3195936381816864,0.08514464366837929,-0.10871310532093048,0.5674276687536275,0.08466123044490814,0.6564606598924865,-0.22921672463417053,0.22306153883077978,-0.062400754541158676,0.7432295813154446,-0.009103776887059212,0.9619190370350353,0.008989847,0.00010113858,0.10037802,0.18588902,0.15529872,0.19250055,0.3568427,0.38840866,0.728153,1.7350647,2.6363082,0.080530785,0.55462223,0.2463131,1.0267297,1.1516167,2.0729964,0.22187477,0.44989067,Medullary_cords,275.98007174431996
AAACATTTCCCGGATT-1,1,61,97,5815,21921.0,5815,3898.5833,Medium-High,2,13,5,2,7,1,2,4,2824.4725171259856,0.6931471805599453,-0.13657931983470917,0.47172698802253393,0.07246112078428268,0.7035576139371461,-0.3164478838443756,0.08843611554533415,-0.020594585686922073,0.9139803612971292,-0.19409096240997314,0.30408029066895226,-0.06531677395105362,0.7316589080987386,0.031297777,0.091393635,0.19811435,0.18260656,0.130242,0.16499282,0.20135286,0.24247013,0.69978565,2.2266247,2.6976187,0.42549607,0.31771126,0.046977375,1.4971496,1.0696332,2.6743908,0.16208544,0.6793526,Medullary_cords,364.3295211755424
AAACCCGAACGAAATC-1,1,45,115,7528,38663.0,7528,3864.5813,High,2,10,5,2,0,4,2,4,2039.3324888305976,0.0,-0.01294962503015995,0.9458518090568171,0.17964902520179749,0.3421496115335896,0.039850734174251556,0.8343861235993549,0.41822680830955505,0.021451165142255976,-0.06228432059288025,0.7436927467128363,-0.06742440909147263,0.7233314836638539,0.06428828,0.04303024,0.31484258,0.16296087,0.12547943,0.10246504,0.18693355,0.4059158,0.5302646,2.2177355,2.6230721,0.27658498,0.6811623,0.32553622,1.2759422,0.9518948,3.1336973,0.26598927,0.43307745,Medullary_cords,240.00208332429116
AAACCGGGTAGGTACC-1,1,42,28,6564,24486.0,6564,4197.4097,Medium-High,1,7,3,3,3,6,6,3,4157.855456843106,1.0114042647073518,-0.24949191510677338,0.18365087677820904,0.19155003130435944,0.31057743881866773,-0.32195261120796204,0.0827384506460023,0.10622421652078629,0.5763825452090102,0.12158792465925217,0.5221413037311449,0.004033672623336315,0.9831223374649781,0.006650638,0.037883457,0.19271137,0.0266216,0.05061333,0.2593629,0.42615667,0.33109555,0.4052728,2.1446152,2.5978546,0.42725328,0.5987272,0.27461052,1.5098487,0.66113985,2.3617902,0.9765158,0.81403637,Medullary_cords,365.3833603217311
AAACCGTTCGTCCAGG-1,1,52,42,6457,23220.0,6457,4274.6626,Medium-High,1,9,0,3,5,7,6,3,3582.94138941736,0.6365141682948128,0.09995340555906296,0.5992191259035481,-0.24842017889022827,0.18560293663153174,0.03144478425383568,0.8689814736315589,0.29505378007888794,0.11344937151470305,-0.4000910818576813,0.028473571872154522,0.27586182951927185,0.14006203995063174,0.06600396,0.06432607,0.22287221,0.022908501,0.120236434,0.0,0.5036529,0.4716855,0.5884972,2.3831687,2.8548706,0.3669556,0.33439142,0.32675493,1.5237421,0.7966383,2.4538765,0.66376185,0.4118794,Medullary_cords,689.0029027515051
AAACCTAAGCAGCCGG-1,1,65,83,7128,28450.0,7128,4370.4575,High,5,6,4,6,2,1,1,1,3252.4023428844102,0.8675632284814613,-0.11208218336105347,0.5554073090258173,-0.1489868313074112,0.4320079311232574,-0.43345028162002563,0.016718699668168083,-0.29254990816116333,0.11668966954133043,0.06751792132854462,0.7229627182336156,-0.024487793445587158,0.8977968259950414,0.10309884,0.004145176,0.0777287,0.14150503,0.22334392,0.020617358,0.42956102,0.10420526,0.6084734,2.1847987,2.8398056,0.20296824,0.4541108,0.16531464,1.951933,1.0269945,1.8085489,0.075307205,0.5743428,B_cell_zone,0.0
AAACCTCATGAAGTTG-1,1,37,19,3165,8344.0,3165,3414.572,Low,5,7,6,5,3,6,3,5,4751.2276308339515,1.0986122886681096,-0.0511167049407959,0.788502044422551,0.2633860409259796,0.15963520707659648,0.06487198173999786,0.7334201766833867,-0.18908098340034485,0.31697308407200664,-0.2439001351594925,0.19399519519420083,0.07467513531446457,0.6949242313399361,0.037377898,0.0,0.112661816,0.12399851,0.07593169,0.34074467,0.30928537,0.0,0.52872896,1.9093411,2.719897,0.0,0.30571815,0.38757187,1.5721781,1.0447103,1.911857,0.0,0.597692,Medullary_cords,138.42326394071193
AAACGAAGAACATACC-1,1,6,64,6501,23077.0,6501,4392.321,Medium-High,0,5,7,1,6,3,4,0,4173.746758010121,1.0114042647073518,-0.002008505165576935,0.9915955822358402,-0.1483992636203766,0.43384646799642373,0.06401991099119186,0.7367978689792707,-0.15752463042736053,0.4057786799388227,-0.4227879047393799,0.019930094736187037,0.18924228847026825,0.3165527761184216,0.14111127,0.21975094,0.12019273,0.18160847,0.014850989,0.018549489,0.3039362,0.16801953,0.5290052,2.3701692,2.8883502,0.0,0.4428231,0.43084174,1.8774962,0.97502416,1.8396957,0.18000087,0.30284363,B_cell_zone,0.0
AAACGAAGATGGAGTA-1,1,58,4,7412,33482.0,7412,4292.329,High,5,1,4,1,5,0,1,1,6258.616140969184,0.45056120886630463,-0.30200502276420593,0.10480497365157557,-0.24899137020111084,0.18456077236038265,-0.4153852164745331,0.022446174462861675,0.5904547572135925,0.0005927849556887268,0.08557745814323425,0.6529725455140887,0.021686198189854622,0.9094389959539136,0.18576439,0.08171677,0.069171935,0.24799532,0.22360678,0.0,0.19174477,0.30210644,0.5156938,2.2133172,2.86447,0.11263856,0.5007304,0.27075338,1.8441055,1.1491241,1.8215659,0.13067298,0.2589006,B_cell_zone,0.0
AAACGAGACGGTTGAT-1,1,35,79,5724,17464.0,5724,4296.895,Medium-Low,5,2,4,1,4,2,1,1,715.9357513073362,1.2424533248940002,0.2619265019893646,0.1620466417191279,-0.021532859653234482,0.910076754836703,-0.08726456761360168,0.6465684206103376,0.20891138911247253,0.26789892862963155,-0.10096322745084763,0.5955155585160303,0.13103750348091125,0.49006209303103576,0.13309668,0.17356409,0.014887239,0.26760915,0.21650113,0.0,0.1943417,0.38470677,0.5150111,2.4927573,2.9272184,0.20859748,0.65139973,0.32178628,1.7089579,0.9468632,2.25636,0.0,0.22637764,Medullary_cords,138.0
AAACGGGCGTACGGGT-1,1,65,91,7349,31565.0,7349,4312.816,High,5,6,3,1,2,1,1,1,3241.1388430611855,1.5607104090414068,0.5463011264801025,0.0017889705041758965,-0.24078050255775452,0.19993866390534573,0.03883180767297745,0.8385648086483912,-0.34511467814445496,0.06178976786455632,-0.21199432015419006,0.2607400679099088,0.14418154954910278,0.4471687307714365,0.08087146,0.086538345,0.0,0.15591946,0.36385906,0.0,0.31281167,0.22990376,0.65800154,2.299916,2.6809263,0.17926046,0.36508983,0.48516047,1.9634132,0.99002016,2.1917763,0.26031023,0.30003133,Medullary_cords,0.0
AAACGGGTTGGTATCC-1,1,1,23,6976,30023.0,6976,4293.9,High,4,8,1,4,1,5,4,7,6297.6555955371205,0.0,-0.4748501181602478,0.008013099210340683,-0.32215261459350586,0.08253686428434834,-0.08728994429111481,0.6464722801223716,0.1096428781747818,0.5640986426312703,-0.23507213592529297,0.21113701692203576,0.24721238017082214,0.18782014625321986,0.19466682,0.0030956045,0.0,0.17716601,0.50810236,0.017232807,0.09973646,0.10585988,0.42539945,2.1867304,2.610613,0.17162864,0.32816023,0.8144333,1.913342,0.68814,1.7480392,0.071874715,0.3943323,B_cell_zone,0.0
AAACGGTTGCGAACTG-1,1,67,59,7334,28934.0,7334,4425.7764,High,1,4,0,3,2,1,6,3,4006.942100904379,0.6931471805599453,-0.11734539270401001,0.5368678999314604,-0.14548176527023315,0.44303854599017906,-0.44281119108200073,0.014264909161713217,0.03512944281101227,0.85378390652161,0.06142173707485199,0.7471267593552765,0.12515166401863098,0.50992461137755,0.042720504,0.051626097,0.11341173,0.09508086,0.115608126,0.13918,0.44237265,0.47312433,0.48190606,2.1231294,2.8492198,0.33102575,0.54871,0.21410716,1.5034636,0.8607794,1.8982673,0.58249134,0.6206279,Medullary_cords,240.0
AAACGTGTTCGCCCTA-1,1,14,118,7235,33271.0,7235,4061.8413,High,1,12,4,6,4,3,3,5,3538.927097299406,0.6730116670092565,-0.15734457969665527,0.40632235349041484,0.14695388078689575,0.43838730536352005,-0.10119865834712982,0.5946535262044478,-0.18890619277954102,0.3174289213088795,-0.10924951732158661,0.5655059749596996,0.06530599296092987,0.7317015824271469,0.07774106,0.0016005214,0.054009862,0.10253053,0.100114085,0.28553686,0.37846714,0.40723217,0.39222133,2.2546277,2.7879786,0.13918725,0.6658528,0.29658222,1.7270812,0.9090595,1.9585537,0.24908733,0.6343365,Medullary_cords,137.92751719653333
AAACTAACGTGGCGAC-1,1,8,110,6676,24163.0,6676,4446.886,Medium-High,5,12,4,1,4,3,1,1,3899.544204134632,0.6365141682948128,0.11723479628562927,0.5372544223263848,0.22186169028282166,0.23867434793910422,-0.12077134847640991,0.5249604515085531,-0.10261189937591553,0.5894903007059242,-0.33106204867362976,0.0739326646797969,0.1537984162569046,0.41711367747829275,0.25907823,0.005050583,0.0,0.2072262,0.37420076,0.0,0.15444434,0.2588609,0.5685126,2.346392,2.8854477,0.216458,0.35285336,0.3382539,2.2210655,1.0416337,1.7987758,0.0,0.2632856,B_cell_zone,0.0
AAACTCGGTTCGCAAT-1,1,66,70,4551,11310.0,4551,4132.363,Low,2,4,0,3,2,1,0,3,3575.5852667780136,1.0114042647073518,0.3735514283180237,0.04201578486751086,0.002137392293661833,0.9910562858014157,-0.2851243317127228,0.1267029982127624,0.03617999702692032,0.8494599794487545,-0.20909595489501953,0.2674667924820723,0.19184763729572296,0.3098120179605517,0.10988534,0.15174451,0.006987532,0.23608217,0.34282798,0.0633436,0.089128785,0.35326338,0.72535205,2.4178338,2.5806706,0.39595664,0.69838464,0.23757398,1.9042181,1.0932252,1.81117,0.0,0.7267453,B_cell_zone,0.0
AAACTCGTGATATAAG-1,1,23,113,8283,37618.0,8283,4541.95,High,3,0,0,0,4,2,0,3,2488.3106719218163,0.45056120886630463,-0.5563859939575195,0.001408738618089122,0.10381250083446503,0.5851193657444165,0.24882379174232483,0.18486610154358227,-0.0927380844950676,0.6259631405215306,-0.46771082282066345,0.009154527663511101,-0.006970230024307966,0.9708392993096358,0.022049563,0.039679717,0.15658714,0.2994234,0.14588921,0.09946434,0.23690665,0.22107218,0.8688024,1.828969,2.8010974,0.5826544,0.6996162,0.3407117,1.0791625,1.3195589,2.4418669,0.11787526,0.57388335,Medullary_cords,238.90793205751876
AAACTGCTGGCTCCAA-1,1,45,67,4716,11932.0,4716,4259.665,Low,4,2,1,4,0,7,4,7,1670.692371443648,1.2424533248940002,-0.42195385694503784,0.02020138861398246,-0.2141907811164856,0.25571670217844494,0.2096313238143921,0.2662158613143401,-0.06762957572937012,0.7225224888499089,-0.1623668521642685,0.3913120317624808,-0.030132951214909554,0.8744035485936384,0.24640974,0.0,0.12687865,0.0,0.47890928,0.008786606,0.13901569,0.076090366,0.13527176,2.3907225,2.7840872,0.15218073,0.44523466,0.5821159,1.8321269,0.47737652,2.1478484,0.0,0.26551795,Medullary_cords,0.0
AAACTTAATTGCACGC-1,1,64,12,489,642.0,489,1446.1564,Low,5,1,6,5,5,0,3,0,6088.37457783274,0.6365141682948128,0.14510370790958405,0.44423732919635034,0.1720372438430786,0.36332310299880616,0.06432467699050903,0.735589190610603,-0.021622739732265472,0.9097029229050142,0.0010723965242505074,0.9955125925528675,0.17209360003471375,0.36316354952002045,0.0,0.0,0.8718999,0.0,0.12810013,0.0,0.0,0.0,0.0,1.3112017,2.0881138,0.0,0.0,0.0,0.46799594,0.5784158,0.69409895,0.0,0.0,Medullary_cords,137.92751719653333
AAACTTGCAAACGTAT-1,1,45,19,7863,35124.0,7863,4397.9316,High,2,7,0,3,3,6,6,3,4823.484632503767,0.8675632284814613,-0.36824822425842285,0.045256611828244614,-0.22497116029262543,0.23198717597553392,-0.020442206412553787,0.9146145094637493,-0.06453151255846024,0.734769248892672,0.18419234454631805,0.32987515058889216,-0.061104390770196915,0.7483913387336122,0.030841546,0.042739343,0.23344816,0.16804507,0.11341925,0.106041044,0.3054655,0.28114003,0.7620474,2.0580158,2.6416035,0.28381297,0.5948274,0.29633367,1.3188348,1.3047132,2.450727,0.38675374,0.5172424,Medullary_cords,365.3833603217311
AAAGACATGAAGTTTA-1,1,0,92,7741,33703.0,7741,4464.7515,High,1,12,3,6,6,3,7,5,4559.707117787282,0.0,0.2527564465999603,0.17779355127882937,-0.0034490255638957024,0.9855683397066419,-0.23894067108631134,0.20350219438413816,0.008290844038128853,0.9653173983291377,-0.20941318571567535,0.2667250977170293,0.27900293469429016,0.1354217706216024,0.06304056,0.043898948,0.0063758167,0.112730704,0.34567457,0.0,0.4282794,0.34173232,0.4505375,2.1164978,2.911329,0.15604572,0.59629667,0.51285416,1.5265131,0.94690096,2.0021727,0.06495917,0.49204096,Medullary_cords,414.77222664976017
AAAGACCCAAGTCGCG-1,1,10,48,7853,35139.0,7853,4487.518,High,3,8,0,0,1,5,0,3,4338.839706649694,1.0114042647073518,-0.521535336971283,0.003120583578284712,0.15096835792064667,0.42583916773202357,-0.18519465625286102,0.3272040217692953,-0.17647922039031982,0.35087456311901744,0.1686447709798813,0.3730039574604989,-0.09291081875562668,0.6253172433846976,0.075597554,0.0013561515,0.08315803,0.13924035,0.122290574,0.36610892,0.21224838,0.3340323,0.5800051,2.0465498,2.8813987,0.20025899,0.6777463,0.47370803,1.561072,1.0682213,1.8795499,0.17524517,0.39368337,Medullary_cords,413.0012106519786
AAAGACTGGGCGCTTT-1,1,29,15,5952,19572.0,5952,4161.287,Medium-Low,2,11,0,2,3,6,2,3,5139.760694818388,0.5982695885852573,0.06153494864702225,0.7466757830109712,0.1649344265460968,0.38376287115935515,-0.09112603962421417,0.6320040161947021,0.0539967343211174,0.7768763473741197,-0.3337182402610779,0.07150654052535302,-0.2808382213115692,0.1327630516255917,0.10345295,0.08883934,0.22604294,0.11326751,0.18482132,0.021447387,0.2621285,0.3185114,0.49237734,2.4704306,2.8100398,0.15478596,0.4833917,0.43246275,1.6553915,0.6806454,2.5538685,0.10319064,0.47801125,Medullary_cords,137.92751719653333
AAAGGCCCTATAATAC-1,1,66,22,7687,33501.0,7687,4460.348,High,3,1,2,0,5,0,5,6,5647.07446382638,0.0,-0.5631069540977478,0.0011963063002886358,0.0968487560749054,0.6106668112380139,-0.21801641583442688,0.247120092326359,0.1712016612291336,0.3656936339377544,0.015009917318820953,0.9372524590615192,0.2639603912830353,0.15869334085184073,0.014836859,0.0,0.14067474,0.3766731,0.1677043,0.030422585,0.2696884,0.19573532,0.9602628,1.5022401,2.5053506,0.2149845,0.5094121,0.31633896,0.7826429,1.577858,1.7500085,0.2904744,0.46216667,Medullary_cords,364.00137362378183
AAAGGCTACGGACCAT-1,1,62,54,6676,24236.0,6676,4268.3687,Medium-High,2,4,0,3,2,1,0,3,3707.1619872889287,1.0114042647073518,-0.010887525975704193,0.9544646760250375,-0.09364612400531769,0.6225707968944562,0.13984054327011108,0.4611068482866167,-0.32539457082748413,0.07932146185363753,-0.22582565248012543,0.2301717667599139,0.3278962969779968,0.07690671849253755,0.035790175,0.1126352,0.1339894,0.1781024,0.1770622,0.22801289,0.13440764,0.24209592,0.5489297,2.2162771,2.7164423,0.240247,0.54330105,0.46245134,1.4653175,1.0529807,2.7305229,0.23679996,0.52141523,Medullary_cords,137.00364958642524
AAAGGCTCTCGCGCCG-1,1,55,55,5763,21584.0,5763,3826.94,Medium-High,2,2,5,2,2,7,2,4,3050.3311295661,0.0,-0.36816465854644775,0.045309227984369996,0.1631609946489334,0.3889680519445693,0.22426976263523102,0.2334844892336034,-0.1287699043750763,0.49766747235381037,-0.1827760934829712,0.3336720934670388,0.04881662130355835,0.7978189173650786,0.07364901,0.0,0.3077599,0.18710293,0.10957588,0.32191223,0.0,0.47521102,0.58476734,2.2190235,2.461238,0.22474056,0.51133025,0.30671376,1.3172147,0.88827276,2.9961965,0.16394638,0.25451195,Medullary_cords,365.7608508301565
AAAGGGATGTAGCAAG-1,1,24,62,6582,23768.0,6582,4355.4272,Medium-High,1,3,0,3,1,2,0,3,2452.3498934695267,1.0114042647073518,-0.6045174598693848,0.0004029723094167804,0.1540331393480301,0.4163944963548672,0.18140242993831635,0.3373802055238022,-0.31336796283721924,0.09175174291706333,-0.17282500863075256,0.3610965753444571,0.020920194685459137,0.9126254667900366,0.06475288,0.06385951,0.16491315,0.2462415,0.18328552,0.19887052,0.07807693,0.34563345,0.6751693,2.260429,2.6810708,0.34248725,0.4911515,0.34248725,1.6609046,1.140501,2.523704,0.08779649,0.69183165,Medullary_cords,137.92751719653333
AAAGGGCAGCTTGAAT-1,1,24,26,6451,22848.0,6451,4353.463,Medium-High,5,11,4,1,1,6,1,1,4585.36149065698,0.6365141682948128,-0.5284481048583984,0.0026829212054707272,0.3077215552330017,0.09807431190317818,-0.13993261754512787,0.4608088551132657,-0.6280357837677002,0.0002026593348635082,-0.23869559168815613,0.20398016030500996,0.19624370336532593,0.2986430324543366,0.12129404,0.08464574,0.0,0.26109803,0.18910807,0.19815284,0.14570126,0.19032279,0.66882724,2.2941337,2.9986925,0.2933442,0.4363955,0.18152031,1.8120809,1.301575,1.6408756,0.0,0.28966078,B_cell_zone,0.0
AAAGGTAAGCTGTACC-1,1,10,106,6208,22214.0,6208,4263.1685,Medium-High,5,12,4,1,4,3,1,1,3575.5852667780136,0.45056120886630463,0.1555919051170349,0.41163608865046797,0.10653121769428253,0.5752745736748949,-0.08200781047344208,0.6666021192292406,-0.18226835131645203,0.33503980322527105,-0.15377949178218842,0.4171716913666247,0.3312961161136627,0.07371635017122609,0.18605965,0.10474765,0.02022989,0.13549882,0.065393545,0.009668273,0.4784022,0.046461552,0.47249532,2.335678,2.88148,0.092923105,0.5978529,0.092923105,2.1747103,0.8591993,1.722964,0.092923105,0.2955452,B_cell_zone,0.0
AAAGTAGCATTGCTCA-1,1,51,27,6696,26413.0,6696,4100.817,High,2,9,5,3,3,0,6,4,4478.465027216356,0.0,-0.11107731610536575,0.5589801905192496,0.3519149124622345,0.05650401201925037,0.09527900815010071,0.6164895615068774,-0.24570810794830322,0.19060735278127514,-0.12071543186903,0.5251537670845636,-0.12185396254062653,0.5212244261617367,0.07641425,0.0010759035,0.21159299,0.09185908,0.07638693,0.1611914,0.38147947,0.42568257,0.62060475,2.3264465,2.6186793,0.20546624,0.68758994,0.30871195,1.6155233,1.1125594,2.6472282,0.52038074,0.4703111,Medullary_cords,238.76766950322232
AAAGTCACTGATGTAA-1,1,10,52,8337,36962.0,8337,4638.267,High,1,8,4,3,1,5,7,5,4169.2451355131425,1.0114042647073518,-0.2933987081050873,0.11558362081817314,-0.04416948929429054,0.8167249486453343,0.025692127645015717,0.8927983982905101,0.03209568187594414,0.8662933249895636,-0.4706391394138336,0.008670785467194297,0.031246105208992958,0.8698022868743346,0.052344486,0.103937924,0.09453474,0.064893626,0.22394541,0.09779046,0.3625534,0.38009018,0.5983416,2.0699778,2.7947822,0.44475725,0.46573716,0.37137827,1.7493308,0.9005459,1.9396423,0.30309877,0.39512837,Medullary_cords,138.00362314084367
AAAGTCGACCCTCAGT-1,1,37,15,4228,12483.0,4228,3694.8628,Low,1,7,6,5,3,6,3,5,5026.139074876461,0.6365141682948128,-0.23946739733219147,0.20247755617133958,0.07212285697460175,0.7048798668950034,0.11207649856805801,0.5554274920417905,-0.007546955719590187,0.9684276511645086,-0.42760026454925537,0.01842280888364034,-0.23542946577072144,0.21042371094505824,0.051420946,0.18071994,0.0038083268,0.12794454,0.31959403,0.0,0.31651217,0.2666416,0.49178147,2.055959,2.902705,0.07354897,0.55172354,0.19309261,1.5162518,0.8844378,1.7783182,0.14709795,0.41684836,Medullary_cords,238.90793205751876
AAAGTGTGATTTATCT-1,1,44,94,6429,21734.0,6429,4440.525,Medium-High,3,10,0,0,0,4,0,3,829.3063366452712,0.45056120886630463,-0.23628436028957367,0.2087238539341324,-0.21496208012104034,0.25396790592855945,-0.00042877811938524246,0.9982057847648605,-0.09668232500553131,0.6112830691358981,-0.009452417492866516,0.9604617867459541,0.34212058782577515,0.06423624722718298,0.069602765,0.0,0.19629565,0.33094814,0.14709666,0.005506405,0.25055042,0.68318224,0.9309856,1.9149611,2.8827345,0.46242613,0.99657387,0.3181477,1.3218696,1.3793371,2.2990487,0.1631206,0.42841506,Medullary_cords,238.40302011509837
AAAGTTGACTCCCGTA-1,1,42,96,5463,16763.0,5463,4245.247,Medium-Low,3,10,2,0,0,4,5,6,730.1972336293804,0.6365141682948128,-0.48895540833473206,0.006108561403169721,-0.07973474264144897,0.6753359885928548,-0.6276600360870361,0.00020498681474005306,-0.017642930150032043,0.9262728495023933,0.34761419892311096,0.05980374352446744,0.05784101039171219,0.7614320314995793,0.048338685,0.104977205,0.24656868,0.32270175,0.15783273,0.018361399,0.101219565,0.23142967,0.7955389,1.9918511,2.6791375,0.69215935,0.79619586,0.17544234,1.1900272,1.4438921,2.273119,0.23392312,0.4121458,Medullary_cords,364.00137362378183
AAATAACCATACGGGA-1,1,14,88,7357,30631.0,7357,4466.5005,High,3,5,2,7,4,3,8,2,2874.0085246916024,0.6365141682948128,-0.6091975569725037,0.0003529729317660573,-0.4022914171218872,0.027533084164027468,-0.01023581437766552,0.9571878017980593,0.45949235558509827,0.010635316497301229,-0.0424809567630291,0.8236200843532689,0.09349115192890167,0.6231492235884425,0.08726855,0.003914083,0.13928896,0.47431156,0.19699395,0.006780403,0.0914425,0.5598916,0.8836173,1.9781239,2.6414194,0.17657422,1.887285,0.5575721,1.3267097,1.6000704,1.9603076,0.26689723,0.19755754,Medullary_cords,138.42326394071193
AAATAAGGTAGTGCCC-1,1,31,115,8336,39034.0,8336,4597.294,High,3,0,0,0,0,4,5,6,2039.3866725072025,1.549826045878202,-0.360582172870636,0.05028999457594441,-0.15294599533081055,0.41973127138266575,0.12067736685276031,0.5252853856206868,0.011463761329650879,0.952057339331915,-0.36867180466651917,0.04499065756876304,0.13288213312625885,0.48391922142391053,0.015360862,0.14711161,0.060232498,0.29388708,0.26346943,0.004722443,0.21521607,0.4481046,0.9140319,1.8818078,2.8303778,0.29670992,0.7070107,0.41403928,1.3425632,1.5428252,2.0331578,0.17107241,0.42623138,Medullary_cords,137.92751719653333
AAATACCTATAAGCAT-1,1,47,69,4561,11719.0,4561,4065.631,Low,2,2,5,2,0,7,2,4,1694.5754630585207,0.0,-0.2945360839366913,0.11411377328252083,-0.023706436157226562,0.9010418083113997,-0.08018209785223007,0.6736137906731304,0.03844449669122696,0.8401543323953715,0.030707314610481262,0.8720288861014414,0.07321745902299881,0.7006042017970495,0.012846538,0.090647824,0.34359348,0.0024748682,0.04766242,0.029595954,0.4731789,0.41145292,0.568041,2.2169604,2.6289153,0.35585052,0.8712884,0.43744943,1.6473395,0.9244064,3.038606,0.41536236,0.8612826,Medullary_cords,239.00209204105306
AAATAGCTTAGACTTT-1,1,36,106,6182,19971.0,6182,4392.4756,Medium-Low,3,0,2,0,0,4,5,6,1262.4123731966508,0.45056120886630463,-0.5446295738220215,0.0018599153699805828,-0.17339521646499634,0.35949000635286965,0.2857748568058014,0.12580132420394435,0.19244813919067383,0.30827115995835147,-0.338951051235199,0.0669077447251664,0.1903706043958664,0.3136224278600238,0.05813401,0.0023513925,0.1337373,0.3886702,0.008821323,0.024376035,0.3839097,0.28965613,1.0416341,1.7340533,2.5499947,0.23898382,0.5823232,0.32569185,1.3223282,1.7278435,1.8464086,0.2749764,0.4889806,Medullary_cords,238.90793205751876
AAATAGGGTGCTATTG-1,1,53,79,6538,25592.0,6538,4077.242,High,2,6,5,2,0,4,2,4,1900.270770179871,0.0,-0.018811585381627083,0.9214037124470764,0.08567898720502853,0.6525864597118302,-0.4353375732898712,0.016197669010483168,-0.07465143501758575,0.6950164533820918,0.4138818681240082,0.022987726519590627,-0.043037597090005875,0.821345590502804,0.015694283,0.0042798757,0.36445835,0.051579542,0.071858816,0.0047397306,0.48738942,0.20758149,0.41561005,2.250563,2.7161677,0.11342223,0.3457936,0.3402667,1.3770037,0.74796444,2.9321547,0.6820618,0.75377154,Medullary_cords,477.31017169132275
AAATCCGATACACGCC-1,1,65,87,6732,24869.0,6732,4359.3877,Medium-High,5,6,3,1,2,1,1,1,3234.5752425936857,1.0986122886681096,0.2878173887729645,0.12300093558633735,-0.12302199751138687,0.5172081834768807,0.026627007871866226,0.888921066661233,-0.36919844150543213,0.04466173527370899,0.15716947615146637,0.4068514827370181,-0.1353057473897934,0.4759086830018436,0.07899188,0.09814162,0.0,0.22927707,0.28409034,0.13683946,0.17265965,0.23793632,0.53771955,2.418085,2.8314178,0.15826479,0.36683095,0.40485674,2.1392083,1.1945344,2.2258437,0.084496915,0.5072044,Medullary_cords,0.0
AAATCGCGGAAGGAGT-1,1,57,5,7279,35219.0,7279,4074.0667,High,5,1,4,5,5,0,1,1,6150.232841120733,0.37677016125643675,-0.003546789288520813,0.9851593136960396,-0.221526637673378,0.23940249903888755,0.10220646113157272,0.5909695549624907,0.4413876235485077,0.014617444246369108,0.536339521408081,0.0022490081544629965,0.15800060331821442,0.4043434320411835,0.10984374,0.1007568,0.10936799,0.14848267,0.08731463,0.16333714,0.280897,0.22426392,0.51122475,2.2417884,2.867567,0.24776568,0.48124662,0.27690762,1.9409065,1.1885326,1.8398252,0.21652421,0.30553722,B_cell_zone,0.0
AAATCGTGTACCACAA-1,1,44,56,4351,10939.0,4351,4022.491,Low,2,9,0,2,3,7,2,4,2317.0189899955503,0.45056120886630463,-0.200468510389328,0.28815183736648065,0.22923564910888672,0.22302228067283505,-0.18197154998779297,0.335840878271862,-0.22736279666423798,0.2269301216308812,-0.09586873650550842,0.6142993496925445,0.31738030910491943,0.0874505555432846,0.119115874,0.0036761255,0.30962828,0.3826405,0.018073231,0.009963724,0.15690231,0.21469237,0.97274816,2.1366708,2.6081696,0.21112028,0.5522009,0.29228017,1.3252776,1.1944963,2.5714169,0.16231976,0.5845537,Medullary_cords,239.0
AAATCTAGCCCTGCTA-1,1,53,101,6287,19188.0,6287,4543.6543,Medium-Low,1,10,7,6,0,4,7,5,2007.9902888211386,1.0114042647073518,-0.23330308496952057,0.21469275402005664,-0.14292390644550323,0.45118329146978314,-0.20222589373588562,0.2838579162455138,0.06561590731143951,0.7304751636507569,-0.3624406158924103,0.04903088360759116,0.2572129964828491,0.1700114879709164,0.031814296,0.060001697,0.06571084,0.15658821,0.13931894,0.022904156,0.5236618,0.28253883,0.42267746,2.0383632,2.8810806,0.14171699,0.33498183,0.33587697,1.6549213,1.0071785,2.0279603,0.17854798,0.7016148,Medullary_cords,137.00364958642524
AAATGACTGATCAAAC-1,1,76,60,5743,17461.0,5743,4300.2646,Medium-Low,1,4,0,3,2,1,0,3,4943.410260134192,1.0397207708399179,-0.2968066930770874,0.11122109124702821,-0.29774269461631775,0.11004471174138225,-0.32801318168640137,0.0767952984474073,-0.017700640484690666,0.9260323398892368,-0.17723505198955536,0.3487821194900539,0.29509735107421875,0.11339358496314197,0.09625256,0.0,0.0,0.16916618,0.3478059,0.0,0.38677543,0.39485577,0.6797118,2.2803264,2.758437,0.26522684,0.5509131,0.32182908,1.7082826,0.9513384,2.1221967,0.0,0.30187857,Medullary_cords,364.00137362378183
AAATGATTCGATCAGC-1,1,21,111,6828,26488.0,6828,4318.337,High,2,12,7,0,4,2,0,3,2579.697850524359,1.3296613488547582,-0.494981586933136,0.005421036700970696,-0.2721499502658844,0.14569324948071402,0.22110262513160706,0.24032610230958631,0.5396478772163391,0.0020860222713071463,-0.46051210165023804,0.01044130431262604,-0.27041906118392944,0.1483744095244189,0.17640156,0.0,0.34576,0.38562325,0.08647316,0.0,0.005742089,0.38745588,0.7284411,2.1050692,2.7144322,0.22069852,0.415173,0.63725495,1.3339303,1.1444811,2.5049145,0.08007292,0.39957786,Medullary_cords,137.92751719653333
AAATGCTCGTTACGTT-1,1,16,24,6776,25344.0,6776,4363.064,High,3,11,0,0,1,5,5,6,5133.334199134126,1.0114042647073518,-0.6159742474555969,0.00029028248638374865,-0.19247058033943176,0.3082136701282488,-0.23758354783058167,0.206158621026205,-0.01455818023532629,0.9391373828099638,-0.3496384024620056,0.05823234799217115,0.17180760204792023,0.3639736845607238,0.058414463,0.0,0.04438048,0.33188626,0.232136,0.13831823,0.19486463,0.3617171,1.0180465,1.8699208,2.678571,0.21192482,0.5466492,0.3793112,1.4750626,1.6533583,1.9981446,0.24944834,0.20782483,Medullary_cords,137.0
AAATGGCATGTCTTGT-1,1,13,69,6480,22999.0,6480,4399.8984,Medium-High,0,5,7,4,6,3,4,0,3267.3086784079646,1.3296613488547582,0.014079025015234947,0.9411370639356041,-0.1973714977502823,0.29581917186846274,-0.0462954081594944,0.8080628349903222,0.01743176579475403,0.9271529376472187,-0.16952167451381683,0.3704872518854664,-0.23494936525821686,0.21138247413566025,0.2766769,0.006801327,0.09504934,0.10116119,0.03680215,0.38572103,0.09778804,0.04513161,0.6123395,2.3190534,2.8389664,0.22565804,0.7006751,0.5075054,2.159042,0.9107089,1.9162211,0.09026322,0.4171545,B_cell_zone,0.0
AAATGGCCCGTGCCCT-1,1,49,17,6905,25798.0,6905,4346.8745,High,2,7,0,0,3,6,0,3,5061.853020386901,0.45056120886630463,-0.07204393297433853,0.7051884975531351,-0.10743433982133865,0.5720207234641764,0.09775158762931824,0.6073283741766713,-0.10592589527368546,0.5774601014128576,-0.14428262412548065,0.44684692356183575,0.04206670820713043,0.8253136601604788,0.047314804,0.00041960776,0.2509942,0.23705587,0.08896338,0.3752521,0.0,0.22974169,0.6005421,1.9868321,2.7468896,0.33199084,0.6213949,0.45514017,1.2986693,1.1410291,2.6621683,0.16380835,0.9968023,Medullary_cords,690.8834923487461
AAATGGTCAATGTGCC-1,1,33,51,5402,18730.0,5402,3905.0571,Medium-Low,1,3,3,5,3,6,3,5,2615.868498223869,0.0,-0.0948435366153717,0.618108948712809,0.32254356145858765,0.08214390991317636,0.3287244439125061,0.07611996796991938,-0.20951980352401733,0.26647612278384714,-0.2552894651889801,0.17334021889284562,0.1529611349105835,0.4196847016706228,0.10175435,0.0,0.14672409,0.14156988,0.2760926,0.0,0.33385906,0.23509891,0.64927745,2.151159,2.826388,0.32086152,0.46013892,0.26380897,1.7734525,0.8609388,2.328668,0.0,0.1923839,Medullary_cords,138.42326394071193
AAATGTGGGTGCTCCT-1,1,2,54,7016,26924.0,7016,4370.727,High,3,8,2,0,1,5,5,6,4906.00010191602,0.0,-0.4205045998096466,0.020680032054832584,-0.18657679855823517,0.3235424998323293,0.012667199596762657,0.9470310966585355,0.2574252188205719,0.16964702421909958,-0.0877019390463829,0.6449122041891845,-0.03466537594795227,0.8556952682528769,0.030474406,0.0006183027,0.056777842,0.30055338,0.2550122,0.16887783,0.18768598,0.2295632,0.9661194,1.6948049,2.6627817,0.13307524,0.6581146,0.36534715,1.083205,1.4924377,1.8054495,0.13888572,0.48351792,Medullary_cords,238.76766950322232
AAATTACACGACTCTG-1,1,14,86,6614,25934.0,6614,4264.523,High,3,5,2,7,4,3,8,2,2877.605254373852,0.0,-0.6165437698364258,0.00028549292869529686,-0.3283497989177704,0.07647511359523149,-0.05558839067816734,0.7704714093937655,0.2922360897064209,0.11710058089964978,-0.1136300340294838,0.5499245319498507,0.2353704273700714,0.21054145028175628,0.02370402,0.07703961,0.09741168,0.5144397,0.27910158,0.008303435,0.0,0.3401804,0.96050316,1.5022446,2.516504,0.21437532,1.7702854,0.18368435,0.9563863,1.6229237,1.775752,0.08153495,0.27774096,Medullary_cords,238.40302011509837
AAATTACCTATCGATG-1,1,26,94,6416,20646.0,6416,4505.0547,Medium-High,3,0,2,0,4,2,5,6,1495.3073262710914,0.6365141682948128,-0.4411761462688446,0.014670428639018495,-0.17993679642677307,0.34136406749004017,0.08285742998123169,0.6633484653860835,0.13390696048736572,0.48052354991885465,-0.12630556523799896,0.5059995168623961,0.07486414909362793,0.6941888981551344,0.12005601,0.0011191006,0.06773329,0.5857357,0.18465635,0.013386151,0.02731331,0.36715814,0.9286263,1.9008238,2.5981607,0.24621227,0.53682625,0.40310854,1.6176382,1.5902228,1.817941,0.09874514,0.35745314,Medullary_cords,137.0
AAATTCCAGGTCCAAA-1,1,35,115,6857,24955.0,6857,4428.6553,Medium-High,2,0,0,3,0,4,0,3,1893.3198356326382,0.9556998911125343,-0.05349253863096237,0.7789082822974136,-0.3002656102180481,0.10692016334752738,0.012254483066499233,0.948754620694945,-0.09753517061471939,0.6081279263043038,-0.1228349357843399,0.5178503676409713,-0.015670103952288628,0.9344983566567985,0.06263016,0.00011381624,0.107670605,0.09225508,0.14791392,0.22748798,0.36192846,0.25311232,0.6002439,2.3640847,2.7747486,0.1829325,0.6857835,0.30597946,1.87093,1.1329346,2.4106996,0.2527491,0.6862257,Medullary_cords,0.0
AAATTGATAGTCCTTT-1,1,55,31,6667,31007.0,6667,3644.2546,High,2,9,5,2,5,0,2,4,4420.9362130661875,0.0,-0.25137782096862793,0.18025087432407969,0.013613715767860413,0.9430792968961361,-0.01387588307261467,0.9419849523947489,0.016473859548568726,0.9311463303046166,-0.31463226675987244,0.09037944655280249,0.10879286378622055,0.5671417473726904,0.032518532,0.00057236076,0.30915433,0.13731897,0.0,0.24946232,0.27097344,0.26010787,0.61080503,2.1942394,2.4520967,0.09715997,0.5089386,0.10482368,1.2108454,1.0211747,3.1735961,0.5441192,0.5526375,Medullary_cords,238.40302011509837
AAATTGCGGCGGTTCT-1,1,5,19,7417,31326.0,7417,4404.1855,High,1,8,4,6,1,5,7,5,6178.961239561226,0.5623351446188083,-0.4820503890514374,0.006986226227989115,-0.4940269887447357,0.005525330156471815,0.2030567228794098,0.2818422341096222,0.13073953986167908,0.4910580581983931,-0.5351675748825073,0.0023093292867215195,-0.044456835836172104,0.8155528859514669,0.048791636,0.05413388,0.07200863,0.15072946,0.25008824,0.0,0.4242482,0.32248437,0.43793938,1.8462226,2.8824344,0.17315212,0.44774026,0.28904715,1.6070856,0.8621807,1.9677589,0.30646056,0.48258883,Medullary_cords,137.92751719653333
AAATTTACCGAAATCC-1,1,6,90,7965,35983.0,7965,4469.404,High,3,12,0,0,6,3,0,3,3835.1701396417866,1.2424533248940002,-0.11104868352413177,0.5590821501984642,0.2325485497713089,0.21622168523421031,-0.47596365213394165,0.00784641388439775,0.1112755835056305,0.5582744011220505,-0.25745368003845215,0.16959818798602014,-0.3328126072883606,0.07232670336939458,0.03327077,0.05028518,0.21845645,0.2291919,0.16199896,0.040264033,0.26653266,0.275297,0.5726786,1.7248235,2.6367514,0.30285066,0.66401064,0.48057434,1.0950406,1.0586939,2.2362604,0.18391886,0.7351741,Medullary_cords,138.42326394071193
AAATTTGCGGGTGTGG-1,1,47,33,5716,19290.0,5716,4026.0286,Medium-Low,2,9,0,0,3,6,0,4,3936.071391628968,0.6931471805599453,-0.05332617089152336,0.7795790672334783,-0.125193789601326,0.5097810532351965,0.16329121589660645,0.3885844652464783,-0.11071306467056274,0.5602779138024168,0.0712100937962532,0.7084520019358501,0.2847031056880951,0.12728937791440503,0.038900707,0.0,0.13988666,0.29018143,0.2747585,0.00057960255,0.2556931,0.14037423,0.84873986,1.7938743,2.5977561,0.19336864,0.62851393,0.25843495,1.2567468,1.4737151,2.8881388,0.10443254,0.48810217,Medullary_cords,477.53533900644464
AACAACTGGTAGTTGC-1,1,28,42,6287,22734.0,6287,4152.8276,Medium-High,1,3,4,3,1,2,1,5,3385.064401159895,0.8675632284814612,0.18521033227443695,0.3271623514006172,-0.11769701540470123,0.5356398958680298,-0.06424872577190399,0.7358903495094614,0.1248738020658493,0.5108720270274978,-0.4608573913574219,0.010376288968868509,0.28220894932746887,0.13080238779095438,0.11173071,0.0036754457,0.29435453,0.19950913,0.12788148,0.015975688,0.246873,0.1757425,0.39244938,2.2977185,2.8215466,0.1700417,0.49262512,0.41194016,1.6605165,0.9708137,2.753326,0.0,0.67350805,Medullary_cords,137.55726080436466
AACAATACATTGTCGA-1,1,61,37,7452,31848.0,7452,4342.614,High,3,1,2,0,5,0,5,6,4462.926394194733,1.0114042647073518,-0.4302302598953247,0.017639728736541543,0.019066693261265755,0.9203411838132503,-0.1940312385559082,0.3042320176388018,-0.09916694462299347,0.6021103200741496,-0.23395010828971863,0.2133875565762173,-0.07137049734592438,0.7078238145036863,0.045770798,0.05134207,0.10475141,0.39586174,0.12858051,0.1472045,0.12648904,0.5628568,1.1341268,1.8010983,2.705518,0.2308935,0.7953492,0.3780927,1.345434,1.5166682,2.1865437,0.0,0.5264286,Medullary_cords,138.42326394071193
AACAATTACTCTACGC-1,1,29,25,6117,20362.0,6117,4236.033,Medium-High,2,11,0,2,3,6,0,3,4468.267001869965,0.45056120886630463,-0.24086759984493256,0.19977104180789654,-0.11746826022863388,0.536438646406237,-0.23341666162014008,0.21446325066824581,0.06297281384468079,0.7409552514967832,-0.29023435711860657,0.11974693669967838,-0.1461867094039917,0.4408079122574039,0.05793697,0.0,0.15676421,0.33614054,0.23112896,0.17383213,0.044197254,0.24053997,0.6892336,1.8943956,2.817891,0.5201872,0.643207,0.23536605,1.2342002,1.4468591,2.7037828,0.099888444,0.39816663,Medullary_cords,366.3659372812926
AACACACGCTCGCCGC-1,1,51,93,6643,24817.0,6643,4303.376,Medium-High,2,10,5,0,0,4,0,3,1595.4162466265661,0.0,-0.09217347949743271,0.6280762328460453,0.3439250588417053,0.06275293087295819,-0.22427920997142792,0.23346427854960786,0.2564358115196228,0.17135093473227292,-0.33581656217575073,0.06963392935648921,-0.22593705356121063,0.22993579541891554,0.010263228,0.0,0.21993168,0.18859087,0.18857856,0.13776872,0.25486693,0.43051714,0.6264471,1.9143147,2.6521754,0.37760136,0.6755526,0.35321274,1.044539,1.0443199,2.4923842,0.2955383,0.6165723,Medullary_cords,276.84652788142387
AACACGACTGTACTGA-1,1,9,65,6373,23715.0,6373,4218.6294,Medium-High,5,5,4,1,6,3,1,1,3816.4436324934763,0.6365141682948128,-0.08449798077344894,0.6570829040150664,-0.06419263780117035,0.7361127720416134,-0.21773485839366913,0.24774617708016713,0.06018352508544922,0.7520644688807037,-0.309074342250824,0.09653039898462859,0.20118913054466248,0.286386122438854,0.13056718,0.20043215,0.07496361,0.16171141,0.25960842,0.0,0.17271723,0.20439613,0.62272286,2.2298827,2.8672523,0.16440672,0.46659172,0.38261697,1.9102963,0.84218705,2.051614,0.32881343,0.26250035,Medullary_cords,0.0
AACACGAGACGCGGCC-1,1,45,21,7615,32025.0,7615,4505.5005,High,1,7,0,3,3,6,6,3,4687.707328748244,0.6365141682948128,-0.2937663197517395,0.11510702072297962,-0.23030926287174225,0.22080275575592115,0.06353731453418732,0.7387130677965172,-0.22699789702892303,0.22769684881591098,0.17771410942077637,0.3474597856267295,-0.10844682902097702,0.5683826990943409,0.03148283,0.1058195,0.1631031,0.16976418,0.1721035,0.0,0.35772687,0.36203513,0.6570659,2.0717483,2.8696547,0.3798971,0.6116989,0.2911672,1.5293112,1.2177435,2.3402479,0.42246243,0.47031382,Medullary_cords,365.7608508301565
AACACGCGGCCGCGAA-1,1,6,34,6904,28083.0,6904,4296.628,High,3,8,2,0,1,5,5,6,5339.105917660746,0.0,-0.3167174756526947,0.0881502955758086,0.08530352264642715,0.6540146815127169,0.19922460615634918,0.2912160299397147,-0.32305392622947693,0.08163308381231008,-0.042940542101860046,0.8217420662666777,0.138274684548378,0.46619021428929863,0.009066857,0.08701061,0.16795747,0.56716806,0.035263646,0.0,0.13353343,0.20398206,1.1772981,1.2672031,2.3733928,0.19038308,0.639423,0.31036973,0.77349854,1.6064763,1.601285,0.0,0.2719761,T_cell_zone,497.80016070708535
AACAGCTGTGTGGCAA-1,1,59,31,7902,33325.0,7902,4576.4585,High,1,1,0,3,5,0,6,3,4660.312650455976,1.0114042647073518,0.055539149791002274,0.7706693389390359,-0.12547022104263306,0.5088395095698859,-0.4263542890548706,0.018803709241215792,-0.25448286533355713,0.17474967348784423,-0.4360426664352417,0.016006503802554816,0.09906589984893799,0.6024822121256208,0.0346563,0.036387496,0.08807196,0.09347083,0.1969213,0.0,0.55049217,0.35077214,0.6634508,2.0830746,3.0360098,0.30054045,0.7420389,0.41359237,1.6451352,1.0698532,2.1288779,0.4611582,0.4027278,Medullary_cords,138.06158046321215
AACAGGAAATCGAATA-1,1,15,67,7186,27478.0,7186,4547.016,High,0,3,4,4,6,3,4,0,3110.67597155345,0.6365141682948128,-0.3242841064929962,0.08041180339768836,-0.13969524204730988,0.46157731446092676,0.18590088188648224,0.3253299488456359,-0.2464127540588379,0.18929818046564492,-0.1734168827533722,0.3594290451004952,-0.22988903522491455,0.22166971933330534,0.14237985,0.18756402,0.0,0.23058484,0.38465443,0.008647589,0.046169326,0.14595655,0.7410708,2.3793397,2.944225,0.15518907,0.75545436,0.50365365,2.2010133,1.0769624,1.8447442,0.0,0.26588497,B_cell_zone,0.0
AACAGGATGGGCCGCG-1,1,29,31,6297,20844.0,6297,4405.046,Medium-High,5,11,4,1,1,6,1,1,4068.673002343639,0.6931471805599453,-0.2819584012031555,0.13115917235067362,-0.3123737871646881,0.09284190495318054,-0.034505609422922134,0.8563534877057813,0.0840875655412674,0.6586482391710612,-0.42703136801719666,0.018595923941323214,-0.06577052175998688,0.7298635537851923,0.12248654,0.0027758116,0.0,0.29243755,0.26449597,0.20696628,0.110837854,0.26740095,0.76355225,2.281125,2.9003506,0.29351777,0.63569754,0.18205576,1.9069674,1.2971107,2.0169842,0.0,0.26125076,Medullary_cords,0.0
AACAGGTAGTATGGAT-1,1,49,113,5557,18168.0,5557,3969.754,Medium-Low,2,10,5,2,0,4,2,4,2167.665103285099,0.0,0.16663052141666412,0.3788226001320507,0.07932183891534805,0.6769269848420798,0.08509848266839981,0.6547951350669885,0.14832888543605804,0.4340669721381858,-0.10528502613306046,0.5797779900724673,-0.2336142510175705,0.2140643820390503,0.03447036,0.0008005717,0.43421242,0.08721118,0.0010349228,0.0,0.44227052,0.31291896,0.46823823,2.0789225,2.638577,0.18559834,0.56810325,0.21928194,1.3587266,0.95531476,3.1556852,0.6258379,0.52946305,Medullary_cords,276.84652788142387
AACATAGCGTGTATCG-1,1,75,83,5594,17204.0,5594,4265.325,Medium-Low,0,6,7,4,2,1,4,0,4445.489624327111,1.0789922078775833,-0.31515222787857056,0.08981962323941606,0.21654340624809265,0.2504071566655585,0.21587242186069489,0.2519139990034445,0.15709343552589417,0.4070813838370212,0.04526102542877197,0.8122747440516421,0.33650827407836914,0.06902503467089456,0.13395602,0.18039232,0.12045921,0.25820777,0.024416246,0.27635786,0.0062105013,0.12617171,0.37048095,2.280421,2.7341938,0.0,0.5299722,0.45757765,2.1621604,0.8939054,2.181996,0.11456087,0.3818696,Medullary_cords,0.0
AACATATCAACTGGTG-1,1,27,99,7456,30163.0,7456,4511.2637,High,1,0,4,6,4,2,7,5,1519.3014842354364,1.0114042647073518,-0.19000357389450073,0.314573784881967,0.03994051367044449,0.8340181420627808,-0.24559125304222107,0.19082506671251023,-0.019245201721787453,0.9195977728833952,0.12929601967334747,0.49589764236175915,0.11712364107370377,0.5376430307854179,0.049129676,0.11633806,0.0,0.14372855,0.37189886,0.110691756,0.20821309,0.4701695,0.56437993,2.088208,3.0391703,0.09937666,0.5354948,0.32893687,1.5930831,1.0317407,1.8603008,0.14316921,0.36865234,Medullary_cords,137.0
AACATCGATACGTCTA-1,1,17,113,7667,33446.0,7667,4533.461,High,4,12,1,4,4,3,4,7,3047.3900308296606,1.0114042647073518,-0.12621799111366272,0.5062968798519741,-0.20044034719467163,0.28822098540897395,0.097809799015522,0.6071133880796615,0.1390504688024521,0.4636680590569596,-0.3180585205554962,0.08673897305669763,0.0959874764084816,0.613858749803977,0.11365875,0.098921,0.029159896,0.14172763,0.30600473,0.15541595,0.15511212,0.112738326,0.5695992,2.2748952,2.7654283,0.123998456,0.50891834,0.6191914,2.0484538,0.8651787,1.9346464,0.13080361,0.43350828,B_cell_zone,0.0
AACATTGAAGTTGATC-1,1,67,23,7112,29461.0,7112,4361.964,High,3,1,2,0,5,0,5,6,5664.837243910896,0.0,-0.43862277269363403,0.015322884017092194,0.050640229135751724,0.79042978761934,-0.20960047841072083,0.2662878305004195,-0.03807281702756882,0.8416802848937726,0.3417598605155945,0.06453602688152352,0.16550788283348083,0.38208839149064017,0.10071674,0.0,0.09623293,0.641082,0.047645114,0.0066920817,0.10763122,0.16056305,1.0770662,1.5720712,2.4744167,0.1095985,0.5447958,0.3646587,0.92543775,1.6471751,1.7546018,0.14613134,0.27013576,Medullary_cords,276.3494165001982
AACATTGTGACTCGAG-1,1,64,52,6693,23735.0,6693,4403.208,Medium-High,2,4,0,3,2,0,0,3,3980.1433391273736,1.0114042647073518,-0.1626657098531723,0.3904289780752924,0.20591911673545837,0.2749681979543514,0.20595332980155945,0.2748866954978729,-0.19055254757404327,0.31315148839258544,-0.18659959733486176,0.3234823145593355,0.10297559201717377,0.5881647316245183,0.044600427,0.0040884633,0.23402646,0.17690656,0.054108646,0.037069537,0.44919991,0.2503529,0.7866088,2.1313035,2.7149532,0.371668,0.61242247,0.3899199,1.3483592,1.0981289,2.5587661,0.0878994,0.7434731,Medullary_cords,238.90793205751876
AACCAAGACTTCTCTG-1,1,36,24,3080,7875.0,3080,3394.6016,Low,1,7,6,5,3,6,3,5,4411.947075838512,1.0114042647073518,-0.23173196613788605,0.21788467533884276,0.04477598890662193,0.8142515443050514,0.31784892082214355,0.08695841270347462,-0.3578459620475769,0.05219025423186059,-0.4732004404067993,0.008265539498959928,0.206289142370224,0.274087549447465,0.10847781,0.0,0.113699496,0.15003091,0.27409154,0.05011553,0.30358467,0.2987885,0.27323663,2.002712,2.7964547,0.0,0.56785953,0.20492747,1.7558894,0.6830916,1.8821855,0.0,0.8163415,Medullary_cords,275.0018181758077
AACCAGTATCACTCTT-1,1,6,92,5814,18999.0,5814,4177.7065,Medium-Low,1,12,7,1,6,3,1,3,3842.2187600395687,1.3296613488547582,-0.29107576608657837,0.11862922584367115,0.16140435636043549,0.39416375702006756,-0.4378129243850708,0.015534794134195175,0.012089462950825691,0.9494438164832893,-0.26899248361587524,0.15061081773470547,-0.3166660964488983,0.08820471320569886,0.07297428,1.5795942e-05,0.20419249,0.22542842,0.25108117,0.017631773,0.2286761,0.23265582,0.6583682,2.0811062,2.6998808,0.10572329,1.0094318,0.54395694,1.6122535,1.0956198,2.295341,0.21144658,0.46811542,Medullary_cords,137.55726080436466
AACCATAGGGTTGAAC-1,1,65,11,3286,8273.0,3286,3606.7566,Low,4,1,6,4,5,0,4,7,6208.725553605989,1.0986122886681096,0.32977136969566345,0.07513427068962437,0.04703482985496521,0.805055192124036,-0.05992778763175011,0.7530854954972889,0.19508497416973114,0.3015620049188238,0.25923222303390503,0.1665661424287142,-0.1692868173122406,0.37116031066681077,0.37859058,0.0,0.0016083157,0.61980104,0.0,0.0,0.0,0.15362445,0.97289574,2.402492,2.7563653,0.09906169,0.25268614,0.35174784,2.4004369,1.1729032,2.1169264,0.0,0.25530705,B_cell_zone,0.0
AACCATGGGATCGCTA-1,1,14,30,7112,27331.0,7112,4457.818,High,5,11,0,1,1,5,1,1,4919.372520962404,1.0986122886681096,-0.6033439040184021,0.0004164494393042495,-0.2390611618757248,0.2032674900974608,0.031656913459300995,0.8681052403547851,0.39905232191085815,0.028926564968965132,-0.3244134485721588,0.0802842164143371,0.20097440481185913,0.28691153464056385,0.09545577,0.004137214,0.0,0.2802382,0.2843109,0.023740685,0.31211725,0.34216034,0.79253983,2.2036455,2.8876898,0.32793647,0.6528921,0.31714672,1.735533,1.4114681,1.77628,0.13728598,0.34878266,Medullary_cords,137.0
AACCCAGAGACGGAGA-1,1,15,39,6964,26449.0,6964,4404.5444,High,3,11,2,0,1,5,5,6,4354.096576788347,0.6931471805599453,-0.344010591506958,0.06268329124640304,-0.1484256386756897,0.43376384723546585,-0.1846795380115509,0.3285751329810822,0.46505609154701233,0.009612549047621585,0.13530416786670685,0.4759138811636299,0.5151412487030029,0.0035787941649019286,0.044736713,0.000596732,0.18196775,0.4658062,0.029079314,0.024112776,0.25370052,0.21414776,1.1784775,1.7964538,2.436962,0.13485567,0.43088707,0.41810507,1.112653,1.5849676,2.176036,0.14078821,0.44479242,Medullary_cords,478.0345175821512
AACCCATCCCATGATC-1,1,56,14,8309,36982.0,8309,4605.384,High,1,1,0,3,5,0,0,3,5531.951012075216,1.0986122886681096,0.41862401366233826,0.021315016673002382,0.25240829586982727,0.17841187347705542,0.2756563723087311,0.1403695335363641,0.1475188434123993,0.43660934357713693,0.23820719122886658,0.20493496405205439,0.529818594455719,0.0026027550529369053,0.03997826,0.0,0.10196534,0.12729798,0.16955441,0.18596834,0.37523562,0.21063903,0.6287363,2.0347104,2.8242016,0.5318193,0.5689422,0.25246054,1.5625577,1.0561182,2.2609515,0.3219123,0.6443958,Medullary_cords,238.40302011509837
AACCCGACAACCCGTG-1,1,67,43,7215,28386.0,7215,4452.89,High,1,4,0,3,5,0,0,3,4653.953373208631,0.8675632284814613,-0.1684522032737732,0.3735579620624247,0.0759701058268547,0.6898917906642495,0.08445427566766739,0.6572495290096824,-0.18733519315719604,0.3215441561763652,-0.17197704315185547,0.3634935866669955,-0.09634912014007568,0.6125176358905677,0.042733397,0.05028339,0.19529092,0.11734122,0.07183398,0.1444762,0.37804085,0.3052119,0.52813345,2.0801132,2.9445536,0.28975493,0.6223036,0.3186953,1.3761232,0.9387073,2.308297,0.2666645,0.59800434,Medullary_cords,275.98007174431996
AACCCGCTGTATTCCA-1,1,75,59,5110,14092.0,5110,4224.76,Low,3,4,0,0,2,1,0,3,4860.781212932752,0.6931471805599453,-0.3113187551498413,0.09400951599619971,-0.4082362651824951,0.025118036222466437,-0.19327309727668762,0.3061621859261054,0.11162000149488449,0.557049321574481,-0.2649756371974945,0.1570381949246642,0.32023683190345764,0.08448333748328858,0.11038603,0.0,0.06744026,0.2198441,0.36457992,0.0,0.23774974,0.2563731,0.6898513,1.9363931,2.7204547,0.2681363,0.38708398,0.5447883,1.4792707,1.0652047,1.9597739,0.0,0.17875753,Medullary_cords,477.1687332590014
AACCCTACTGTCAATA-1,1,40,96,5305,15352.0,5305,4250.0493,Low,3,10,2,0,0,4,5,6,601.5189107584233,0.45056120886630463,-0.24644127488136292,0.1892453234566457,0.12180116772651672,0.5214063167964867,-0.370686799287796,0.04374250305104639,0.13626880943775177,0.47274476069423665,0.4688555896282196,0.008962777144514092,-0.062040477991104126,0.7446630179635204,0.0710636,0.14091669,0.15867648,0.5439034,0.031180527,0.0,0.054259308,0.3023794,0.8063998,1.7450805,2.573189,0.1254094,0.56224394,0.26081586,1.1388168,1.3994064,1.7964966,0.0,0.16721253,Medullary_cords,364.3295211755424
AACCCTGGTGGAACCA-1,1,8,70,7542,33604.0,7542,4316.703,High,1,5,3,1,6,3,1,3,3800.737296893854,0.0,-0.36265307664871216,0.04888854674832027,-0.10638517886400223,0.5758015111926884,-0.33890941739082336,0.06694340272280208,-0.02404121309518814,0.8996512828649671,-0.21535363793373108,0.2530831298804777,0.15061335265636444,0.4269407599869443,0.06961858,0.046260733,0.12225013,0.15273573,0.18496554,0.13052501,0.29364425,0.13057551,0.5934769,2.161834,2.837356,0.090939775,0.67014307,0.5460812,1.6634064,1.0477114,2.3730412,0.29862976,0.5608878,Medullary_cords,276.3494165001982
AACCGAGCTTGGTCAT-1,1,24,70,6125,21553.0,6125,4132.058,Medium-High,2,3,0,2,4,2,2,4,2085.0239806774407,0.45056120886630463,-0.5293239951133728,0.002631444564018854,0.07191914319992065,0.7056765789449092,-0.08514901995658875,0.6546027393963304,0.12928341329097748,0.495940012546652,-0.006643380969762802,0.9722061713555772,-0.19624830782413483,0.29863146898251486,0.05285903,0.06770617,0.20101042,0.28026706,0.1509212,0.19552584,0.051710263,0.26387364,0.7213614,2.107014,2.6381874,0.09528842,0.6439915,0.47889787,1.385269,1.1840677,2.8207397,0.32822737,0.41135764,Medullary_cords,239.0
AACCGCTAAGGGATGC-1,1,46,92,6501,22840.0,6501,4416.4814,Medium-High,1,10,4,3,0,4,1,3,997.5209270987752,0.45056120886630463,-0.21518826484680176,0.25345656409846967,0.10618399828672409,0.5765277638418672,0.12855985760688782,0.4983749476157932,-0.00647316686809063,0.972918031956218,-0.18053624033927917,0.33973124189785814,0.18785414099693298,0.32018114624825444,0.10626531,0.074676454,0.084422186,0.19363345,0.23187087,0.0,0.30913174,0.3837319,0.6591495,2.3282843,2.8318558,0.36505586,0.60733336,0.7440047,1.9255576,1.0327141,2.1538887,0.090790145,0.5318737,Medullary_cords,0.0
AACCGTTGTGTTTGCT-1,1,12,64,5935,18940.0,5935,4364.837,Medium-Low,0,8,7,1,6,3,4,0,3524.8235416826187,1.5607104090414068,-0.5017427206039429,0.004729281838100722,-0.22113214433193207,0.24026172551034752,-0.26323288679122925,0.15988703502697066,-0.06513857841491699,0.732364359028803,0.18695424497127533,0.3225469873509264,0.08314359188079834,0.662253942451243,0.16217385,0.2008555,0.009177411,0.1629709,0.44876543,0.016056929,0.0,0.15898757,0.61689335,2.1615038,2.8208814,0.2490842,0.2331891,0.42927745,1.9739873,0.8515681,1.8773569,0.18019326,0.21198343,B_cell_zone,0.0
AACCTAAAGCCGTCCG-1,1,0,80,7039,29865.0,7039,4267.921,High,0,5,7,4,6,3,4,0,4584.454275047358,0.0,-0.31039294600486755,0.0950432518275768,-0.0907166451215744,0.6335418801447108,-0.030148403719067574,0.874339647278384,-0.10402819514274597,0.5843356157637216,-0.2631298899650574,0.16005655000958208,0.23094592988491058,0.2194936431718522,0.10093711,0.060493644,0.11853559,0.19755735,0.43325108,0.0071825054,0.08204267,0.12303334,0.5344627,2.3612618,2.8888855,0.10018591,0.4803561,0.31516564,2.0172367,0.75177455,2.3410244,0.14441416,0.31253898,Medullary_cords,0.0
AACCTCGCTTTAGCCC-1,1,62,82,5355,14687.0,5355,4375.608,Low,4,6,7,4,2,1,4,7,2904.515794413933,1.0114042647073518,-0.07931617647409439,0.6769488127952416,0.17536616325378418,0.3539696085967895,-0.18912272155284882,0.31686429501204566,-0.13461750745773315,0.4781764434689251,-0.28742074966430664,0.12354110975120246,-0.006129376590251923,0.9743558754893775,0.11058175,0.0,0.0,0.1913644,0.2921881,0.24735993,0.15850584,0.13910142,0.4147057,2.277081,2.7617192,0.2372774,0.49466157,0.7203753,2.0397234,1.1339275,2.1558204,0.0,0.44515318,Medullary_cords,0.0
AACCTGTCACGGAATT-1,1,36,118,6658,24720.0,6658,4311.885,Medium-High,3,0,0,3,0,4,0,3,2079.3655282321097,1.3321790402101223,0.08488709479570389,0.6556001243755433,-0.22163395583629608,0.23916910948456532,0.11674116551876068,0.5389812178298721,-0.13255278766155243,0.485013083346737,0.018064428120851517,0.9245163915420423,0.14385098218917847,0.4482220801981925,0.072009504,0.056765836,0.10893016,0.19010329,0.0,0.16038422,0.41180703,0.25441673,0.63499796,2.2985694,2.7254512,0.35344565,0.6593659,0.25836188,1.6577398,1.2816658,2.0528872,0.16985746,0.54977715,Medullary_cords,239.26763257908496
AACCTTTAAATACGGT-1,1,54,68,6337,21647.0,6337,4281.1934,Medium-High,2,2,5,3,2,7,6,3,2359.827112311408,0.45056120886630463,0.2877005338668823,0.12315989626117985,0.2578964829444885,0.16883967111443177,-0.06318828463554382,0.7400991599454592,0.4443883001804352,0.013882652876515035,-0.0391976535320282,0.8370639492342166,-0.3197052478790283,0.0850296082920433,0.047114197,4.297833e-05,0.29000854,0.12094268,0.15664314,0.0006434295,0.38460502,0.3937347,0.5393296,2.2372692,2.848553,0.22576383,0.4520682,0.22421148,1.429293,1.0362866,2.6390307,0.65269995,0.58006084,Medullary_cords,138.42326394071193
AACCTTTACGACGTCT-1,1,16,92,6456,23878.0,6456,4362.9814,Medium-High,3,5,2,7,4,3,8,2,2649.689981865803,0.8675632284814613,-0.5671449899673462,0.001082597496654894,-0.39460650086402893,0.030932046086713787,0.23130099475383759,0.21876585194998044,0.3438495695590973,0.06281444350857998,-0.006515438202768564,0.9727412450452816,-0.10455481708049774,0.5824240174596249,0.045520034,0.00041095057,0.0881303,0.3162965,0.34707338,0.0,0.20256881,0.53346413,0.78598446,1.8500211,2.7445202,0.67263186,1.9524323,0.46602005,1.1591519,1.2592015,2.216046,0.203447,0.23704377,Medullary_cords,365.3833603217311
AACGAAAGTCGTCCCA-1,1,58,8,6997,28503.0,6997,4316.464,High,1,1,6,6,5,0,1,1,6005.354444160645,1.0114042647073518,0.2522898316383362,0.1786226125750435,-0.007176397368311882,0.9699771556291127,0.016024591401219368,0.9330198441156343,0.5168850421905518,0.003448439287519724,0.11483936011791229,0.5456584944630809,0.06041150912642479,0.7511545928175849,0.08746795,0.052386943,0.023672454,0.16509573,0.06969772,0.2363231,0.36535603,0.5316534,0.5552898,2.2679968,2.9180849,0.17049491,0.3984416,0.2315173,1.8058479,1.0250511,1.7361059,0.1503634,0.783633,B_cell_zone,137.55726080436466
AACGATAATGCCGTAG-1,1,53,73,6258,21512.0,6258,4301.3545,Medium-High,2,2,5,3,2,7,6,3,2072.000241312727,0.45056120886630463,0.02285340242087841,0.9045862474854508,0.23059295117855072,0.22021878479928284,-0.17259158194065094,0.36175548435278254,0.15063345432281494,0.42687834200106245,0.2906304597854614,0.11921979476632241,-0.22562271356582642,0.23060205299796416,0.051040296,0.0031402197,0.335591,0.07807963,0.05191894,0.17772365,0.30250627,0.41647288,0.58998036,2.356184,2.8032184,0.30752423,0.608255,0.1643541,1.4727062,0.9769895,2.6929364,0.9715298,0.66995364,Medullary_cords,137.92751719653333
AACGATAGAAGGGCCG-1,1,15,53,6907,29276.0,6907,4128.008,High,2,8,0,2,1,5,2,4,3659.789201579785,1.0114042647073518,0.29104501008987427,0.11866994487821861,-0.22187146544456482,0.23865312632869232,-0.2534531056880951,0.17656080240916372,-0.42612001299858093,0.018876050241917935,-0.6803047060966492,3.531965869279719e-05,0.2024480104446411,0.2833181357472774,0.05865486,0.0,0.31513602,0.13748698,0.13388059,0.0,0.3548416,0.3514505,0.33242488,2.004452,2.5221913,0.31453782,0.37075946,0.39950532,1.298397,0.81601083,2.9893162,0.20364559,0.34793144,Medullary_cords,138.42326394071193
AACGATATGTCAACTG-1,1,24,76,5900,22902.0,5900,3806.6216,Medium-High,2,3,5,2,4,2,2,4,1869.3648654021504,0.0,-0.2158524990081787,0.2519588312841526,-0.07185545563697815,0.7059257197310033,0.15889298915863037,0.4016602847661261,-0.034421902149915695,0.8566983896486681,0.032531123608350754,0.8644958037624365,-0.3779861629009247,0.039450570132289885,0.050708603,0.0,0.28728563,0.14640938,0.21291338,0.17309184,0.1295912,0.2168851,0.27504563,2.1869764,2.4745762,0.24751769,0.66851306,0.24751769,1.1218711,0.8851396,3.03265,0.50921714,0.5078797,Medullary_cords,239.26763257908496
AACGCGAACGGCAACA-1,1,8,22,8285,42806.0,8285,4507.192,High,4,8,1,4,1,5,4,7,5792.35945017227,0.9556998911125343,-0.6800475716590881,3.56548227404822e-05,-0.2932005226612091,0.11584117122445381,0.20798899233341217,0.2700653908883964,-0.012385163456201553,0.948208868229877,-0.35065311193466187,0.0574569203536078,-0.18263855576515198,0.3340422434168812,0.11534653,0.08478963,0.05377459,0.15673725,0.2508731,0.22789748,0.11058134,0.1882708,0.5802834,1.9810747,2.6358194,0.10498653,0.3451581,0.9592866,1.724648,0.8329043,1.8435191,0.10498653,0.38042617,Medullary_cords,137.0
AACGCGACCTTGGGCG-1,1,67,53,5017,16638.0,5017,3787.5334,Medium-Low,2,4,5,2,2,0,2,4,4227.907402013436,0.0,-0.3508513569831848,0.05730637591127466,-0.1402318924665451,0.4598409721707408,-0.019769083708524704,0.9174164156180835,-0.012618361972272396,0.9472350328480086,0.31779196858406067,0.08701811173640586,-0.1347428262233734,0.47776310106793046,0.034650285,0.0012466714,0.2839005,0.18370323,0.11187921,0.027455814,0.35716426,0.27874154,0.8887616,2.1327677,2.7239494,0.117662385,0.46813542,0.19734919,1.2951517,1.1301951,2.9598634,0.19734919,0.6173978,Medullary_cords,365.65831044842946
AACGCGGTCTCCAGCC-1,1,23,65,5135,15427.0,5135,4101.2866,Low,3,3,0,0,4,2,0,6,2394.455679272431,1.2424533248940002,-0.5934082865715027,0.0005474319972415599,-0.164711594581604,0.38441467925916645,0.3377528190612793,0.06793991361206726,0.0011500068940222263,0.995187838148755,-0.04310441017150879,0.8210726799027638,0.07051689922809601,0.7111689072825174,0.072494075,0.0018579573,0.1605244,0.40325803,0.28362975,0.0,0.07823577,0.19745997,0.8937071,1.929569,2.7169275,0.29130402,0.6702868,0.29130402,1.0057476,1.4075764,2.42782,0.37476927,0.3599958,Medullary_cords,238.40302011509837
AACGCTGTTGCTGAAA-1,1,54,94,6470,22580.0,6470,4383.639,Medium-High,3,10,0,0,0,4,0,3,1961.0660366239583,0.6365141682948128,-0.13033388555049896,0.4924156376829248,-0.1818457841873169,0.3361806748855578,-0.09587127715349197,0.6142899209084267,0.1704409122467041,0.3678597781962966,-0.29900479316711426,0.10847323162781008,0.25193846225738525,0.17924870197629145,0.03749034,0.0008934435,0.22459084,0.22936743,0.14269,0.008160421,0.35680756,0.38597643,0.7282641,1.9722791,2.7498662,0.27891082,0.49631554,0.2167778,1.3333117,1.1847636,2.2682583,0.43816233,0.30770427,Medullary_cords,239.00209204105306
AACGGACGTACGTATA-1,1,50,92,5995,20036.0,5995,4220.152,Medium-Low,2,10,0,2,0,4,0,3,1463.8340069830322,0.6365141682948128,-0.3476235568523407,0.05979640325240479,0.4146421551704407,0.022712523216979544,0.18337894976139069,0.3320526019855017,0.1450018733739853,0.4445605355333868,-0.35163384675979614,0.05671518845918131,-0.19016751646995544,0.314148618108865,0.04572843,0.00085666106,0.20894308,0.24230208,0.28781125,0.015082293,0.19927627,0.35289416,0.7384268,2.07619,2.778436,0.28897548,0.6355903,0.3249357,1.4836953,1.0928447,2.5324078,0.40187883,0.70936227,Medullary_cords,138.42326394071193
AACGGCCATCTCCGGT-1,1,47,39,6132,20371.0,6132,4273.1094,Medium-High,1,9,0,3,3,7,6,3,3540.663214709922,1.0114042647073518,0.19528356194496155,0.3010604690410468,-0.15149900317192078,0.4241954864393238,-0.07067983597517014,0.7105299800445445,0.09762900322675705,0.6077812074905102,-0.04091638699173927,0.8300205372678299,-0.08407486975193024,0.6586966838614144,0.0068892115,0.0033939185,0.2723239,0.13390867,0.0,0.0057802578,0.57770395,0.4681943,0.6446352,1.9615107,2.8089867,0.32115462,0.47800517,0.19969603,1.1635734,1.1862876,2.3797693,0.68515635,0.6380952,Medullary_cords,365.0
AACGTACTGTGGGTAC-1,1,48,42,6718,25669.0,6718,4195.2446,High,2,9,0,2,3,7,2,4,3385.115212219519,0.45056120886630463,-0.0011714790016412735,0.9950979899574095,-0.14232860505580902,0.4530902709029743,0.13102304935455322,0.4901103832865347,0.06363106518983841,0.7383408950928081,-0.2612721025943756,0.16313622724614635,-0.019788432866334915,0.9173358601062569,0.040971626,0.1310609,0.35408399,0.29169494,0.08124761,0.0,0.10094092,0.30511168,0.69491875,2.1455271,2.76163,0.54721075,0.31944343,0.3187757,1.0621303,1.1484271,2.6337178,0.08225221,0.47762665,Medullary_cords,364.24716882907956
AACGTAGTCTACCCAT-1,1,1,41,6220,21832.0,6220,4253.707,Medium-High,3,8,2,0,1,5,5,6,5487.102331832349,0.7356219397587946,-0.642501950263977,0.0001290704564447933,-0.21379251778125763,0.25662278893275015,0.037286583334207535,0.8449100595710829,0.00043992698192596436,0.9981591326037688,0.032749973237514496,0.8635926332258091,-0.1462624967098236,0.44056846358064267,0.10982202,0.0,0.12731953,0.59816176,0.050367,0.0,0.11432973,0.22671607,1.1344626,1.7986996,2.419444,0.3445914,0.84837246,0.4795586,1.0852586,1.8448671,2.0591278,0.0,0.23408768,Medullary_cords,238.76766950322232
AACGTCAGACTAGTGG-1,1,24,40,7055,26938.0,7055,4468.6426,High,1,11,4,3,1,5,0,3,3705.188929056115,0.6931471805599453,-0.24453119933605194,0.1928079728559452,0.04680219665169716,0.8060011500520052,0.25925183296203613,0.1665329277277386,-0.4612071216106415,0.010310784731851546,-0.3669794201850891,0.04606075855471268,0.08079653978347778,0.6712509888375341,0.08820793,0.0021219715,0.14911751,0.114506446,0.14957112,0.29215792,0.20431706,0.2389983,0.553884,2.2369552,2.9351094,0.23238194,0.61890537,0.39787242,1.9158777,0.996413,2.4525135,0.0,0.54767644,Medullary_cords,0.0
AACGTCATCCGGCTTG-1,1,77,57,5320,17030.0,5320,4009.8435,Medium-Low,3,4,0,0,2,1,0,6,5135.875095833231,0.5623351446188083,-0.29815948009490967,0.10952389007913127,-0.24019353091716766,0.2010708452668173,-0.15266449749469757,0.4205976883340488,-0.00943180825561285,0.9605479259435351,-0.31666237115859985,0.08820865979446352,0.2830035984516144,0.12967550129475072,0.050592154,0.001258317,0.17576261,0.30401328,0.10978456,0.0,0.358589,0.22901684,0.8407689,1.9271765,2.7091599,0.25193435,0.7235584,0.17323908,1.2788973,1.3448634,2.390048,0.19418798,0.37575537,Medullary_cords,550.0009090901577
AACGTGATGAAGGACA-1,1,9,83,5645,17772.0,5645,4232.8315,Medium-Low,3,5,0,0,6,3,0,3,3489.7977018732763,0.8675632284814613,-0.34014302492141724,0.06589311230599881,0.2492753565311432,0.18404415292994664,0.06802893429994583,0.720948615054942,0.007087830454111099,0.9703475177707861,0.12856294214725494,0.49836455467305935,0.13141165673732758,0.4888129147675674,0.06671723,0.09498995,0.19934423,0.2122516,0.28299388,0.0,0.14370304,0.29389212,0.7365955,2.0590796,2.6373298,0.11160609,0.83730274,0.39053297,1.4382112,1.1856678,2.416108,0.18849342,0.20006634,Medullary_cords,239.26763257908496
AACGTGCGAAAGTCTC-1,1,36,74,4125,11321.0,4125,3770.301,Low,1,2,3,6,4,2,7,5,992.705898038286,1.0986122886681096,0.16135528683662415,0.39430946009142637,-0.10082057118415833,0.5960381577200724,0.007927513681352139,0.9668364502535522,-0.11937600374221802,0.5297947214415386,-0.4635796844959259,0.00987552034780524,-0.01958482712507248,0.918183563127716,0.0315245,0.0,0.17403552,0.07143512,0.15960802,0.23755734,0.32583943,0.15826863,0.47991186,2.0486162,2.7163627,0.0,0.7017478,0.15826863,1.5433967,0.87889034,2.5728478,0.15826863,0.7019475,Medullary_cords,138.0
AACTACCCGTTTGTCA-1,1,47,113,6159,24166.0,6159,3845.034,Medium-High,2,10,5,2,0,4,2,4,2031.1701061211,0.0,0.15619634091854095,0.4097991818773532,0.14527812600135803,0.4436840490405402,-0.12240085005760193,0.5193420874370768,0.31192076206207275,0.09334191564922073,0.0007064156234264374,0.9970440190728938,-0.12162279337644577,0.5220210869674636,0.031580888,0.057588212,0.34177688,0.12065716,0.08906513,0.0,0.35933173,0.5309088,0.4705937,2.2624912,2.5524337,0.2694223,0.5374934,0.33822215,1.3380404,0.9628736,3.096519,0.63903314,0.421924,Medullary_cords,138.0
AACTAGCGTATCGCAC-1,1,4,48,5945,19690.0,5945,4266.4824,Medium-Low,3,8,2,0,1,5,5,6,4915.118920229703,0.0,-0.08900275081396103,0.639996213495304,-0.1087450161576271,0.5673132656611937,0.03672559931874275,0.8472160400758875,-0.11227111518383026,0.5547367272603729,-0.15136900544166565,0.4245978316324365,-0.20587489008903503,0.2750735778929,0.06654349,0.0879748,0.050566163,0.4086336,0.038970426,0.00014251706,0.34716898,0.2606681,1.0705932,1.6631677,2.3868492,0.1540123,0.6172482,0.40868485,1.1209792,1.6426507,1.7629986,0.10267486,0.3021127,Medullary_cords,630.9080757130947
AACTAGGCTTGGGTGT-1,1,55,61,5826,18717.0,5826,4148.3994,Medium-Low,2,2,5,3,2,7,6,4,2756.6809753760044,0.0,-0.2093396633863449,0.2668968758550653,-0.02250921167433262,0.9060169067427001,0.12661610543727875,0.5049457603216106,0.35470351576805115,0.05444216047204491,-0.2054595649242401,0.2760644547925146,-0.17302316427230835,0.3605377870210085,0.06361915,0.0002097131,0.18833393,0.21596307,0.14067529,0.0,0.39119887,0.39092168,0.746515,2.217551,2.8094559,0.2104303,0.46898675,0.28009588,1.4787334,1.2100064,2.5709598,0.5278748,0.5239948,Medullary_cords,550.0009090901577
AACTCAAGTTAATTGC-1,1,38,44,4941,14243.0,4941,4080.5464,Low,1,9,7,6,3,6,7,5,3029.0105645243298,1.0114042647073518,-0.20367977023124695,0.2803366902153937,0.2651030421257019,0.15683136464107908,0.0380881130695343,0.8416174749714093,-0.022586248815059662,0.905696669856894,-0.1685832440853119,0.37318091397085634,-0.13501320779323578,0.4768719235037807,0.046067335,0.07602228,0.10826648,0.009319156,0.20794237,0.20264705,0.34973535,0.4274857,0.49044135,2.3095465,2.7777627,0.19945925,0.24263003,0.51728773,1.8785536,0.7205613,2.19356,0.13297284,0.5463834,Medullary_cords,0.0
AACTCCAGAGCGTGTT-1,1,60,92,5094,14402.0,5094,4158.947,Low,1,6,3,6,2,1,7,5,2650.046980715625,0.6365141682948128,-0.14040735363960266,0.45927401501391496,0.011776957660913467,0.9507490720877628,-0.0034770388156175613,0.9854511368800282,-0.10122010111808777,0.59457504009318,-0.49040743708610535,0.005936462460172018,0.13504670560359955,0.4767615746646036,0.008929621,0.0,0.109166265,0.10950738,0.069097176,0.16932058,0.533979,0.3849764,0.5813359,1.9008107,2.8428488,0.06591581,0.2836128,0.06591581,1.3314142,0.8838891,1.9528437,0.13183162,0.63030875,Medullary_cords,138.0
AACTCCTAATCCCATG-1,1,12,92,7699,34419.0,7699,4549.1543,High,4,5,7,7,4,3,8,7,3126.5074764023834,1.5607104090414068,-0.571498692035675,0.0009706838874452233,0.03722066804766655,0.8451809461612197,0.36436736583709717,0.047752023307040974,-0.2474907487630844,0.1873075020662011,-0.41554388403892517,0.02238963410477451,0.004283220507204533,0.9820783422677275,0.120062,0.0008873712,0.056169584,0.17891301,0.3702352,0.024329849,0.24940296,0.24042794,0.52670157,2.207972,2.6567914,0.19204359,1.6843239,0.7152826,1.9144638,0.86391795,1.8034662,0.11453149,0.3825298,B_cell_zone,0.0
AACTCGATGGCGCAGT-1,1,11,27,6515,24372.0,6515,4292.4365,Medium-High,3,8,2,0,1,5,5,6,5300.285369675863,0.45056120886630463,-0.8761638402938843,2.2556457249040865e-10,-0.19843554496765137,0.29317047031781024,0.29825490713119507,0.10940490247515426,0.13399575650691986,0.4802299114149873,-0.3861086666584015,0.03507877141949842,0.09198660403490067,0.628776269807454,0.050049875,0.082699254,0.07145565,0.45202786,0.31190622,0.031861085,0.0,0.117872626,1.0225878,1.5698924,2.517412,0.17190367,0.44296616,0.33604705,0.93656236,1.575011,1.8786638,0.0,0.19103695,Medullary_cords,364.6601157242179
AACTCTCAATAGAGCG-1,1,35,93,6071,19669.0,6071,4388.238,Medium-Low,3,0,2,0,0,4,5,6,497.9317222270539,0.0,0.24749815464019775,0.18729387673552558,-0.20051465928554535,0.2880385525617377,-0.1553744673728943,0.4122980190032534,-0.2466682493686676,0.188825043153694,0.1263531893491745,0.5058378429190954,0.129638671875,0.4947466844014011,0.024724001,0.0,0.047738675,0.4994561,0.22856621,0.017101157,0.1824139,0.26618525,1.2005767,1.3277755,2.354292,0.10276474,0.5602926,0.32882458,0.99990374,1.6464661,1.7472314,0.10276474,0.3398204,Medullary_cords,551.0009074402691
AACTCTCAGTGTGCTC-1,1,53,41,6012,20620.0,6012,4176.992,Medium-High,2,9,5,3,5,0,6,3,3700.9979735201155,0.6365141682948128,0.020523348823189735,0.9142768172848208,-0.4309192895889282,0.017439191105837516,-0.0024670404382050037,0.9896769724778618,0.23281249403953552,0.21568600903425905,-0.27663737535476685,0.1389057474777232,0.18940924108028412,0.3161181167410569,0.025871769,0.06929787,0.32304102,0.06960679,0.0032220818,0.0,0.5089605,0.33231008,0.5440411,2.269369,2.8020794,0.26834774,0.5910316,0.28244585,1.5674813,1.0377529,2.5840094,1.0388615,0.35973543,Medullary_cords,631.129146847141
AACTGAGGTCAGCGTC-1,1,9,111,6445,22830.0,6445,4440.6396,Medium-High,0,12,7,4,4,3,4,0,3817.0871093020655,0.6365141682948128,0.13010480999946594,0.49318311092117056,0.31103551387786865,0.09432486746643425,-0.22832196950912476,0.22492301320861938,0.06733173131942749,0.7236970183045071,-0.19244694709777832,0.3082742140545114,-0.07764086872339249,0.6834180972478036,0.3184869,0.007577843,0.0,0.33929482,0.15793884,0.027524669,0.14917699,0.16946812,0.6115628,2.301134,2.8759508,0.20270601,0.7024838,0.42725438,2.1339948,0.800444,1.6929286,0.09082015,0.2735948,B_cell_zone,0.0
AACTGATATTAGGCCT-1,1,16,66,5351,15381.0,5351,4266.6333,Low,5,3,4,1,6,3,1,1,3039.013326723001,0.8675632284814612,-0.4859657287597656,0.006476307725392433,0.06346096098423004,0.7390162199867766,0.2831057012081146,0.1295312281696752,-0.2729576528072357,0.1444541806435264,-0.29171237349510193,0.11778872020958804,-0.24866743385791779,0.18515130515484135,0.17871818,0.27122855,0.14602526,0.2076826,0.0,0.002364943,0.19398057,0.16673873,0.45355046,2.1772878,2.8349977,0.12521698,0.6870111,0.31304243,2.0825875,1.0161768,1.8626397,0.12521698,0.25043398,B_cell_zone,0.0
AACTGGGTCCCGACGT-1,1,20,66,6108,19910.0,6108,4414.299,Medium-Low,0,3,7,1,4,2,1,0,2634.0966193365043,0.6931471805599453,-0.43386590480804443,0.016602779698577718,-0.13337528705596924,0.48228366728851957,0.328104168176651,0.07670865191638396,0.12501490116119385,0.5103908180187986,-0.45685550570487976,0.011151079138857633,0.0034116310998797417,0.9857247924372173,0.18228857,0.0,0.08853982,0.114445016,0.07931009,0.28724813,0.2481684,0.165758,0.58022755,2.40693,2.9190784,0.0,1.2928743,0.3692602,2.2411842,0.90180683,1.8857782,0.10175109,0.44202137,B_cell_zone,0.0
AACTGGGTTCGAGCCG-1,1,3,89,5659,17469.0,5659,4312.4326,Medium-Low,5,12,0,1,6,3,1,1,4192.415175051249,1.0114042647073518,-0.08556105941534042,0.653034913401615,0.06814564019441605,0.7204888871927004,-0.3778316080570221,0.039537805665012964,0.2166902869939804,0.2500780991302272,-0.36093100905418396,0.05005172360276584,-0.14041581749916077,0.4592466756136741,0.1356894,0.27451944,0.09867131,0.22555958,0.24701479,0.0049046017,0.013640879,0.056583986,0.6683012,2.3432512,2.8993,0.11316797,0.5467311,0.5024422,1.9805617,1.2002549,1.9597956,0.0,0.16662024,B_cell_zone,0.0
AACTGGTGTGGGCCTT-1,1,7,49,6183,21856.0,6183,4249.9194,Medium-High,3,8,2,0,1,5,5,6,4581.122678994746,0.0,-0.5576136708259583,0.0013676484094354447,-0.0710727646946907,0.7089899720755626,0.05674675852060318,0.7658193142913284,0.07355847209692001,0.6992739807696793,0.10138044506311417,0.5939882814946641,-0.12127389013767242,0.5232246053312417,0.031949233,0.076498374,0.13739565,0.4303321,0.118894264,0.0,0.2049304,0.24628071,0.9642911,1.6478827,2.362798,0.12831374,0.56871897,0.40196964,1.2029765,1.7014542,1.905379,0.25662747,0.12558343,Medullary_cords,476.6686480145301
AACTTCTGCGTCTATC-1,1,18,18,6713,25944.0,6713,4301.7344,High,5,11,7,1,1,5,1,1,5380.932261235036,0.5623351446188083,0.06356078386306763,0.7386198934826085,-0.22953791916370392,0.222395865426688,-0.1927710324525833,0.3074446163919087,-0.2939741015434265,0.11483828339040734,-0.0931297168135643,0.6244991186428773,0.08271630853414536,0.6638884824155793,0.1472803,0.008479558,0.0,0.1408719,0.1492329,0.21857864,0.33555672,0.24731238,0.46001762,2.266076,2.944772,0.18362899,0.50683826,0.3365746,1.9139254,1.0049915,1.6186026,0.0,0.3319994,B_cell_zone,0.0
AACTTGCCCGTATGCA-1,1,29,27,5953,19820.0,5953,4219.6987,Medium-Low,1,11,0,3,1,6,6,3,4334.630895474262,1.0114042647073518,-0.2705745995044708,0.14813203348430473,-0.2792470157146454,0.13506595519990236,-0.16709968447685242,0.3774626162628396,-0.09453990310430527,0.6192391093369211,-0.4061555564403534,0.025942777225394256,-0.09431636333465576,0.6200716956474954,0.02714638,0.0024999937,0.11375884,0.07268651,0.17278656,0.27403557,0.33708617,0.390953,0.6930412,2.2469702,2.8756883,0.24022837,0.7186053,0.3635995,1.5319972,0.81728655,2.4971232,0.50702715,0.5970877,Medullary_cords,275.0
AACTTGCGTTCTCGCG-1,1,14,20,6598,24343.0,6598,4327.4585,Medium-High,5,11,7,1,1,5,1,1,5493.096849683246,1.7328679513998633,-0.6618778705596924,6.793912078595845e-05,0.04105691611766815,0.8294452083904625,0.16033948957920074,0.3973325993698406,0.04463749751448631,0.8148161814882265,-0.39965447783470154,0.02866326212422351,-0.08995704352855682,0.6363992385734394,0.14290151,0.0,0.0,0.23926805,0.3038711,0.19535625,0.11860319,0.18257982,0.69751173,2.1898086,2.8337634,0.19295299,0.4608721,0.33151007,1.8816841,1.214124,1.9231231,0.0,0.22944391,Medullary_cords,0.0
AACTTTAGCTGCTGAG-1,1,5,49,5200,15074.0,5200,4196.955,Low,3,8,2,0,1,5,5,6,4777.923398297633,0.0,-0.06922051310539246,0.7162592564506892,0.002910999581217766,0.9878194060283915,-0.0445338599383831,0.815238777212367,-0.2827947437763214,0.12997098411408708,0.0010548626305535436,0.9955859618321281,-0.17900119721889496,0.3439220163269163,0.071133874,0.0021111728,0.0,0.47531107,0.19313413,0.0,0.25830972,0.26414388,1.3026948,1.6344924,2.2267518,0.19083242,0.5763346,0.25444323,0.9334923,1.6981063,1.6071576,0.12722161,0.16962883,T_cell_zone,551.0009074402691
AAGAAGGATCAGTTAG-1,1,13,25,8189,38082.0,8189,4523.8687,High,1,11,0,3,1,5,6,3,5270.160528864372,1.0114042647073518,-0.7331625819206238,4.062299278013996e-06,-0.1924097239971161,0.3083695877247984,0.25200679898262024,0.17912681518660767,-0.021548613905906677,0.9100112279119975,-0.4447900950908661,0.013786644290251804,0.06186588481068611,0.7453579751360457,0.059815943,0.0,0.11905349,0.23436348,0.09693226,0.0,0.4898348,0.3589905,0.73401856,1.9225383,2.8102021,0.24703005,0.54074454,0.43104398,1.4413663,1.301127,2.028907,0.3615477,0.44286528,Medullary_cords,238.76766950322232
AAGACATACGTGGTTT-1,1,68,114,6104,22646.0,6104,4080.5513,Medium-High,1,13,3,5,7,1,3,5,4014.6384644199284,0.9743147528693494,-0.13632327318191528,0.4725661600530784,0.11444976180791855,0.5470311516135378,0.32862985134124756,0.07620951701670957,0.2031329870223999,0.28165767003515996,-0.5005397796630859,0.004846523503019276,-0.12094275653362274,0.5243680721415359,0.03412145,0.047578614,0.08459691,0.1384649,0.21225084,0.22548494,0.25750247,0.34281814,0.5491754,2.1369522,2.8141758,0.2496809,0.5410923,0.376874,1.6587127,1.1246598,2.2933526,0.5087724,0.6972505,Medullary_cords,138.42326394071193
AAGACCAAATAACTCA-1,1,62,6,1269,2143.0,1269,2488.0916,Low,3,1,6,5,5,0,3,6,6334.200028417164,0.6365141682948128,0.28405892848968506,0.12818997876401755,-0.016074836254119873,0.9328102981354972,-0.055812858045101166,0.7695693155618472,0.09499001502990723,0.6175640434272784,0.07735413312911987,0.6845275620872812,0.04213778302073479,0.8250230295677413,0.41542888,0.013094406,0.3282538,0.22741649,0.0,0.0,0.015806386,0.21681827,0.5781821,1.8142841,2.9645624,0.21681827,0.43363655,0.6504548,0.5781821,0.28909105,1.5724826,0.0,0.28909105,Medullary_cords,275.98007174431996
AAGACCCAACTGAACA-1,1,60,54,7673,34474.0,7673,4217.957,High,1,2,5,3,2,1,6,3,3524.5477724099583,0.6365141682948128,0.04619232565164566,0.8084823434634885,-0.3694345951080322,0.04451486433239577,-0.04628019034862518,0.8081247626899475,-0.11782458424568176,0.5351947064773978,-0.14337871968746185,0.4497292478399913,0.16741105914115906,0.3765615932084799,0.03733886,0.042789813,0.26546744,0.0879056,0.05789025,0.0,0.50860804,0.34019935,0.42721683,2.239211,2.6385586,0.12735945,0.58457077,0.25338125,1.687232,0.76539105,2.5802212,0.7927937,0.39647505,Medullary_cords,238.76766950322232
AAGACTAACCCGTTGT-1,1,5,27,7517,31759.0,7517,4450.023,High,3,8,2,0,1,5,5,6,5765.988900440236,0.0,-0.4821845591068268,0.006968205246256567,-0.24581550061702728,0.19040742053863396,0.23757104575634003,0.2061832026373314,-0.07332758605480194,0.7001745240502342,-0.2927299737930298,0.11645437682529494,-0.11882289499044418,0.5317169057661136,0.063454494,0.0,0.08069712,0.53829587,0.25227615,0.0,0.06527644,0.3311992,1.0942158,1.5129961,2.6163237,0.18579924,0.5864764,0.25823358,1.2021444,1.6370447,1.9650152,0.06844036,0.24773231,Medullary_cords,365.0986168146902
AAGACTCACGCCCACT-1,1,1,95,5739,19234.0,5739,4135.178,Medium-Low,1,12,3,5,6,3,3,5,4457.951323197686,0.0,0.1517471969127655,0.4234279080920476,0.41047364473342896,0.024255250107968935,-0.17308825254440308,0.3603543535458409,-0.038023971021175385,0.8418808669391554,-0.03584986925125122,0.8508182818501505,0.04995770752429962,0.7931932687584603,0.078405306,0.0034005935,0.12138512,0.25498426,0.42703214,0.0,0.114792526,0.35518178,0.7357665,2.0743358,2.795676,0.15699482,0.8813961,0.5125893,1.432009,1.275374,2.454246,0.20932643,0.3073969,Medullary_cords,477.31017169132275
AAGACTGCAAGCTACT-1,1,36,68,4703,14162.0,4703,3814.5422,Low,2,2,5,2,0,2,2,4,1397.0773063792856,1.0986122886681096,0.12812931835651398,0.49982665980543955,-0.2285531759262085,0.22444100296525726,0.30807068943977356,0.09767407814338391,-0.08847349882125854,0.6419945603942595,-0.43117135763168335,0.017366301767699394,-0.08401374518871307,0.6589299423885203,0.20516618,0.0,0.36928076,0.11079809,0.2423472,0.0,0.07240774,0.31621176,0.31440908,2.236417,2.6718185,0.267124,0.40929276,0.5391721,1.7669274,0.8052956,2.5968492,0.0,0.0,Medullary_cords,138.42326394071193
AAGAGATGAATCGGTA-1,1,27,27,7461,32385.0,7461,4324.192,High,1,11,4,5,1,6,3,5,4400.5741670832,1.2424533248940002,-0.3646717667579651,0.04755242643638211,-0.208187535405159,0.269598110247299,0.05411681905388832,0.7763926117897005,-0.3919731080532074,0.03217217486647515,-0.3841044008731842,0.036119372732198146,0.2951222360134125,0.11336173245106226,0.058401015,0.040791135,0.02934431,0.11490287,0.20954762,0.24773377,0.29927924,0.31713128,0.55537057,2.2262087,2.8658428,0.18751079,0.5325859,0.22114909,1.559911,1.0159969,2.0353482,0.18751079,0.44230372,Medullary_cords,137.92751719653333
AAGAGCTCTTTATCGG-1,1,35,77,5357,15677.0,5357,4274.4756,Low,5,2,4,1,4,2,1,1,837.862160501356,1.0114042647073518,0.35840940475463867,0.05179438415201114,-0.029641959816217422,0.8764343646929752,-0.14866070449352264,0.4330278754269329,0.09944221377372742,0.601097697324537,-0.2396993786096573,0.20202741298288387,0.03256131336092949,0.8643712036956012,0.13361819,0.0,0.013380952,0.2709028,0.10261996,0.0,0.47947806,0.3434469,0.83910817,2.2685552,2.8089085,0.10278894,0.59023565,0.41544682,1.9574064,1.1038105,1.8759187,0.20557788,0.16446699,B_cell_zone,0.0
AAGAGGATGTACGCGA-1,1,39,29,4339,12675.0,4339,3779.1934,Low,1,7,6,5,3,6,3,5,4063.080235486373,0.8675632284814613,-0.240327388048172,0.2008122664451974,0.12427965551614761,0.5129007795773662,0.11292048543691635,0.5524347545540667,-0.04070305451750755,0.8308940890049915,-0.4637451469898224,0.009845750890879018,0.35159245133399963,0.05674634294004873,0.08333072,0.0,0.0,0.14038394,0.3096008,0.0,0.46668458,0.47960392,0.5875446,2.0763047,2.9269755,0.07270393,0.45485646,0.2507676,1.8550441,1.0276428,1.9946952,0.0,0.35170695,Medullary_cords,0.0
AAGAGGCATGGATCGC-1,1,36,80,4751,12673.0,4751,4162.108,Low,5,2,4,1,0,2,1,1,600.204131941792,0.6365141682948128,0.08610841631889343,0.6509544381771323,0.06236785650253296,0.7433604383173469,-0.04293335974216461,0.821771408371861,-0.007776640355587006,0.9674672719457645,-0.13908571004867554,0.4635536569802891,0.0955343097448349,0.6155409908301389,0.12279225,0.0058173253,0.06357853,0.17737778,0.25586864,0.28048992,0.09407564,0.2508031,0.53380895,2.4021044,2.9357712,0.21815094,0.6400784,0.2638244,2.1060658,1.2586608,2.1647258,0.38221487,0.3517659,Medullary_cords,0.0
AAGAGGCCCTTTGGAA-1,1,59,109,5811,19446.0,5811,4153.251,Medium-Low,1,13,3,5,7,1,3,5,2901.456186124478,0.0,0.13921232521533966,0.463142754512327,0.13268017768859863,0.4845898301467427,-0.024618277326226234,0.8972550815027848,0.008220577612519264,0.9656111668902295,-0.18224170804023743,0.33511166659421304,0.09091542661190033,0.6327949829109543,0.018846598,0.08877039,0.046268456,0.12431614,0.19754958,0.12209311,0.40215573,0.19074921,0.5563506,2.0639682,2.8402948,0.19214056,0.6441342,0.48681507,1.4306695,1.0643586,2.230122,0.103729166,0.41960967,Medullary_cords,240.00208332429116
AAGATGGCACCGGACC-1,1,59,39,6758,25033.0,6758,4430.594,Medium-High,0,1,4,4,5,0,4,0,4208.000118821291,1.0114042647073518,-0.20462706685066223,0.2780575366270106,0.0414738692343235,0.8277387043477394,-0.20069937407970428,0.2875854049771864,0.01594388112425804,0.9333564552177016,-0.3286089599132538,0.07622930548962009,0.1259867548942566,0.5070824731209068,0.1688101,0.08920898,0.094356075,0.070225395,0.24372658,0.2260815,0.107591435,0.16136292,0.6099781,2.3188043,2.8242881,0.042016216,0.5722725,0.5188097,2.0899928,0.77131236,2.0927966,0.16806486,0.34121946,Medullary_cords,0.0
AAGATTGGCGGAACGT-1,1,26,90,6518,22806.0,6518,4382.7925,Medium-High,3,0,2,0,4,2,5,6,1443.2342152263436,0.45056120886630463,-0.4168279469013214,0.02193635547692028,-0.15679115056991577,0.40799603563278425,0.16497886180877686,0.38363296963126997,0.06676114350557327,0.7259488096441192,-0.1951901763677597,0.3012962500188258,0.11102180927991867,0.5591778562619767,0.027017128,0.15058216,0.074609965,0.29415625,0.21872993,0.020635936,0.21426858,0.22089022,0.770521,1.9362348,2.5472336,0.13635042,0.5177287,0.536935,1.2822282,1.4647032,1.9782445,0.0,0.39671868,Medullary_cords,137.0
AAGCACCCTGCGTATC-1,1,59,73,4882,12987.0,4882,4173.5166,Low,2,6,0,0,2,1,0,3,2719.007171744863,0.8675632284814613,-0.42246854305267334,0.020033617522178988,0.08892636001110077,0.640284497520986,0.17723140120506287,0.34879220827343593,-0.018678322434425354,0.9219588077270413,-0.15547674894332886,0.4119865761789831,0.2517445981502533,0.17959479916409346,0.04497454,0.087030746,0.14596568,0.16690561,0.05341997,0.21110617,0.29059732,0.14962533,0.7918723,2.2085247,2.7611089,0.07137668,0.5705813,0.5254315,1.3522689,0.9174349,2.3047986,0.14275336,0.7704035,Medullary_cords,238.40302011509837
AAGCATACTCTCCTGA-1,1,53,69,5497,18182.0,5497,3979.9338,Medium-Low,2,2,5,3,2,7,6,4,2222.1181336733653,0.45056120886630463,0.1724734902381897,0.3620891007809561,0.06465532630681992,0.7342785605817405,-0.0060630314983427525,0.9746333615970854,0.3368975520133972,0.06868418645635181,-0.07832389324903488,0.6807778788272637,-0.3613062798976898,0.04979639594772096,0.03850779,0.0,0.32528517,0.11616974,0.2503276,0.010839323,0.25887042,0.53971606,0.46685117,2.1060207,2.7885668,0.29507005,0.53556454,0.23140034,1.2991308,0.8111748,2.7662694,0.64829814,0.45579028,Medullary_cords,238.76766950322232
AAGCCACTTGCAGGTA-1,1,74,30,6186,20362.0,6186,4388.256,Medium-High,3,4,0,0,5,0,0,3,5876.7344673721645,1.0114042647073518,-0.37721309065818787,0.03988846567346127,0.018274560570716858,0.923640861190417,-0.0698125958442688,0.7139329087195782,-0.005074279382824898,0.978769110446447,-0.08631184697151184,0.6501818623962878,0.1325131058692932,0.4851449646994702,0.04068808,0.06334141,0.060649343,0.22939807,0.19514848,0.18596262,0.22481197,0.28614953,0.6320944,2.0443013,2.7858353,0.13546747,0.51685697,0.22099477,1.4980178,1.3993088,2.1718762,0.0,0.568402,Medullary_cords,138.42326394071193
AAGCCGAAGCGGTTTA-1,1,49,107,5895,19730.0,5895,4158.0957,Medium-Low,2,10,0,3,0,4,0,3,1856.8645615660826,0.6365141682948128,0.049354229122400284,0.7956387573748407,0.2722535729408264,0.14553385694501433,0.0659889280796051,0.7289998785883711,-0.21343277394771576,0.2574430491010799,-0.4297536611557007,0.017779553870157196,0.31513333320617676,0.08983992014834649,0.08577774,0.07711563,0.09263109,0.1941437,0.14725843,0.17172249,0.23135094,0.29596364,0.6009173,2.3527875,2.7650414,0.102512605,0.3055809,0.051256303,1.6155679,1.2446728,2.2687995,0.102512605,0.29077166,Medullary_cords,276.84652788142387
AAGCCGCCGTGAAATC-1,1,65,23,7311,29892.0,7311,4442.392,High,3,1,2,0,5,0,5,6,5520.433044608004,0.0,-0.5530162453651428,0.0015270959186798525,0.20231667160987854,0.2836372314663538,-0.1767241358757019,0.35019571715114733,-0.29833292961120605,0.10930768833299954,0.06949824839830399,0.71516769736608,0.14220771193504333,0.45347806277286606,0.013084004,1.564028e-05,0.13095587,0.31887186,0.008889414,0.2523704,0.27581286,0.32448265,0.94146156,1.4623451,2.4422412,0.28708267,0.658697,0.21493644,0.8268877,1.5104473,1.6816467,0.12806743,0.45387667,Medullary_cords,364.9465714320385
AAGCGCAGGGCTTTGA-1,1,67,73,4969,15306.0,4969,3912.4048,Low,2,6,0,2,2,1,2,4,3623.6931437416165,0.0,0.41889485716819763,0.02122258906935739,-0.1764393150806427,0.35098524555014066,-0.3174794912338257,0.08734621627377319,0.2687883675098419,0.15093278020953343,-0.1697310209274292,0.36988790681821265,0.19716483354568481,0.2963353653436163,0.0834858,0.0,0.3376702,0.2604552,0.13909896,0.0,0.17928983,0.3279189,0.5889651,2.0471017,2.8592253,0.32421312,0.7422944,0.44642723,1.3872457,1.0324614,2.4762354,0.52272063,0.1393075,Medullary_cords,238.76766950322232
AAGCGGCGTCATGGGT-1,1,9,97,6383,24219.0,6383,4154.317,Medium-High,0,12,7,1,4,3,4,0,3528.30639259121,1.0114042647073518,-0.06742913275957108,0.7233128544255077,-0.13944384455680847,0.4623919045107682,0.11984281986951828,0.5281750267199842,-0.1165972650051117,0.5394850981941077,0.022332224994897842,0.9067526800537223,-0.004061627667397261,0.9830053848457292,0.16753222,0.0,0.050738465,0.10070482,0.31021464,0.016988637,0.3538212,0.118465275,0.4792515,2.1870875,2.7721543,0.21604232,0.9134697,0.34951484,1.9866713,0.86511916,1.8414214,0.0,0.215565,B_cell_zone,0.0
AAGCGTCCCTCATCGA-1,1,57,35,5891,21204.0,5891,4015.5137,Medium-High,2,1,5,2,5,0,2,4,4300.310918991789,0.45056120886630463,0.13873878121376038,0.4646805233592543,0.059065334498882294,0.7565318239415364,-0.16331999003887177,0.3884997359686878,-0.042417168617248535,0.8238808195874041,-0.2129446119070053,0.2585588651325418,0.025576520711183548,0.8932780377991989,0.05171957,0.0,0.24757726,0.14003749,0.0583991,0.14903781,0.3532288,0.21615389,0.70794195,2.233584,2.6491382,0.24149168,0.36698765,0.33063117,1.4158775,1.0952605,2.7916734,0.6492131,0.5470888,Medullary_cords,240.00208332429116
AAGCTAGATCGAGTAA-1,1,50,68,4404,14236.0,4404,3519.411,Low,2,2,5,2,0,7,2,4,1990.3793608254684,0.0,-0.07400774210691452,0.697522803700921,0.2357538938522339,0.20977751284071552,-0.2609120011329651,0.16373802401355905,0.11044428497552872,0.5612363826194919,0.23290064930915833,0.21550729891016243,-0.11496786028146744,0.5452061091154438,0.096148275,0.0,0.41835138,0.09519994,0.13884144,0.0071079284,0.24435106,0.3027617,0.4085666,2.216547,2.3207412,0.0,0.4189004,0.2747369,1.3743252,0.8443805,3.0938108,0.21937595,0.6750207,Medullary_cords,552.4608583420187
AAGCTCGTGCCAAGTC-1,1,35,73,4527,12601.0,4527,3937.0942,Low,1,2,3,6,4,2,7,5,1092.9492211443312,0.45056120886630463,0.20401714742183685,0.27952360458313746,-0.18728715181350708,0.32167051698196003,0.03928714618086815,0.8366968964308796,-0.009154386818408966,0.9617074897411393,-0.44422855973243713,0.013920977337197878,0.15465712547302246,0.41448599750435816,0.09668511,0.0011035639,0.25175408,0.03632589,0.19584547,0.0,0.41828594,0.2983172,0.36527097,2.1745098,2.7644355,0.073027246,0.36513624,0.27108353,1.6343145,0.95288247,2.4654915,0.23764169,0.19473933,Medullary_cords,138.00362314084367
AAGCTCTTTCATGGTG-1,1,57,81,4706,12534.0,4706,4096.6104,Low,2,6,0,3,2,1,0,3,2326.221184668388,0.6365141682948128,-0.42462772130966187,0.019342264596049975,0.1887282431125641,0.3178934141052285,0.1926928460597992,0.30764463089929667,-0.06080002337694168,0.7496048004389391,-0.11761189252138138,0.5359370555306436,0.04201534390449524,0.8255237069896526,0.06403839,0.0,0.11401806,0.2286506,0.07695294,0.24332318,0.2730168,0.4943411,0.7164005,2.1894863,2.7649658,0.1925632,0.44604728,0.29330787,1.5233417,1.27277,2.4554129,0.0,0.8416897,Medullary_cords,364.6601157242179
AAGGAGAACTTATAAG-1,1,3,57,7386,30650.0,7386,4468.682,High,4,8,7,4,6,5,4,7,4704.009460024501,0.6931471805599453,-0.3512212932109833,0.05702628069318951,0.03247428685426712,0.8647303907862732,0.06475317478179932,0.7338908482102736,0.016392208635807037,0.9314868000143103,-0.3052311837673187,0.10096517739703967,0.06356920301914215,0.7385864699303879,0.12738481,0.07150527,0.14054026,0.2047122,0.43998194,0.01587546,0.0,0.17498404,0.6420802,2.197566,2.681956,0.15590644,0.41206545,0.71688116,1.8920844,0.8804591,2.4686542,0.07059355,0.37575325,Medullary_cords,0.0
AAGGAGCGGTTGGTGC-1,1,28,48,6727,25630.0,6727,4331.9453,High,1,3,3,6,1,2,7,5,3002.3352577618643,0.6365141682948128,-0.02997298166155815,0.8750651220674172,-0.2055550217628479,0.2758365118452623,-0.2643769383430481,0.15801274498580098,-0.10373315215110779,0.5854078044025559,-0.17998181283473969,0.34124128264758985,0.016389258205890656,0.9314991030018368,0.02876702,0.10869475,0.045499865,0.072772585,0.15062371,0.2299606,0.36368147,0.4966658,0.4010947,2.264555,2.998967,0.13805193,0.56215566,0.33369255,1.8032961,0.96422076,2.037973,0.44082156,0.59674054,Medullary_cords,137.92751719653333
AAGGATCGATCGCTTG-1,1,39,109,5826,18556.0,5826,4279.1167,Medium-Low,2,0,0,2,0,4,0,3,1450.7256804785666,0.6365141682948128,-0.21354416012763977,0.2571888913780687,0.015685418620705605,0.9344344770847647,-0.08262842893600464,0.6642248469510651,0.14812885224819183,0.4346940366689723,-0.05267377197742462,0.7822109944965246,0.1650467962026596,0.3834344202152007,0.11771839,0.0,0.3435991,0.18133317,0.17293946,0.00063105085,0.18377882,0.31650764,0.5393271,2.0791483,2.597693,0.107773185,0.47344643,0.5078585,1.6132019,0.9842429,2.3994021,0.398383,0.5071688,Medullary_cords,365.0
AAGGATGAGGGACCTC-1,1,27,87,5154,13560.0,5154,4339.164,Low,0,0,7,4,4,2,4,0,1318.9666409731522,1.3296613488547582,-0.40197890996932983,0.02766509513560223,-0.2187560349702835,0.24548043207859996,-0.021979836747050285,0.9082178617006101,-0.13957461714744568,0.4619680743890694,-0.039636142551898956,0.835265814593912,0.06729359179735184,0.7238474634472857,0.062374644,0.101570435,0.11398654,0.04705926,0.19614078,0.26393524,0.21493307,0.33124417,0.32417494,2.152557,2.765844,0.13812217,0.72553706,0.72653615,1.706586,0.82058775,2.0487366,0.3646968,0.3683258,Medullary_cords,137.0
AAGGCAGGCTGTCTCC-1,1,42,118,5051,17268.0,5051,3743.8958,Medium-Low,2,10,5,2,0,4,2,4,2120.652022374251,0.0,-0.07246275991201401,0.7035512087439838,0.06293603032827377,0.7411014271944355,0.011845246888697147,0.9504638344635942,0.16603998839855194,0.3805384501072647,0.0032355710864067078,0.9864614075436889,0.19723886251449585,0.29615039477782934,0.06268685,0.0,0.13451721,0.25374675,0.1416884,0.17677154,0.23058926,0.48976701,0.696162,2.2183664,2.7552533,0.17132203,0.30312818,0.18297966,1.3242313,1.2007337,2.8030715,0.22842938,0.39625913,Medullary_cords,634.0544140686981
AAGGCGCGTAAAGCTT-1,1,24,38,6427,22303.0,6427,4396.439,Medium-High,5,11,4,1,1,5,1,1,3828.4644441342275,0.6931471805599453,-0.3244897425174713,0.08020903064034923,0.10604649782180786,0.5770243690142607,0.3743050694465637,0.041570688691602915,-0.30197784304618835,0.10483778187041287,-0.2850871682167053,0.12675465264039157,0.2300887554883957,0.22125739332125635,0.055608436,0.056636635,0.06332604,0.09754154,0.08968542,0.27619627,0.36100566,0.31673294,0.6588536,2.2444825,2.8357496,0.37897906,0.52090114,0.17263295,1.8194302,1.1812457,1.9427221,0.1852264,0.70255333,Medullary_cords,0.0
AAGGCTGTGCTCATCG-1,1,30,46,5243,17707.0,5243,3894.0234,Medium-Low,1,3,3,5,1,2,3,5,3045.2996568482386,1.0986122886681096,-0.1041187196969986,0.5840068220506969,0.16004787385463715,0.39820291830611027,0.02744058147072792,0.8855488832719528,-0.010890684090554714,0.9544514812888791,-0.5437799096107483,0.0018969037138169313,0.3048655092716217,0.10139500327262611,0.105593495,0.10086706,0.14922144,0.13284056,0.28885713,0.023528157,0.19909213,0.3353245,0.5063962,2.2247472,2.695969,0.1678969,0.3688268,0.21837547,1.8364038,0.63859046,2.3946123,0.0,0.4880704,Medullary_cords,0.0
AAGGGAACGACTGGCT-1,1,63,21,8472,42915.0,8472,4350.5317,High,4,1,7,4,5,0,4,7,5499.278225367399,1.0114042647073518,-0.4686009883880615,0.009005127686836712,-0.06174656003713608,0.7458330526439592,-0.09326571226119995,0.6239910600403974,-0.044720396399497986,0.8144781871355098,-0.20036163926124573,0.2884142901374564,0.22189058363437653,0.23861162489624474,0.11383486,0.0010190381,0.27411574,0.20314428,0.3532876,0.0,0.054598365,0.12274538,0.69371897,2.1626737,2.7108881,0.13092142,0.4790485,0.6882978,1.6857498,1.0057617,2.6351666,0.1571057,0.23303059,Medullary_cords,238.40302011509837
AAGGGACAGATTCTGT-1,1,26,92,6063,19508.0,6063,4416.37,Medium-Low,3,0,2,0,4,2,5,6,1463.4985480006462,0.0,-0.31342971324920654,0.09168435264077077,-0.15836098790168762,0.4032586414708808,-0.12344935536384583,0.5157425250538324,0.1537838578224182,0.41715830666110487,-0.14694279432296753,0.43842223425380983,0.180515855550766,0.33978669016019425,0.0728591,0.0,0.15435988,0.6427836,0.070642784,0.0,0.059354592,0.1681554,1.0232722,1.5441263,2.5872955,0.22816655,0.6151695,0.42399624,1.1388949,1.8094836,1.9892118,0.20693576,0.06897859,Medullary_cords,238.40302011509837
AAGGGACTATGCATTC-1,1,60,26,6624,24002.0,6624,4341.1313,Medium-High,2,1,0,3,5,0,6,3,5015.718991331153,1.0114042647073518,-0.4952879250049591,0.005387925937965675,-0.6009161472320557,0.00044559742257479194,-0.446622759103775,0.013355726629333094,0.07714557647705078,0.6853349340493686,0.054856423288583755,0.7734150882648096,0.3907713294029236,0.03275134443394485,0.037704907,0.001778099,0.23624714,0.15984355,0.061606444,0.16633537,0.3364845,0.42406917,0.46688002,2.042543,2.688106,0.49065602,0.77464664,0.44134316,1.4068643,1.0966855,2.7663977,0.3901446,0.7480584,Medullary_cords,138.42326394071193
AAGGTATCCTAATATA-1,1,25,81,6380,21893.0,6380,4395.357,Medium-High,1,3,4,6,4,2,7,1,1629.8346541904182,1.0114042647073518,-0.011062191799283028,0.9537349327094115,-0.29703277349472046,0.11093609486612827,0.1416616290807724,0.45523195019064305,-0.06983183324337006,0.7138573652195801,-0.12862011790275574,0.4981719284063857,-0.03955420106649399,0.8356017747321283,0.111207984,0.0,0.055231772,0.15386954,0.24340594,0.0,0.4362848,0.28719202,0.45643464,2.314861,2.9187114,0.18811697,0.7783103,0.464729,1.8970792,0.9804402,1.9625044,0.40387782,0.21632455,Medullary_cords,0.0
AAGGTGATAAACCAGC-1,1,44,92,6795,24620.0,6795,4474.0527,Medium-High,3,10,0,0,0,4,0,3,769.5797554509863,1.0114042647073518,-0.24599555134773254,0.19007254881094732,0.006588257849216461,0.9724367021498865,0.0016383808106184006,0.993144295785147,-0.09398128092288971,0.6213205911990788,-0.1903052181005478,0.31379178047848083,0.14845789968967438,0.43366280019891457,0.1350182,0.0052327244,0.123596154,0.26978528,0.0,0.041034374,0.42533323,0.6461003,0.65518135,1.8928318,2.9869614,0.5478278,0.6801804,0.25919113,1.443423,1.1071603,1.7454047,0.08523278,0.4545223,Medullary_cords,137.55726080436466
AAGTAAGCTTCCAAAC-1,1,0,40,7377,32121.0,7377,4345.508,High,3,8,7,0,1,5,5,6,5623.884244896938,1.0397207708399179,-0.7311552166938782,4.449933618827784e-06,-0.17750364542007446,0.34804035401793176,0.10076189041137695,0.5962531830020433,-0.021777894347906113,0.9090576436673714,-0.16703741252422333,0.37764296283887827,-0.15326887369155884,0.4187387122422734,0.10168043,0.073449336,0.11460555,0.44204995,0.08379142,0.0,0.18442333,0.10163866,0.9088405,1.7213452,2.6134276,0.19602545,0.72480863,0.33273673,1.5032421,1.3439825,1.8559747,0.067759104,0.23577808,Medullary_cords,138.0
AAGTAGAAGACCGGGT-1,1,19,47,6142,20770.0,6142,4278.4253,Medium-High,3,3,2,0,1,5,5,6,3625.7337188491933,0.45056120886630463,-0.20534828305244446,0.27633033983923183,-0.15669973194599152,0.40827287724867867,-0.1961507648229599,0.2988764953670789,0.5129963159561157,0.0037449224724594014,0.2173726111650467,0.2485532298333785,0.20806249976158142,0.2698923264656228,0.045999233,0.0,0.1527293,0.35127336,0.21826987,0.2007009,0.031027317,0.2956914,0.8935091,1.7904272,2.5130458,0.32997414,0.46926838,0.18333897,1.0779197,1.4288881,2.565425,0.29479635,0.35584864,Medullary_cords,276.3494165001982
AAGTAGTGACGCGAGG-1,1,33,31,4199,12749.0,4199,3664.3513,Low,5,7,6,5,3,6,3,5,3968.947719484347,0.8675632284814613,0.2767643928527832,0.1387170361167485,-0.14071492850780487,0.4582810605384008,-0.09600546956062317,0.613791995360155,0.17528681457042694,0.3541908719015978,-0.13878688216209412,0.46452419976443055,0.19377249479293823,0.3048898985203006,0.06254468,0.0,0.11037971,0.28603786,0.13842094,0.0,0.40261677,0.14478433,0.73068196,1.7584678,2.6895869,0.0,0.48636627,0.19033158,1.3285604,1.0935535,2.0253167,0.0,0.28956866,Medullary_cords,413.0012106519786
AAGTCAATTGTCGTCA-1,1,45,101,6039,21155.0,6039,4150.582,Medium-High,2,10,0,2,0,4,2,4,1226.8569598775564,0.6365141682948128,-0.2851661741733551,0.12664485891626404,-0.052147746086120605,0.7843348231454973,-0.2215033620595932,0.23945313757085132,0.02848680689930916,0.8812152670185025,-0.1487240046262741,0.43282980468609156,0.4470553696155548,0.013255663896456793,0.08282508,0.0,0.22961782,0.2382276,0.12128734,0.0,0.32804215,0.41258207,0.6544674,2.1006947,2.673067,0.21476224,0.73627585,0.42360902,1.3944215,1.1894586,2.5642688,0.09677841,0.46553326,Medullary_cords,238.76766950322232
AAGTGACGACCGAATT-1,1,41,25,4977,17037.0,4977,3730.481,Medium-Low,2,7,3,5,3,6,3,5,4351.757805760794,0.6365141682948128,-0.13075636327266693,0.49100179735381827,0.27649354934692383,0.1391196569344177,-0.16353178024291992,0.3878764189070683,-0.3122621774673462,0.09296490122137899,-0.23514895141124725,0.21098353769598327,0.05022452399134636,0.7921126537208203,0.09478743,0.0,0.40267336,0.08242082,0.13528018,0.0,0.28483817,0.26650438,0.3411271,2.1154866,2.639239,0.28865036,0.39345244,0.5425465,1.4833392,0.7028712,2.8201404,0.4250607,0.20139232,Medullary_cords,238.40302011509837
AAGTGAGTCGGGTTTA-1,1,62,48,7117,27012.0,7117,4433.147,High,1,4,0,3,2,0,0,3,3980.758721650937,1.0114042647073518,-0.11747841536998749,0.536403175416579,0.02343079447746277,0.9021869259638399,0.3225451111793518,0.08214235509268278,0.11237925291061401,0.5543530790303602,-0.011934256181120872,0.9500920601074309,-0.0966876819729805,0.6112632293991841,0.06373293,0.058419444,0.112412155,0.14455168,0.10475827,0.16444314,0.35168234,0.42049465,0.6227561,2.0558307,2.9443476,0.2643379,0.640624,0.20780152,1.6186671,1.0888841,1.9418311,0.34423548,0.54374707,Medullary_cords,138.0
AAGTGCCTTGACTGTA-1,1,44,104,6262,20968.0,6262,4369.7554,Medium-High,5,10,0,1,0,4,1,3,1315.015209037523,1.3296613488547582,-0.37772151827812195,0.03960003803591337,-0.16188882291316986,0.3927268751270196,-0.23522734642028809,0.21082698119285367,-0.04620153456926346,0.8084448643851181,0.02389959990978241,0.900239450386076,0.2620947062969208,0.16176741946518217,0.0816548,7.554968e-05,0.106883846,0.17485759,0.26926044,0.21401408,0.15325366,0.3336174,0.55829823,2.284194,2.8588634,0.13246883,0.594056,0.5231467,1.6742547,0.96805966,2.5195348,0.0,0.3998897,Medullary_cords,137.55726080436466
AAGTGCGTTAGAATCT-1,1,49,27,6604,23553.0,6604,4336.3022,Medium-High,2,7,0,3,3,6,6,3,4401.136216933078,0.45056120886630463,-0.21895955502986908,0.2450305172077356,1.4729797840118408e-05,0.9999383633456775,-0.06590554863214493,0.7293295595053333,0.03594303876161575,0.8504348956942555,-0.14810949563980103,0.4347547420383931,0.07970810681581497,0.675438580199472,0.030956596,0.0017232763,0.21064712,0.098472506,0.14733183,0.13068153,0.38018706,0.5430096,0.63055885,2.1404333,2.745353,0.30737242,0.709839,0.12107882,1.3626609,1.0051047,2.634676,0.9128758,0.63681555,Medullary_cords,414.90360326225175
AAGTGCTTCTCTATTG-1,1,69,37,5478,16569.0,5478,4221.108,Medium-Low,3,4,0,0,5,0,0,6,5109.8224039588695,0.8675632284814612,-0.28527334332466125,0.12649603895373773,-0.21397291123867035,0.2562121160706869,-0.2405344843864441,0.20041265966883964,0.07036665827035904,0.7117582202795091,-0.13090702891349792,0.49049808734501327,0.4784196615219116,0.007489119453948706,0.0064972695,0.0010984977,0.111351855,0.3575626,0.24356903,0.0,0.27992076,0.46894705,0.9537042,1.63198,2.7147868,0.29168385,0.56982625,0.21701133,1.0681207,1.6340438,2.0419285,0.23610583,0.4125137,Medullary_cords,552.6988330003963
AAGTGTTTGGAGACGG-1,1,52,80,4217,13131.0,4217,3479.3281,Low,2,6,5,2,0,4,2,4,1765.5472239506935,0.0,-0.15095432102680206,0.42588269485009983,0.07413309812545776,0.6970344587017385,-0.13885310292243958,0.4643090337298378,-0.0696668028831482,0.7145055104163578,0.11202297359704971,0.555617541128526,-0.029868686571717262,0.8754964915337872,0.09864708,0.00076381996,0.27998272,0.26073667,0.3088119,0.05105785,0.0,0.5148642,0.44687465,2.214171,2.2908545,0.2123242,0.50964075,0.25723615,1.2231727,0.96233356,2.848696,0.14154947,0.35245997,Medullary_cords,364.90683742566404
AAGTTCACTCCAAGCT-1,1,57,85,5816,18218.0,5816,4295.601,Medium-Low,3,6,2,0,2,1,5,6,2285.854326067171,0.0,-0.1358598917722702,0.47408682817102465,0.17404116690158844,0.35767516875199745,0.27955663204193115,0.13461558692625816,0.27228105068206787,0.14549161182224246,-0.1922818124294281,0.3086974655388973,0.08160196244716644,0.6681584308195205,0.030238558,0.0037200043,0.2592184,0.4089085,0.21276714,0.029225845,0.055921614,0.35849524,0.9571515,1.6363927,2.6727219,0.18522413,0.62500966,0.16408125,1.0918429,1.5244801,2.2078922,0.24333057,0.33948076,Medullary_cords,414.03864553927815
AAGTTCAGTCTGCGTA-1,1,18,104,3948,9828.0,3948,3821.202,Low,1,12,3,6,4,3,7,5,2636.592497903307,0.45056120886630463,0.01095973514020443,0.9541629860661509,0.06066548079252243,0.7501413861170154,0.005522420629858971,0.976894553664935,0.09909959137439728,0.6023582006785374,-0.012973666191101074,0.9457514286148344,0.023318327963352203,0.9026542089242442,0.05574211,0.0,0.19653556,0.13770172,0.04761438,0.3047497,0.2576565,0.13877651,0.4026826,2.203302,2.7596927,0.3142414,0.5768907,0.40197384,1.4925505,0.75760424,2.431745,0.1754649,0.97312236,Medullary_cords,238.40302011509837
AAGTTCGGCCAACAGG-1,1,46,34,6314,24291.0,6314,4062.2925,Medium-High,2,9,0,2,3,6,0,3,3839.042719220509,1.5607104090414068,-0.10675826668739319,0.5744557633144889,-0.23203891515731812,0.21725855084710896,0.0003552250564098358,0.9985135660180329,0.014067031443119049,0.9411871218272572,0.07358155399560928,0.6991839745559718,0.3519604802131653,0.056469833396299955,0.08580273,0.084488966,0.24790621,0.3294058,0.19585857,0.0,0.05653765,0.3117697,0.6207682,1.9946771,2.7611125,0.24748129,0.6036629,0.24748129,1.3618203,1.3057048,2.4555533,0.32256806,0.32036453,Medullary_cords,496.47255714691823
AAGTTGTGATGTTATA-1,1,66,106,4549,15109.0,4549,3518.9429,Low,2,13,5,2,7,1,3,4,3575.850248542296,0.0,-0.1113746166229248,0.5579220179165245,-0.002617478370666504,0.9890475197401529,-0.11900405585765839,0.5310869609948632,0.09169334918260574,0.6298754408616957,-0.41002151370048523,0.024427616769605788,-0.06052723526954651,0.7506928589995885,0.02881867,0.0014990094,0.18186413,0.060666032,0.1306662,0.26802608,0.3284599,0.20021588,0.52486336,2.1094413,2.459655,0.30561173,0.5308565,0.0,1.4214395,0.7303087,2.766871,0.12698394,0.66177064,Medullary_cords,497.9327263797791
AAGTTTACTAATGGCA-1,1,5,61,6619,24090.0,6619,4385.43,Medium-High,4,5,1,4,6,5,4,7,4367.622694326972,0.45056120886630463,0.5006424188613892,0.0048364240478409514,-0.024692043662071228,0.8969488375881629,-0.06965932250022888,0.7145348937132626,0.04853873699903488,0.7989464068404958,-0.24410311877727509,0.19361276974094868,-0.10440420359373093,0.58297045131954,0.17032304,0.0,0.10498644,0.14740945,0.23512514,0.20666578,0.13549018,0.10110944,0.6965327,2.2925618,2.714857,0.13020729,0.41515815,0.65948874,2.059559,0.7229345,2.3168266,0.0,0.33669597,Medullary_cords,0.0
AAGTTTATGGGCCCAA-1,1,68,70,6688,23107.0,6688,4478.698,Medium-High,1,4,5,3,2,1,6,3,3801.4877350847787,0.45056120886630463,0.37762969732284546,0.03965200333097294,0.02526222914457321,0.8945821824135486,-0.27967825531959534,0.13443897403539193,-0.2813829779624939,0.1319812831861139,-0.4417663812637329,0.01452294703453154,0.19042406976222992,0.31348399308846897,0.043007977,0.0010485477,0.089637525,0.15952833,0.21666127,0.25185627,0.23826003,0.30897194,0.5342093,1.9854109,2.985605,0.52401316,0.71642363,0.21279715,1.5413963,0.94502765,2.2050629,0.24578974,0.5672641,Medullary_cords,240.00208332429116
AATAACAACGCTCGGC-1,1,36,30,3986,11050.0,3986,3730.1357,Low,1,7,6,5,3,6,3,5,3999.618606817405,0.6365141682948128,-0.10553169250488281,0.5788853615953833,-0.055543214082717896,0.7706530015051143,0.16535431146621704,0.3825364006819313,-0.10750649124383926,0.5717611268829219,-0.4455263912677765,0.013612144287020957,0.32258209586143494,0.08210525539486807,0.05788423,0.0,0.0033477566,0.2529102,0.27404702,0.0,0.4118108,0.27185565,0.63433444,1.8023813,2.7631855,0.2416763,0.6456055,0.20970482,1.24102,0.89062196,1.7423277,0.25829208,0.32613844,Medullary_cords,276.3494165001982
AATAACACTAGAACAA-1,1,52,38,5979,19914.0,5979,4188.6343,Medium-Low,2,9,5,3,5,0,6,3,3829.156565093676,0.45056120886630463,0.005554300267249346,0.9767612069061893,-0.45933839678764343,0.010664869440482276,-0.05240316689014435,0.7833033714271639,0.18216562271118164,0.33531693881917796,-0.21006113290786743,0.26521433772880665,0.22378009557724,0.23453363929363688,0.022733085,0.0017644248,0.2083783,0.21264842,0.21153927,0.14060843,0.20232812,0.4490534,0.75932443,2.038334,2.7815468,0.2755624,0.6622745,0.4133436,1.1820059,1.0729618,2.5093594,0.3772925,0.43499368,Medullary_cords,413.0012106519786
AATAAGTCCTCGAGAC-1,1,5,71,6739,25681.0,6739,4343.839,High,3,5,2,0,6,3,5,6,4122.487113381921,0.0,-0.40061262249946594,0.028248319879666795,-0.07285450398921967,0.70202096785739,-0.36379265785217285,0.04813067521858642,-0.14874757826328278,0.4327560537210062,-0.020135991275310516,0.9158890225910467,0.24330882728099823,0.1951122177901273,0.060184017,0.0,0.10083445,0.4614071,0.20752962,0.010239006,0.15980579,0.27571255,0.882972,1.6075501,2.6961043,0.2654854,0.79187423,0.33933067,0.9403172,1.3648348,1.9123305,0.0,0.23862496,Medullary_cords,363.6756796927724
AATACAATGTTTCAGG-1,1,23,19,7575,35044.0,7575,4158.209,High,2,11,0,0,1,6,0,3,5078.064690411102,1.0114042647073518,-0.38992106914520264,0.03316618058516277,0.0946195051074028,0.618942738627441,0.14027643203735352,0.4596970190698102,-0.10908347368240356,0.5661005096634668,-0.520210325717926,0.003211144103047681,0.160133957862854,0.39794589014546006,0.04039385,0.045754176,0.20254493,0.23001081,0.21259055,0.011930126,0.2567756,0.2918896,0.9102258,1.979361,2.7062118,0.30733448,0.48615795,0.40371475,1.0721631,1.2191724,2.6898248,0.12552086,0.45602462,Medullary_cords,275.0018181758077
AATACCGGAGGGCTGT-1,1,67,37,5563,17202.0,5563,4151.1655,Medium-Low,1,4,3,3,5,0,0,3,4938.454009100419,0.8675632284814613,-0.3903326988220215,0.03296482189644366,-0.25614064931869507,0.17186158590448394,-0.06387455016374588,0.7373745758440775,-0.004493441432714462,0.981198895679118,0.010958191007375717,0.9541694373897825,0.32354214787483215,0.08114670361386411,0.053806566,0.0,0.13083795,0.25828704,0.06908055,0.018034093,0.46995384,0.18345943,0.6193989,1.8515427,3.0265296,0.36691886,0.4060529,0.21098334,1.171168,1.2076418,2.1563356,0.0,0.36849564,Medullary_cords,365.0
AATAGAACAGAGTGGC-1,1,52,46,6112,21447.0,6112,4108.947,Medium-High,2,9,5,3,5,7,6,4,3342.2484946514674,0.45056120886630463,-0.20640654861927032,0.2738085076462387,-0.2710946202278137,0.14732375858420127,0.08815713226795197,0.6431902680099123,0.1924169361591339,0.30835110715827724,-0.26957184076309204,0.14969966474112067,0.0041374824941158295,0.9826880406187087,0.04047159,0.0030327034,0.331766,0.17619216,0.0,0.0,0.44853747,0.38633406,0.5939101,2.1991103,2.791973,0.28705022,0.54169303,0.32192934,1.4936872,1.0609908,2.7262816,0.79232144,0.62675995,Medullary_cords,551.0009074402691
AATAGAATCTGTTTCA-1,1,48,86,5068,13899.0,5068,4261.837,Low,5,10,4,1,0,4,1,1,1205.4708623604306,0.8675632284814612,-0.12867553532123566,0.4979852617491763,0.16355660557746887,0.38780339352003895,0.28684404492378235,0.12432963079083315,-0.1802407205104828,0.34053561603901933,-0.06676455587148666,0.7259353362631992,-0.3611956238746643,0.04987157681942532,0.19595143,0.0,0.01810654,0.34615818,0.43661094,0.003172822,0.0,0.35261965,0.7700119,2.4571753,2.7237616,0.24695101,0.6427898,0.39071035,1.9210696,1.1178279,2.1785913,0.0,0.18067324,Medullary_cords,0.0
AATAGCAAGCCTCCTG-1,1,7,111,5835,18980.0,5835,4311.821,Medium-Low,5,12,4,1,4,3,1,1,4036.9188745874,0.0,0.23398759961128235,0.21331209408152543,0.2617833614349365,0.1622845283023052,-0.1812068670988083,0.3379101418475278,-0.0544634573161602,0.7749967143094737,-0.3539019525051117,0.055028652422032136,0.1287112981081009,0.4978648179458664,0.18593511,0.28039938,0.0,0.12702712,0.4066384,0.0,0.0,0.2984406,0.62259823,2.3731892,2.9547687,0.052907065,0.5850638,0.3142901,2.211019,0.84343445,1.8877708,0.2370227,0.1410855,B_cell_zone,0.0
AATAGCTACCGCGTGC-1,1,19,111,6028,20066.0,6028,4283.6514,Medium-Low,0,12,7,1,4,3,4,0,2771.9893578439296,1.0114042647073518,-0.17941728234291077,0.34278300573340587,0.06746627390384674,0.7231663822975748,0.1400057077407837,0.4605723753155937,0.3794233798980713,0.038646731452259914,-0.0865500420331955,0.6492777121558813,0.0552816241979599,0.7717047231159789,0.10218819,0.13634849,0.02641772,0.12229366,0.28589275,0.0139439255,0.31291527,0.1875297,0.6655685,2.308996,3.0077367,0.15163805,0.36047348,0.30992746,2.068334,1.0371118,2.1159546,0.0,0.35456997,Medullary_cords,0.0
AATAGGCACGACCCTT-1,1,77,33,6579,25339.0,6579,4214.1562,High,1,4,3,6,5,0,7,5,6012.88923895992,0.6931471805599453,-0.31194284558296204,0.09331749449032552,0.23545603454113007,0.21037073996658393,-0.11845863610506058,0.5329846136678101,-0.2910255491733551,0.11869571527524372,0.07794322073459625,0.682248907524362,0.0972025990486145,0.6093574746063853,0.015917245,0.10298987,0.06880889,0.13914621,0.2518924,0.0065389113,0.41470653,0.35572314,0.60661805,1.9838905,2.9524565,0.15588847,0.3864167,0.27429402,1.4490913,1.137275,2.2952228,0.0,0.6296173,Medullary_cords,238.76766950322232
AATAGTCCGTCCCGAC-1,1,57,57,6138,26893.0,6138,3619.8025,High,2,2,5,2,2,7,2,4,3119.510378248484,0.0,-0.22872254252433777,0.22408835708981278,-0.08604280650615692,0.651203682534576,-0.015262739732861519,0.9361976735402998,-0.05440942198038101,0.7752142671994187,-0.023927893489599228,0.9001219334169225,0.24252668023109436,0.19659658629978186,0.068392165,0.0,0.27647313,0.13606766,0.16416742,0.0,0.3548996,0.6794002,0.63147056,2.106531,2.4034464,0.21805903,0.6374375,0.36661178,1.5272601,0.7476916,3.3610759,0.0,0.38217208,Medullary_cords,238.90793205751876
AATATCAAGGTCGGAT-1,1,8,42,7533,31726.0,7533,4419.1187,High,3,8,0,0,1,5,0,6,4788.825534512612,0.6931471805599453,-0.5790937542915344,0.0007995077970500457,-0.18875545263290405,0.3178223632532945,-0.11481045186519623,0.5457602903292694,0.07491528242826462,0.6939900173808645,0.17020665109157562,0.3685283272518307,0.05398773401975632,0.7769126064545382,0.032159485,0.0,0.14042225,0.32273996,0.1544275,0.12640667,0.22384411,0.28667253,0.79502565,1.722143,2.7028174,0.24705082,0.4191169,0.28051877,1.154744,1.5526891,2.3229594,0.19070792,0.44144437,Medullary_cords,860.2894861614897
AATATCGAATCAATGC-1,1,49,109,5701,18971.0,5701,4051.7246,Medium-Low,2,10,5,2,0,4,2,4,1956.0667166536014,0.0,0.06545669585466385,0.7311051272871804,0.2121843844652176,0.26030285424975363,-0.009798921644687653,0.9590135901337467,-0.17482605576515198,0.3554773263872217,-0.05168153718113899,0.7862184113263956,0.030736656859517097,0.8719076018555899,0.051907785,0.080067776,0.33644134,0.051254936,0.18510802,0.0,0.29522017,0.36145476,0.6553106,2.325761,2.5730944,0.14292258,0.7719982,0.33877268,1.4677628,1.0265806,3.037741,0.3894065,0.54673594,Medullary_cords,365.0986168146902
AATATCGAGGGTTCTC-1,1,27,101,5976,19095.0,5976,4344.201,Medium-Low,5,0,4,1,0,2,1,1,1592.3017930028213,1.0114042647073518,-0.3396684527397156,0.06629563230150849,0.18951307237148285,0.31584797992339647,-0.27216261625289917,0.14567375986985068,-0.34282243251800537,0.06365609848790293,-0.2783282995223999,0.13640879654485621,0.09426990896463394,0.6202447753697088,0.10336778,0.21449769,0.0,0.2621091,0.32203504,0.0,0.0979904,0.19485597,0.68944556,2.165775,2.81539,0.19485597,0.70873845,0.2759688,1.7918166,1.3384287,2.0356429,0.10528496,0.18961799,Medullary_cords,239.26763257908496
AATATTGGAGTATTGA-1,1,36,22,3928,10951.0,3928,3719.9795,Low,0,7,6,5,3,6,3,0,4549.71647468279,0.8675632284814612,-0.1514853686094284,0.4242376757486059,0.39950913190841675,0.02872663784326088,0.33144688606262207,0.07357727458442019,-0.4731951355934143,0.008266361977935332,-0.3196013867855072,0.085136653394253,0.24645200371742249,0.1892254426039967,0.17886789,0.0,0.64846814,0.08071667,0.054378077,0.03756925,0.0,0.24596262,0.37505114,1.763998,2.603387,0.08109445,0.42193252,0.6978855,1.4238565,0.8959789,2.1125443,0.0,0.5406297,Medullary_cords,137.0
AATCAGACTGCAGGAC-1,1,5,23,7553,32440.0,7553,4421.331,High,1,8,3,6,1,5,7,5,5970.395296795682,1.0042424730540764,-0.4981606900691986,0.005085722975031608,-0.42795276641845703,0.01831621289472405,0.1556507796049118,0.4114569638033023,-0.07316526770591736,0.7008078659811222,-0.2269887924194336,0.22771600170596515,-0.17555275559425354,0.3534496224477453,0.03461182,0.09673419,0.0,0.13247961,0.18565248,0.090022355,0.46049955,0.5834904,0.5819297,2.0107396,2.913296,0.14902651,0.60294306,0.31350985,1.4923254,1.0146985,1.7043262,0.13434955,0.62773865,Medullary_cords,238.76766950322232
AATCAGGTTTCATTTA-1,1,69,33,4149,10503.0,4149,3957.2783,Low,3,1,0,0,5,0,5,6,5303.438318675913,0.45056120886630463,-0.2502380907535553,0.18230030873798223,-0.039371803402900696,0.8363497069888705,-0.026806175708770752,0.8881782681760856,0.030542142689228058,0.8727116663016984,-0.29278841614723206,0.11637808565732832,0.3485795855522156,0.059050216610720276,0.06384288,0.0,0.26549298,0.546319,0.0,0.07900212,0.045342974,0.4364871,0.5675617,1.6614096,2.702015,0.0836254,0.38416234,0.5032336,0.876837,1.4738252,1.9580431,0.0,0.62766695,Medullary_cords,364.3295211755424
AATCATGTAAAGACTC-1,1,54,98,6593,24011.0,6593,4226.304,Medium-High,2,10,0,3,0,4,6,3,2036.5348020596161,1.3296613488547582,0.3096460998058319,0.09588341436585303,0.03279799222946167,0.8633944861472649,0.016802296042442322,0.9297769297436219,0.2841908931732178,0.12800510351296257,0.058924734592437744,0.7570940917240029,0.31950312852859497,0.08523801866046064,0.06283566,0.052839965,0.1379424,0.06242602,0.24435383,0.16492687,0.27467525,0.56712544,0.57482696,2.405677,2.8092365,0.11926633,0.35033336,0.278418,1.8117766,0.7870545,2.7231636,0.23853266,0.6123755,Medullary_cords,0.0
AATCCAAGGGCCTGAG-1,1,13,47,6722,24989.0,6722,4365.999,Medium-High,3,8,0,0,1,5,0,3,4114.050315686477,1.0114042647073518,0.24087509512901306,0.19975662137851252,0.03990727663040161,0.834154367574308,-0.35310930013656616,0.05561350774699242,-0.16248184442520142,0.39097212130265513,-0.24421878159046173,0.19339509270252223,-0.2655748128890991,0.15606718747834755,0.051423497,0.0,0.1694277,0.2799477,0.21347697,0.15166198,0.13406223,0.32642496,0.8435641,1.8457737,2.9160924,0.18907619,0.4701041,0.44921815,1.1351863,1.2714097,2.6032495,0.0,0.29975793,Medullary_cords,495.9858868959882
AATCCATGCAAGGGTG-1,1,8,26,6807,26338.0,6807,4330.389,High,3,8,2,0,1,5,5,6,5578.715353914376,0.0,-0.7205281257629395,7.116608958714788e-06,-0.24051329493522644,0.20045352097322794,0.32571879029273987,0.07900527024610592,-0.04552546516060829,0.8111974768127184,-0.32224801182746887,0.0824408446349883,0.015515829436480999,0.935141878888155,0.04069823,0.07555633,0.06498045,0.53284824,0.22185467,0.0,0.064062096,0.27061814,1.3082718,1.4723086,2.446094,0.110856816,0.5923014,0.30679938,1.0981835,1.9653237,1.6599423,0.22171363,0.22089656,T_cell_zone,364.9465714320385
AATCCCGCTCAGAGCC-1,1,76,56,5667,19837.0,5667,4002.7546,Medium-Low,3,4,0,0,2,1,0,6,5056.355406812302,0.37677016125643675,-0.3632105886936188,0.04851660280474563,-0.16976125538349152,0.3698013946397601,-0.4619920253753662,0.010165037556861626,-0.028621573001146317,0.8806572881244787,-0.2488691508769989,0.18478342202311915,0.41740143299102783,0.02173636406205312,0.07508851,0.0028669594,0.02878418,0.35158327,0.36279872,0.0,0.17887844,0.24412689,1.006321,1.9705331,2.596562,0.18922077,0.61654806,0.30420578,1.2097313,1.3517579,2.382811,0.0,0.06803903,Medullary_cords,630.3348316569536
AATCGAGGTCTCAAGG-1,1,76,80,4290,11402.0,4290,3967.5115,Low,0,6,7,4,2,1,4,0,4584.793343216245,1.0042424730540764,-0.5368413925170898,0.002223596304886599,0.3707119822502136,0.04372708058139034,0.47217705845832825,0.008425494511488838,-0.12055973708629608,0.5256922183604242,-0.09339737147092819,0.6234993619620937,0.5205193161964417,0.003189825792179095,0.16308543,0.18245688,0.1533608,0.21966141,0.24789973,0.03353582,0.0,0.0,0.582852,2.2920866,2.8857112,0.07871195,0.44148314,0.3627712,2.1056347,0.89791954,2.0633514,0.0,0.20989853,B_cell_zone,0.0
AATCGCCTCAGCGCCA-1,1,39,79,4457,11562.0,4457,4038.1772,Low,5,2,4,1,0,4,1,1,630.9080757130947,0.6931471805599453,-0.014313540421426296,0.9401583051350709,0.039981868118047714,0.8338486530762073,-0.019530393183231354,0.9184102112426997,-0.017203152179718018,0.9281058455561527,-0.5082436203956604,0.004136762339585644,-0.07927251607179642,0.6771171264151248,0.094085544,0.1318881,0.107330464,0.08726249,0.1552582,0.0,0.42417514,0.35925388,0.39225638,2.5283115,2.7353873,0.077906094,0.5191945,0.077906094,1.8602428,0.88740593,2.3850446,0.0,0.31712893,Medullary_cords,0.0
AATCGCGCAGAGGACT-1,1,42,114,5807,19381.0,5807,4139.2,Medium-Low,2,10,5,3,0,4,6,3,1852.9182388869726,0.0,-0.2407343089580536,0.2000276046588844,0.20230047404766083,0.28367660036067655,-0.07818304747343063,0.6813220142181486,0.047756046056747437,0.8021242255336618,-0.041869767010211945,0.8261190865874165,0.14436650276184082,0.4465799603973332,0.04317285,0.0017441923,0.19941138,0.14667688,0.073001064,0.1961925,0.33980116,0.42420354,0.7236893,2.1616645,2.6499858,0.05200907,0.700494,0.4689778,1.4396303,0.98847127,2.5406582,0.45852634,0.72330016,Medullary_cords,601.4000332557357
AATCGGGACACTACGA-1,1,8,60,6281,20947.0,6281,4378.268,Medium-High,1,8,4,6,6,3,7,5,4076.989085096991,1.0114042647073518,-0.2556890845298767,0.1726449058506726,-0.19135482609272003,0.311080132431642,-0.022160712629556656,0.9074657675990649,0.17972345650196075,0.3419463278566267,0.012086458504199982,0.9494563646922478,0.14672821760177612,0.4390985750896855,0.12905276,0.0038887435,0.039801884,0.08525028,0.23743486,0.008822453,0.495749,0.23014933,0.42311502,2.2381966,2.9477649,0.19489062,0.34218138,0.1813623,1.7528485,0.82334274,1.8578534,0.09757401,0.5215786,Medullary_cords,137.92751719653333
AATCGTGAGCCGAGCA-1,1,67,83,6031,19903.0,6031,4305.599,Medium-Low,1,6,3,6,2,1,1,1,3491.1101386235296,0.45056120886630463,-0.046137258410453796,0.8087064685279719,-0.1787155270576477,0.3447053436626475,-0.37080320715904236,0.04367124923717082,-0.16990387439727783,0.3693934681592959,0.29273343086242676,0.11644986290324988,0.18828240036964417,0.31905902191838104,0.057461668,0.08231669,0.15109625,0.10250282,0.15376547,0.009436873,0.44342023,0.2904918,0.5850028,2.184573,2.8818524,0.34137782,0.6203713,0.26755944,1.5888801,0.8226007,2.0405903,0.5613774,0.5090814,Medullary_cords,239.26763257908496
AATCTAGGTTTACTTG-1,1,52,16,6852,32198.0,6852,3789.013,High,2,7,5,2,3,0,2,4,5232.114773205954,0.0,-0.11604683101177216,0.541414546750434,-0.3636323809623718,0.04823669914642191,-0.34026002883911133,0.06579416565951574,0.10178058594465256,0.5925251093010107,0.25619247555732727,0.1717718450909208,0.21755795180797577,0.24814009145430982,0.051976677,0.0,0.26375827,0.25651455,0.114799015,0.117282614,0.19566889,0.28711903,0.6200602,2.1133103,2.6026258,0.24882609,0.41946286,0.25883645,1.1467292,0.9972019,3.155579,0.26952484,0.44344497,Medullary_cords,691.1215522612503
AATCTATGCCGGAGCC-1,1,26,110,7379,29944.0,7379,4574.7637,High,4,0,1,4,0,2,4,7,2087.9659958916955,0.0,-0.7069478034973145,1.2586465576459365e-05,0.17279775440692902,0.36117347094210833,0.4951065182685852,0.005407512519885493,-0.0945117250084877,0.6193440348211522,-0.6886937022209167,2.5819444123756232e-05,-0.2108137458562851,0.26346654622939697,0.14080442,0.1364285,0.026057702,0.17549117,0.38481104,0.02010343,0.116303794,0.06395002,0.46997142,2.2215033,2.695865,0.036020778,0.3226965,0.9540015,2.0983036,0.8383846,1.9483558,0.072041556,0.31193408,B_cell_zone,0.0
AATCTCTACTGTGGTT-1,1,38,10,3850,11446.0,3850,3527.0435,Low,5,7,6,5,3,6,3,1,5369.015738475722,0.6365141682948128,-0.2268996238708496,0.2279036382653553,-0.06255117803812027,0.7426313381262477,0.03445813059806824,0.8565491131544455,0.13434894382953644,0.4790628762985329,-0.07752975821495056,0.6838479401377227,-0.07132589817047119,0.7079984591352401,0.1909545,0.33070102,0.041009404,0.16241564,0.0,0.033256136,0.24166323,0.20482819,0.39138234,2.2122207,2.7952921,0.07849231,0.69297683,0.3618128,1.8283546,0.74142134,1.6332451,0.0,0.27310425,B_cell_zone,0.0
AATCTGCGTTGGGACG-1,1,32,92,5353,14937.0,5353,4311.2744,Low,3,0,2,0,0,2,0,6,769.4394063212516,0.0,0.24349817633628845,0.19475403988497478,-0.12189114093780518,0.5210963563098819,-0.2100469321012497,0.2652473886243015,-0.28169748187065125,0.13153148317838653,-0.09869098663330078,0.6038629218955069,-0.10413892567157745,0.5839334431635215,0.04798948,0.008648607,0.19668245,0.4606153,0.20415393,0.0,0.08191019,0.5092744,1.0385019,1.7443893,2.487285,0.19219172,0.53274584,0.23434095,1.1264429,1.4099704,1.6997898,0.21242628,0.3686536,Medullary_cords,600.4839714763417
AATCTGGCTTTCTAGT-1,1,51,15,6620,25630.0,6620,4161.3423,High,2,7,5,3,3,0,6,4,5260.735785039959,0.0,-0.29278382658958435,0.11638407556361259,-0.26229673624038696,0.16143250000725573,-0.2653539478778839,0.1564246128952968,-0.13002049922943115,0.4934657302092577,0.3781963586807251,0.03933217696641185,-0.32531189918518066,0.07940224187126765,0.032850243,0.053844076,0.3355418,0.082629286,0.0,0.0,0.4951346,0.37300196,0.5617291,2.2794354,2.746766,0.39555025,0.41006166,0.51015127,1.6100558,1.0080494,2.693853,0.8927419,0.6671025,Medullary_cords,716.0733202682529
AATCTGGGTAGACCCT-1,1,4,94,6146,21676.0,6146,4166.469,Medium-High,2,12,0,6,6,3,2,3,4092.8887109228854,1.0986122886681096,0.12498906999826431,0.5104788967121995,0.3523329198360443,0.05619108994700617,-0.2671389579772949,0.15355268050922968,-0.030321624130010605,0.8736233755774602,-0.19088439643383026,0.31229366884499893,-0.08987974375486374,0.6366903013283322,0.053945303,0.06502401,0.13649124,0.23252639,0.20743975,0.0,0.30457333,0.28675556,0.6011755,2.0941713,2.6943102,0.09484933,0.77997804,0.12914795,1.4147295,1.033917,2.8788817,0.09484933,0.39858708,Medullary_cords,239.00209204105306
AATGACAGCAATGTCT-1,1,48,30,6325,20550.0,6325,4416.591,Medium-High,3,9,2,0,3,6,0,6,4167.899350992056,0.45056120886630463,-0.1743013560771942,0.3569456941257374,-0.17154330015182495,0.36472331077278275,-0.10127592086791992,0.5943707462983624,-0.011171936988830566,0.9532764426204118,0.042251892387866974,0.8245564746775327,0.08245207369327545,0.6649000502944129,0.0,0.067663364,0.1858571,0.31160733,0.17401029,0.22407275,0.03678909,0.30611786,0.83029467,1.5533192,2.7713273,0.14869489,0.5357579,0.409125,1.0178214,1.4031951,2.177046,0.09912992,0.631518,Medullary_cords,414.90360326225175
AATGACGTAGGATGTC-1,1,44,78,4865,12990.0,4865,4149.4194,Low,2,2,4,3,0,4,0,3,995.2070136408806,0.45056120886630463,0.15881779789924622,0.40188597276755195,-0.3166631758213043,0.08820780731989872,0.12294627726078033,0.5174680846412187,-0.6105060577392578,0.0003400120460088353,0.08177526295185089,0.6674937073026073,-0.17118355631828308,0.3657450979759066,0.081760295,0.0004287584,0.06190267,0.062030308,0.29378474,0.28033546,0.2197578,0.30441368,0.3172111,2.439494,2.9417827,0.14274499,0.33063805,0.14274499,1.7362015,0.9081223,2.4235225,0.0,0.5800371,Medullary_cords,137.55726080436466
AATGACTGTCAGCCGG-1,1,23,47,5898,19281.0,5898,4310.321,Medium-Low,1,3,0,3,1,5,6,3,3345.2019371033493,1.3296613488547582,-0.2940690815448761,0.11471559521973307,-0.23506030440330505,0.21116066337331166,-0.09473813325166702,0.6185011761577819,-0.3124394118785858,0.09276964277203086,-0.2047603875398636,0.2777377328706467,0.11976076662540436,0.5284595509914601,0.05276537,0.0552956,0.067297734,0.079849064,0.11250009,0.24059518,0.39169702,0.3514649,0.42151064,2.271091,2.886064,0.19340725,0.4563616,0.33458716,1.7775223,1.0311267,2.3225079,0.28235984,0.5808048,Medullary_cords,138.42326394071193
AATGAGTTCGCATATG-1,1,15,21,7266,29120.0,7266,4442.4,High,0,11,7,4,1,5,4,0,5372.076879569018,1.0986122886681096,-0.6326226592063904,0.00017607790979055365,-0.09034673869609833,0.634932698098392,0.14502987265586853,0.44447165770524794,0.11990957707166672,0.5279435967812359,-0.44866636395454407,0.012888530726142575,-0.15617810189723969,0.40985454355235507,0.083469965,0.00021296268,0.076234944,0.25838652,0.39354506,0.0,0.18815057,0.25052923,0.63887703,2.0810578,2.715736,0.20451811,0.53295064,0.5693705,1.8532773,1.1898155,2.3249638,0.07380435,0.3900816,Medullary_cords,0.0
AATGATGATACGCTAT-1,1,23,93,6177,21159.0,6177,4307.97,Medium-High,3,5,2,0,4,2,5,6,1828.8818988660805,0.0,-0.3788338601589203,0.03897484529747922,-0.3913836181163788,0.03245522093051326,0.06239379569888115,0.7432572605949175,0.4009665250778198,0.028096298154615826,-0.06591818481683731,0.7292795932029352,-0.07360948622226715,0.6990750601791138,0.03887279,0.0,0.098344095,0.3374155,0.040858343,0.27046067,0.21404855,0.14515054,0.93961364,1.738375,2.4852772,0.15874958,0.64883584,0.34630072,1.2146028,1.6086719,2.2040737,0.09676703,0.38708133,Medullary_cords,238.76766950322232
AATGATGCGACTCCTG-1,1,25,101,7086,26516.0,7086,4457.661,High,1,0,3,6,4,2,7,5,1795.6508569318257,1.0114042647073518,-0.051481954753398895,0.787025131304638,-0.036519892513751984,0.8480619293124951,-0.1483488231897354,0.43400449831010957,-0.15994706749916077,0.3985040243349571,-0.12194818258285522,0.5208998925437397,0.0751214325428009,0.6931884080598154,0.054757044,0.0,0.0,0.14338493,0.34272754,0.0,0.45913044,0.25381893,0.55045784,1.9408095,2.841268,0.19496232,0.65500885,0.39981556,1.5440104,0.8732002,2.0170572,0.08000055,0.5263687,Medullary_cords,237.9012400135821
AATGCAACCGGGTACC-1,1,25,59,7183,26711.0,7183,4551.47,High,1,3,4,6,1,2,7,1,2531.54182268435,0.45056120886630463,-0.13404323160648346,0.48007295451145554,0.22639885544776917,0.2289593347727389,0.3805443346500397,0.03802895194091242,-0.12017254531383514,0.5270324294825177,-0.1604274958372116,0.3970701603174063,0.12327250838279724,0.5163487889385117,0.088260114,0.06564053,0.06708536,0.19681594,0.22964919,0.0152980285,0.3372508,0.28106385,0.5644323,2.2844183,2.901423,0.03975267,0.37820718,0.2987447,1.864972,1.014473,1.9564172,0.37825006,0.51996994,Medullary_cords,0.0
AATGCACCAAGCAATG-1,1,19,97,7570,35062.0,7570,4359.2427,High,5,5,3,1,4,2,1,1,2358.330977619554,1.0114042647073518,-0.12535086274147034,0.5092459460851421,-0.19273164868354797,0.30754535680848594,-0.06479530781507492,0.7337239210720825,0.20323632657527924,0.2814077054393176,0.03512255847454071,0.8538122552793419,0.057715434581041336,0.7619351486551219,0.09795304,0.21437201,0.023072176,0.12064527,0.35658357,0.0,0.1873739,0.18926218,0.54213166,2.086748,2.7355695,0.15052794,0.5538722,0.4830018,1.7523301,0.9152245,1.8798947,0.11284584,0.22569168,Medullary_cords,495.9858868959882
AATGGTCCACCGTTCA-1,1,30,16,7090,28893.0,7090,4292.1567,High,1,7,4,3,3,6,2,3,5047.442916963004,1.0114042647073518,0.04802054539322853,0.8010499778086746,0.1271546185016632,0.503121018104562,-0.06830258667469025,0.7198707942026609,0.1688188761472702,0.3725034826268959,-0.47720977663993835,0.007663369036023364,-0.3250887095928192,0.07962064030669368,0.13714881,0.00124317,0.12320247,0.27201167,0.26621717,0.0,0.2001768,0.29959622,0.82960576,2.2774453,2.860873,0.30340248,0.49535656,0.31811404,1.6558416,1.0412192,2.3032994,0.20582975,0.23251548,Medullary_cords,138.0
AATGGTTCTCACAAGC-1,1,19,35,6008,20710.0,6008,4202.8564,Medium-High,3,11,2,0,1,5,5,6,4300.11685887721,0.0,-0.41812223196029663,0.021487129073902666,-0.08907803148031235,0.639712169157795,0.07407590746879578,0.6972572396114919,0.019816942512989044,0.9172171685895296,-0.010210871696472168,0.9572920324110724,0.3071361482143402,0.09874817619387208,0.07757694,0.0,0.29233384,0.50365305,0.12643622,0.0,0.0,0.38183132,1.1932665,1.6380918,2.634459,0.3794089,0.5968843,0.30893558,1.0032794,1.6218001,2.171492,0.1689702,0.24397594,Medullary_cords,497.96586228375133
AATGTATGGCACTGTA-1,1,65,9,3842,9732.0,3842,3862.2913,Low,0,1,6,4,5,0,4,0,6327.27461076252,1.0114042647073518,0.3411363661289215,0.06505674857664,0.023357003927230835,0.9024935119879288,0.15022584795951843,0.42814498889525776,0.010410657152533531,0.9564571873713509,0.2105145901441574,0.26416037318025215,0.01248164102435112,0.9478059696270789,0.09729899,0.13147749,0.0,0.1812223,0.25560117,0.33440003,0.0,0.08835278,0.7505886,2.3494656,2.841669,0.08835278,0.40465885,0.6085625,2.057076,1.1924952,1.7565196,0.0,0.35341114,B_cell_zone,0.0
AATGTGCCCGAGGTGT-1,1,55,27,6359,23663.0,6359,4097.6465,Medium-High,2,9,5,3,5,0,6,4,4666.88814950605,0.0,-0.38903212547302246,0.03360442272824977,-0.2885466516017914,0.12201232080868883,-0.09734316915273666,0.6088376462290114,0.04945177584886551,0.7952433374082658,0.13132956624031067,0.4890868497597597,-0.049451593309640884,0.7952440773113953,0.057760652,0.00124064,0.2610333,0.12506275,0.0,0.0032059555,0.5516967,0.20192672,0.55956626,2.2464447,2.7946784,0.15315194,0.48197094,0.20876318,1.5572007,0.9625856,2.9685388,0.7163099,0.5550456,Medullary_cords,137.55726080436466
AATGTGCTAATCTGAG-1,1,66,32,6384,22909.0,6384,4272.979,Medium-High,3,1,2,0,5,0,5,6,5109.714082020637,0.0,-0.3088787794113159,0.09675244811046166,-0.26424768567085266,0.15822370683600115,-0.171608567237854,0.36453811228811256,0.07488871365785599,0.6940933529170087,0.11172933876514435,0.5566606727818699,0.34457141160964966,0.06222817339045385,0.042953625,0.0,0.13230306,0.42474148,0.13204013,0.0,0.26796168,0.29873234,0.9987539,1.5546398,2.3908958,0.33996236,0.5739182,0.3667315,1.0467945,1.5656161,1.8756173,0.18110816,0.44494706,Medullary_cords,552.6988330003963
AATGTTAAGACCCTGA-1,1,75,81,4752,12806.0,4752,4138.6934,Low,0,6,7,4,2,1,4,0,4457.951323197686,0.6931471805599453,-0.40304726362228394,0.027215916802922208,0.30213263630867004,0.10465103629005648,0.37232691049575806,0.04274709625142267,-0.07859964668750763,0.6797130038491175,0.10426147282123566,0.5834884947578968,0.43070125579833984,0.01750244314584979,0.12134268,0.00062794425,0.02464349,0.18882039,0.2999897,0.0,0.36457577,0.18973616,0.5009635,2.1335046,2.9279847,0.072143,0.4581817,0.5512658,2.1753101,0.9663634,1.8495371,0.2351863,0.42182404,B_cell_zone,0.0
AATTAAAGGTCGGCGT-1,1,40,50,4551,13935.0,4551,3786.0483,Low,1,9,3,5,3,7,3,5,2626.545449825683,0.6365141682948128,-0.09600618481636047,0.6137893418298891,0.15592901408672333,0.4106110309028819,-0.054226212203502655,0.7759520162950517,0.17933529615402222,0.3430072580113006,-0.145173579454422,0.44401564157539153,-0.06938764452934265,0.7156023283872754,0.09146624,0.0,0.0043778704,0.059445627,0.17702536,0.23762147,0.43006346,0.13524204,0.18770276,2.272732,2.9455087,0.17888172,0.42538446,0.42538446,1.7548702,0.6709987,2.0241215,0.13524204,0.5200631,Medullary_cords,138.00362314084367
AATTAACGGATTTCCA-1,1,58,66,6895,25525.0,6895,4449.3228,High,1,2,0,3,2,1,6,3,2834.442449583339,0.45056120886630463,-0.1625923216342926,0.39064571677791876,-0.005344538018107414,0.9776386155717127,0.09994099289178848,0.5992647112354932,-0.2064327895641327,0.2737461653640821,-0.3697735071182251,0.0443047579732926,0.25606927275657654,0.17198523376653457,0.039437685,0.050802454,0.15547806,0.117378555,0.13603003,0.000989375,0.4998839,0.4374771,0.5734011,2.1430194,2.7555273,0.2211205,0.37195754,0.3967795,1.5068388,1.1519177,2.3589377,0.45460486,0.6595768,Medullary_cords,238.90793205751876
AATTACGAGACCCATC-1,1,59,5,4115,10430.0,4115,3961.8018,Low,5,1,6,1,5,0,1,1,6242.655604788719,0.6931471805599453,-0.039722248911857605,0.8349128090848148,0.007861986756324768,0.9671104247631915,-0.28144577145576477,0.13189138675816592,0.5076994299888611,0.004183792715063838,-0.08612824976444244,0.6508791003893191,0.10525385290384293,0.5798908421862341,0.08108561,0.003556433,0.0,0.35431057,0.0,0.31778148,0.2432659,0.08403977,0.9359249,1.9375417,2.8364565,0.16807954,0.47128314,0.5055198,1.7333063,1.677246,1.6440068,0.0,0.5810203,B_cell_zone,137.92751719653333
AATTAGCGCTGCAGCG-1,1,51,63,5105,15096.0,5105,4055.7527,Low,2,2,5,2,2,7,2,4,2321.1921505984806,0.0,0.027432039380073547,0.8855842793336198,0.10448025166988373,0.5826945165427845,-0.16537930071353912,0.38246347956685556,0.35372161865234375,0.055161283340854135,0.015420271083712578,0.9355404996691274,-0.2189381718635559,0.2450777625180385,0.06937719,0.0,0.12042246,0.2688867,0.2818256,0.0,0.2594881,0.34801272,0.66892767,2.078897,2.6669838,0.40151885,0.5804485,0.48536354,1.38292,1.2376982,2.8445535,0.21091434,0.35182017,Medullary_cords,630.7154667518469
AATTATACCCAGCAAG-1,1,75,89,4276,9922.0,4276,4163.6475,Low,5,6,7,1,2,1,1,1,4432.721962857585,0.9556998911125343,-0.07097211480140686,0.7093843430141527,0.2645943760871887,0.15765830482801446,0.2997233271598816,0.10758609124144872,0.24865634739398956,0.18517153902190955,-0.12962773442268372,0.49478340209355187,0.1945246011018753,0.30298006722348775,0.06568453,0.19952394,0.09439188,0.13362588,0.071747534,0.32866034,0.10636588,0.17428018,0.38706785,2.0793586,2.869534,0.0,0.62428796,0.52284056,1.7719934,0.71594,2.014268,0.0,0.6971207,Medullary_cords,137.92751719653333
AATTCATAAGGGATCT-1,1,23,91,6965,25479.0,6965,4487.3,High,3,5,2,0,4,2,5,6,1808.3177265071533,0.45056120886630463,-0.466435968875885,0.009372127432534565,-0.3816121816635132,0.03744784562321166,-0.11505346745252609,0.5449048264286513,0.19259880483150482,0.30788531267230973,-0.04290928691625595,0.8218697548433563,0.0035310834646224976,0.9852250238198106,0.10946539,0.0,0.07135775,0.616505,0.0,0.015685365,0.18698645,0.23031089,1.0146632,1.7827617,2.565565,0.19660713,0.8334838,0.31043163,1.2416785,1.6284769,1.8563123,0.0,0.34222275,Medullary_cords,238.40302011509837
AATTCATTGTCATGCA-1,1,63,9,616,886.0,616,1659.7195,Low,5,1,6,5,5,0,3,1,6208.367337714481,0.45056120886630463,0.20451591908931732,0.2783243339782529,0.03204739838838577,0.8664926816300377,0.08024122565984726,0.6733862851564187,-0.06767407059669495,0.7223470793051917,-0.06517171114683151,0.7322331750288485,0.007412277162075043,0.9689908021595423,0.4635232,0.0,0.0,0.22567959,0.09958001,0.0,0.21121721,0.0,0.63008356,1.9530361,2.8025172,0.0,0.0,0.0,0.9451254,0.4182589,1.1341505,0.0,0.0,Medullary_cords,137.92751719653333
AATTCCAAGCATGTAC-1,1,66,58,6695,23320.0,6695,4442.545,Medium-High,1,4,0,3,2,1,6,3,3938.798040011699,1.0114042647073518,-0.19083881378173828,0.31241141187241595,0.0808277502655983,0.6711310523942686,0.007950564846396446,0.966740071946693,-0.08900303393602371,0.6399951451432432,-0.411900132894516,0.023717944988156076,0.24320454895496368,0.19530966839415523,0.05052057,0.0042554475,0.027972441,0.18281837,0.32529157,0.011582628,0.397559,0.4642005,0.62224877,2.1324785,2.9370153,0.34744596,0.53046435,0.42329335,1.6456525,1.1050026,1.9862256,0.3989025,0.56412697,Medullary_cords,138.42326394071193
AATTCGATTCGAGGAT-1,1,66,76,5765,17930.0,5765,4294.377,Medium-Low,5,6,0,1,2,1,1,1,3454.252451689077,0.6931471805599453,0.1498246043920517,0.42939387997627637,-0.32542794942855835,0.07928886489587457,-0.31087708473205566,0.09450160635960916,0.13171854615211487,0.4877895211229653,0.08714484423398972,0.6470220723082875,0.1328323781490326,0.4840843925039254,0.10105579,0.08561987,0.09959274,0.13775843,0.11327166,0.22721177,0.23548964,0.23907807,0.42132097,2.273428,2.733613,0.05540576,0.59015155,0.40894717,1.6530806,0.9926113,2.0856965,0.11081152,0.36264065,Medullary_cords,138.0
AATTCTAGAGTTAGGC-1,1,49,63,3772,9920.0,3772,3577.7632,Low,2,2,5,2,0,7,2,4,2166.9732347216473,0.0,-0.13926975429058075,0.46295644400337205,0.03771700710058212,0.8431416101829778,-0.030223026871681213,0.8740310662906426,0.01639430783689022,0.9314780465723795,0.3827480673789978,0.03683757303104726,-0.10873398929834366,0.5673527967186046,0.11438544,0.0,0.30079496,0.31913447,0.15301141,0.0,0.112673774,0.43550825,0.7141785,2.212308,2.5919735,0.17430547,0.62462133,0.17430547,1.2175629,1.2351906,3.0972207,0.0,0.3002106,Medullary_cords,497.9327263797791
AATTGAACGCTCTGGT-1,1,45,83,5884,17830.0,5884,4440.551,Medium-Low,0,10,7,4,0,4,4,0,906.9531410166679,1.0114042647073518,-0.186513751745224,0.32370896965355567,-0.02816142328083515,0.8825626985058664,0.15123608708381653,0.42500943410137904,-0.15560495853424072,0.4115963700291769,-0.25803977251052856,0.16859473353884286,0.0323418527841568,0.8652770405388033,0.08692326,0.07658607,0.055095915,0.1579971,0.16977867,0.453619,0.0,0.0,0.65956265,2.3267531,2.8973825,0.16696206,0.44904456,0.27302784,2.1458719,1.0437956,2.230213,0.0,0.4773343,Medullary_cords,0.0
AATTGCAGCAATCGAC-1,1,64,102,6251,26308.0,6251,3776.3818,High,2,13,5,2,7,1,3,4,3260.2650199025234,0.6365141682948128,0.16694754362106323,0.3779033217511769,0.18463130295276642,0.3287037022362637,0.045042455196380615,0.8131654030905214,0.013359561562538147,0.9441402899261433,-0.13120311498641968,0.4895089689446475,-0.04534084349870682,0.8119495479284278,0.057981126,0.0,0.2278247,0.20416556,0.26010102,0.006427395,0.24350017,0.2861782,0.5938009,2.090189,2.6451445,0.19149807,0.47518548,0.040271938,1.459388,1.0420401,2.8714428,0.080543876,0.54784936,Medullary_cords,476.80604023019674
AATTGCGTGGATTACA-1,1,67,9,6288,25293.0,6288,4082.462,High,0,1,7,5,5,0,4,0,6453.221598550603,0.7963116401738131,0.5632230639457703,0.0011928967226247427,0.16584038734436035,0.38111942876242677,-0.11088107526302338,0.5596791688537955,-0.03151881694793701,0.86867565253166,-0.01959344744682312,0.9181476710306837,0.3263329565525055,0.07840896794107492,0.091836534,0.11841816,0.08289775,0.11817394,0.30479693,0.17391884,0.109957844,0.19138317,0.686392,2.1478515,2.941933,0.072832465,0.40057963,0.52032995,1.9030119,1.0134631,2.2468677,0.083294846,0.26369965,Medullary_cords,0.0
AATTTGGGACATAGTA-1,1,13,91,6662,23909.0,6662,4508.3643,Medium-High,4,5,7,7,4,3,8,7,3001.670368311617,0.45056120886630463,-0.45973050594329834,0.010589738208096193,-0.03078651987016201,0.8717015029292132,0.3119257688522339,0.0933363784435131,0.07754957675933838,0.683771262876871,-0.24958588182926178,0.18348041385889646,-0.014483755454421043,0.9394479597714258,0.22395363,0.0,0.2893634,0.3654435,0.07474468,0.0007148988,0.04577992,0.45692468,0.7000264,2.2178156,2.6109028,0.13103919,1.785285,0.71993107,1.948226,1.2647896,1.9280674,0.20326644,0.32774383,B_cell_zone,0.0
AATTTGGTTCCAAAGA-1,1,11,67,6887,26432.0,6887,4435.429,High,0,5,7,4,6,3,4,0,3541.7663672241283,1.0114042647073518,0.07842586934566498,0.6803840082766249,-0.14675191044807434,0.43902386798096793,-0.42111027240753174,0.020478873894655365,-0.08479974418878555,0.6559328760509462,-0.18019872903823853,0.3406500059450968,0.05317207798361778,0.7802004992148062,0.16796552,0.0,0.012455494,0.17047444,0.15162246,0.17967877,0.31780332,0.17502564,0.53455096,2.4247587,2.832458,0.08021803,0.609495,0.47157985,2.1311374,0.8652434,1.8833339,0.16043606,0.33348945,B_cell_zone,0.0
ACAAACCATGCGTCCT-1,1,64,16,1676,2908.0,1676,2906.6892,Low,4,1,6,4,5,0,4,7,5854.120770875845,0.0,-0.06844540685415268,0.7193084843661692,0.11127480119466782,0.5582771851762162,0.05979987233877182,0.753596348042596,0.2525799572467804,0.17810681094666864,0.2079552412033081,0.27014487796802156,0.1529543101787567,0.4197056943547096,0.1762123,0.008148548,0.09138693,0.038349457,0.20810522,0.068968765,0.40882874,0.0,0.33119595,1.927567,2.6819232,0.18629771,0.0,0.630598,1.6423886,0.49679393,1.7885895,0.0,0.49679393,Medullary_cords,137.92751719653333
ACAAACCGACAAGGCG-1,1,0,78,7828,37100.0,7828,4387.8535,High,0,5,7,4,6,3,4,0,4603.379302208325,0.6931471805599453,-0.6169015169143677,0.0002825202184000815,-0.20505422353744507,0.2770337282961359,0.003443188965320587,0.9855927591099327,-0.009105907753109932,0.9619101300571715,-0.016910675913095474,0.9293250878929102,0.1620710790157318,0.39218709870315216,0.20780711,0.0,0.1874733,0.06696854,0.2814472,0.0,0.25630382,0.07407239,0.6275094,2.2016497,2.8594198,0.119330876,0.43073386,0.48762333,2.0068264,0.91408896,2.1570287,0.17899631,0.2733367,Medullary_cords,0.0
ACAAACTCCATCAGAG-1,1,76,40,6949,29321.0,6949,4078.6646,High,2,4,0,2,5,0,2,4,5624.717681804128,0.37677016125643675,-0.5710312128067017,0.0009821946885253717,0.06565775722265244,0.7303096015442995,0.04157756268978119,0.8273144272128337,-0.16677692532539368,0.3783979069719919,0.010499604977667332,0.956085514876467,0.04133801534771919,0.8282946425536547,0.020524291,0.103826046,0.21661665,0.16678084,0.120751716,0.089558095,0.2819424,0.4152169,0.4734715,2.0544386,2.675389,0.20338081,0.46641186,0.22645792,1.4064999,0.84646934,2.9747627,0.1467317,0.51594794,Medullary_cords,275.0018181758077
ACAAAGCATGACCTAG-1,1,63,97,6712,29170.0,6712,3932.0295,High,2,13,5,2,7,1,2,4,3057.9695878147645,0.45056120886630463,0.01832602731883526,0.9234264349705591,-0.21355900168418884,0.25715503877916973,0.03456497937440872,0.8561088793766443,0.06304087489843369,0.7406848038733188,-0.36517584323883057,0.04722335951712624,0.025005709379911423,0.8956468042846031,0.037465062,0.045387335,0.19815171,0.12827529,0.24760357,0.19914553,0.14397149,0.27770275,0.5861024,2.094096,2.624082,0.11054874,0.4179265,0.4174763,1.3020964,0.92725444,2.7914047,0.07369916,0.37898007,Medullary_cords,275.0018181758077
ACAAATCGCACCGAAT-1,1,50,82,6481,23761.0,6481,4195.9243,Medium-High,2,10,5,2,0,4,2,4,1495.9953208482973,0.0,-0.13073520362377167,0.4910725599741465,-0.25054219365119934,0.18175188827506406,0.2570646107196808,0.17026665013753983,-0.04218374192714691,0.8248351119934796,0.29806333780288696,0.10964386727288171,-0.1169411838054657,0.5382812066924418,0.0859744,0.0010628654,0.29001546,0.20698847,0.18601689,0.0,0.22994189,0.2453054,0.59700495,2.2938616,2.6026306,0.3101228,0.71274257,0.29864478,1.5061653,1.1447891,2.822072,0.3345892,0.493015,Medullary_cords,137.00364958642524
ACAAATGGTAGTGTTT-1,1,44,84,6333,20909.0,6333,4506.61,Medium-High,0,10,7,4,0,4,4,7,770.0188309385687,0.8675632284814613,-0.03774973377585411,0.8430071790501527,0.09571340680122375,0.6148759195165969,-0.17729222774505615,0.3486241396508535,-0.03358836472034454,0.8601342439025824,-0.31961220502853394,0.085125498700731,0.01760202646255493,0.9264433207492053,0.17909132,0.11196366,0.03663788,0.30010524,0.23754634,0.0,0.13465558,0.21802074,0.729365,2.2012746,2.8252163,0.0,0.54327005,0.5766801,2.1333485,1.0002613,2.0334778,0.0,0.22374687,B_cell_zone,0.0
ACAAATTCAGATCTGA-1,1,7,103,7780,35910.0,7780,4350.851,High,1,12,3,6,4,3,3,5,3853.5439532980545,0.6365141682948128,-0.1701146960258484,0.3687909495325947,0.2338610291481018,0.21356692801107066,0.09468011558055878,0.618717115620099,-0.45132607221603394,0.012301013479525372,-0.10484996438026428,0.5813538631677475,0.18413081765174866,0.3300395513494306,0.04641702,0.039370295,0.00754772,0.13854083,0.28469944,0.18651888,0.29690588,0.22482613,0.56695217,1.9933195,3.0009913,0.17818305,0.7605838,0.23352647,1.5407692,0.8805017,1.9494991,0.12283964,0.6663693,Medullary_cords,238.40302011509837
ACAACAGCATGAGCTA-1,1,32,72,5840,18965.0,5840,4296.2085,Medium-Low,5,3,4,1,4,2,1,1,1315.015209037523,0.0,-0.038563527166843414,0.8396657655978715,-0.15550319850444794,0.4119060599123113,0.15391308069229126,0.4167622642968392,0.06293309479951859,0.7411130932070501,-0.12910674512386322,0.4965339881864338,0.05783691257238388,0.7614484478331703,0.3259776,0.0044275518,0.072668545,0.27030027,0.20113768,0.070451595,0.055036772,0.28322312,0.5960666,2.3872178,2.942555,0.10587781,0.33768785,0.10587781,1.9241023,1.0670503,1.8121734,0.28590173,0.3698461,B_cell_zone,0.0
ACAACGGTCCCTGCGA-1,1,22,30,6817,24595.0,6817,4472.432,Medium-High,1,11,4,3,1,5,6,3,4428.187552486909,1.0114042647073518,-0.5667991638183594,0.0010919516402696644,0.2935238182544708,0.115421254074169,0.002014721743762493,0.9915695704107749,-0.08563375473022461,0.6527584549367433,-0.15811949968338013,0.4039853608294709,0.1817276030778885,0.3365001695214124,0.06553944,0.12979412,0.05053817,0.1079675,0.19266737,0.1681465,0.2853469,0.53179395,0.4842489,2.4026399,2.8294618,0.30200645,0.5694367,0.33393845,1.9735142,1.0433811,1.9508753,0.3193631,0.48841873,B_cell_zone,0.0
ACAAGCAGTGCCTAGC-1,1,30,26,6638,27319.0,6638,4040.9165,High,2,7,0,2,3,6,2,4,4373.968907068271,1.0114042647073518,-0.22373497486114502,0.23463047250772462,-0.08229269832372665,0.6655104647082272,-0.24149662256240845,0.19856334314965715,0.05971883237361908,0.7539200483830116,-0.5098161101341248,0.00400340112781423,-0.07302244752645493,0.7013652916137374,0.08768409,0.0,0.23173817,0.2838858,0.14835367,0.14261195,0.10572631,0.2508468,0.5568259,2.064733,2.737025,0.34272307,0.5899345,0.41563547,1.4880714,1.1350701,2.7817333,0.077987395,0.40164322,Medullary_cords,364.3295211755424
ACAAGGAAATCCGCCC-1,1,49,75,6389,24962.0,6389,4025.882,Medium-High,2,2,5,2,0,7,2,4,1592.5705635858023,0.0,0.313260555267334,0.09186904997075489,-0.45396003127098083,0.011741440573033314,0.009716327302157879,0.9593587775826533,-0.45397278666496277,0.011738783553869824,0.3466673791408539,0.060550077951148765,-0.22854171693325043,0.2244648757857211,0.03554022,0.0012620238,0.31916273,0.13646111,0.10228669,0.0,0.40528727,0.26878464,0.5183512,2.21216,2.6528199,0.29178283,0.55554676,0.18923503,1.4268606,0.9164903,3.0693967,0.5035467,0.47423923,Medullary_cords,365.3833603217311
ACAAGGACAAGAGGTT-1,1,29,37,6147,20381.0,6147,4385.0415,Medium-High,5,11,4,1,1,6,1,1,3672.0471129875227,0.6829081047004717,0.0019677351228892803,0.9917661752019811,-0.13139557838439941,0.4888665618809993,-0.37609443068504333,0.04052900427228198,0.12625664472579956,0.5061656185729676,-0.19828815758228302,0.2935364568941636,0.18776433169841766,0.32041677335519064,0.15138812,0.097343646,0.0,0.11035496,0.41681775,0.0,0.22409548,0.41982436,0.42903233,2.3675258,2.9833677,0.09980358,0.5481906,0.2850767,2.1121197,0.903851,2.0080087,0.0,0.5747595,B_cell_zone,0.0
ACAAGGATGCTTTAGG-1,1,61,87,6642,24165.0,6642,4440.2266,Medium-High,4,6,7,4,2,1,4,7,2755.697552344959,1.3296613488547582,-0.19681204855442047,0.2972178459358562,-0.07903635501861572,0.6780278062783972,0.10272771120071411,0.5890680541611913,-0.09780298918485641,0.6071385364642804,-0.33466148376464844,0.07065999257232106,0.24904297292232513,0.18446682290157976,0.16869584,0.09236074,0.0,0.18698561,0.34596255,0.20256867,0.0034266545,0.18748888,0.7460624,2.157858,2.7595344,0.08658622,0.46034643,0.98510844,1.9578323,0.8486959,1.9565558,0.08658622,0.23089659,B_cell_zone,0.0
ACAAGGGCAGGCTCTG-1,1,44,76,4917,12992.0,4917,4260.7017,Low,5,2,4,1,0,4,1,1,1094.9050187116688,1.0986122886681096,0.13307955861091614,0.48326411501242567,-0.29578766226768494,0.11251246089697466,0.2352636754512787,0.21075445828065928,-0.5747749209403992,0.000893270710359588,0.15307462215423584,0.4193357036081909,-0.09592068195343018,0.6141065831322445,0.112936966,0.116816364,0.039893366,0.1617057,0.24289592,0.0,0.32575172,0.18786302,0.6062789,2.6240387,2.9219866,0.14271988,0.5322031,0.38260463,1.9734448,1.0699664,2.0862455,0.28543976,0.25048405,Medullary_cords,0.0
ACAAGTAATTGTAAGG-1,1,77,21,8285,40467.0,8285,4357.156,High,1,1,3,5,5,0,3,5,6565.035414984446,0.0,-0.029034340754151344,0.8789486345045574,-0.034219108521938324,0.8575340743130968,0.16854116320610046,0.3733019703990613,-0.3919169306755066,0.03219906220712939,-0.48351430892944336,0.006791722674500828,0.22663113474845886,0.22846924608294336,0.033408873,0.105307095,0.070969634,0.16246976,0.26909265,0.078332864,0.2804191,0.24678653,0.76127964,2.141835,2.805313,0.20235422,0.5889102,0.4844015,1.4600074,1.1554347,2.4792705,0.11042131,0.45149845,Medullary_cords,478.17360864020924
ACAATAGTCGTACGTT-1,1,42,20,4860,15159.0,4860,3905.1604,Low,0,7,3,5,3,6,3,0,4705.6860286253695,1.2424533248940002,-0.16861732304096222,0.3730828939658538,0.06233721598982811,0.7434823219665132,-0.1679796576499939,0.3749194831698948,0.04918307065963745,0.796332693173028,0.06090635061264038,0.7491808248446912,-0.14203843474388123,0.45402135477452554,0.12610143,0.0018158163,0.10553066,0.15236789,0.17002422,0.0,0.44415998,0.10516077,0.5365252,2.268113,2.7159421,0.063327655,0.6654998,0.54729843,1.8500164,0.98798656,1.9346955,0.12665531,0.25331062,Medullary_cords,0.0
ACAATCCATTTAAACC-1,1,36,32,3746,10743.0,3746,3557.6326,Low,5,7,6,5,3,6,3,5,3861.8551241598902,0.6931471805599453,-0.07116276025772095,0.7086374098331821,-0.1889081448316574,0.317423828301657,-0.0011817237827926874,0.9950551215706482,-0.02696874737739563,0.8875043548011216,-0.17964191734790802,0.34216902802986343,0.3168172836303711,0.0880446583428859,0.09220073,0.000360459,0.007570981,0.42902958,0.44638684,0.0,0.024451403,0.26286712,0.7980133,1.9164789,2.5355508,0.16449983,0.5940043,0.2959334,1.4192852,1.4468311,1.9038562,0.16449983,0.17524475,Medullary_cords,365.0
ACAATCGATCTTTATA-1,1,2,62,6842,26920.0,6842,4444.4463,High,4,5,1,4,6,3,4,7,4668.002677805573,0.0,0.05666437745094299,0.7661499015889263,0.15778739750385284,0.4049859771968256,0.22494852542877197,0.23203539505300685,-0.1046874076128006,0.5819431590223584,0.04325258731842041,0.820467495564714,0.25015032291412354,0.18245880507826032,0.19576254,0.0,0.188932,0.18871957,0.11390785,0.0,0.31267804,0.10893231,0.4895257,2.1475153,2.5193424,0.0,0.56500596,1.008793,1.8731759,0.7687573,1.8795147,0.0,0.21058929,Medullary_cords,0.0
ACAATGAATACGGAGA-1,1,57,31,7126,31815.0,7126,3942.0862,High,2,1,5,2,5,0,2,4,4536.134918628413,0.0,-0.0594254694879055,0.7550921779416895,0.1508154273033142,0.4263135237838098,-0.1523687243461609,0.42150911145837094,0.2073998898267746,0.2714549600562773,-0.3459794521331787,0.06109689930006938,-0.09967099130153656,0.6002566552412584,0.034732,0.04476972,0.3059117,0.09149247,0.2301001,0.1299201,0.16307394,0.1795744,0.42169285,2.2622895,2.75882,0.26594213,0.4768521,0.28154054,1.4408102,0.9448616,3.191383,0.32548916,0.53255785,Medullary_cords,138.42326394071193
ACAATGATTCTTCTAC-1,1,8,112,6967,27916.0,6967,4384.6675,High,5,12,4,1,4,3,1,1,3954.8887468549606,0.5982695885852573,0.2245112955570221,0.23296814603490432,0.31589630246162415,0.08902309866918749,-0.2190898060798645,0.2447428628162165,-0.016406212002038956,0.9314284076368514,-0.20162679255008698,0.28531711092727713,-0.08306936919689178,0.6625377668137676,0.22774419,0.00027317365,0.0,0.1786861,0.30154398,0.0067501427,0.28500235,0.10581504,0.48975435,2.4787846,2.971499,0.29351228,0.54232347,0.18769726,2.2327752,0.87661433,1.9342753,0.0,0.23113827,B_cell_zone,0.0
ACAATTGTGTCTCTTT-1,1,51,97,6104,20147.0,6104,4315.5967,Medium-Low,3,10,0,0,0,4,0,6,1676.4581712646457,0.8675632284814613,0.01712946593761444,0.9284130055901358,-0.08745098859071732,0.6458622879052612,-0.26478391885757446,0.15734980033824597,0.2842230498790741,0.1279600834434252,0.04231426119804382,0.8243014943048204,0.24577723443508148,0.19047864369946774,0.09609234,0.0,0.22224787,0.4313945,0.1623475,0.019112406,0.06880533,0.34533316,1.112991,1.8844118,2.8886518,0.21476108,0.6147173,0.15114862,1.3794334,1.2631767,2.2379093,0.20153148,0.3642016,Medullary_cords,137.0
ACAATTTGAGCAGTGG-1,1,28,82,5313,14946.0,5313,4272.7915,Low,2,3,0,2,4,2,0,3,1266.2827488361356,1.0986122886681096,-0.29738321900367737,0.11049540158869034,-0.24248234927654266,0.19668095156357113,0.04114549607038498,0.8290826048024552,0.03933482617139816,0.8365013513565763,0.33709216117858887,0.06851427923189603,0.10176573693752289,0.5925793788859542,0.10159149,0.14023247,0.1992971,0.31085145,0.23355305,0.0050086845,0.009465814,0.30784473,0.6416571,2.1741424,2.755868,0.12807414,0.5250676,0.52506757,1.4824541,1.2507261,2.1068132,0.34042376,0.31233194,Medullary_cords,137.0
ACACAAAGACGGGTGG-1,1,24,56,6054,19942.0,6054,4361.2563,Medium-Low,5,3,4,1,1,2,1,1,2768.2286755251994,0.45056120886630463,-0.026290245354175568,0.8903174741511747,0.009769074618816376,0.959138329303928,0.11058226972818375,0.5607442351112712,0.14851868152618408,0.4334724560031272,-0.16796934604644775,0.374949225736771,-0.1732596904039383,0.3598714679322154,0.15376423,0.30159554,0.015109076,0.15390521,0.29873696,0.048659712,0.028229252,0.2163628,0.22434098,2.4123774,2.8670967,0.1524128,0.60631514,0.10160853,2.2939,0.72071135,1.6783333,0.10160853,0.3670115,B_cell_zone,0.0
ACACACCAGGACCAGT-1,1,44,90,5754,17133.0,5754,4424.1123,Medium-Low,1,10,4,6,0,4,7,5,732.5032423136432,1.0114042647073518,-0.17345218360424042,0.3593297341751514,-0.054667212069034576,0.7741765229790698,-0.03998866677284241,0.833820789852287,0.019107650965452194,0.9201706067584979,-0.2133665680885315,0.2575941937070093,-0.050485771149396896,0.7910549602052275,0.111074805,0.10959619,0.2647274,0.18367407,0.0,0.0,0.33092755,0.56680816,0.6059997,2.2642012,2.8081949,0.3563834,0.9291422,0.4467733,1.6143723,0.97784925,2.1960166,0.25300103,0.4729138,Medullary_cords,137.55726080436466
ACACACTTTCTACACG-1,1,14,64,5007,14485.0,5007,4080.4922,Low,5,8,7,1,6,3,1,1,3314.993363492603,1.3296613488547582,-0.39756453037261963,0.029585569613722006,-0.24799536168575287,0.18638069681806796,-0.17628198862075806,0.3514218141750004,-0.29198333621025085,0.11743231411833684,-0.061535291373729706,0.7466744178894531,-0.05991717055439949,0.7531278928044337,0.13788714,0.12003443,0.12937963,0.05461122,0.031759538,0.5162197,0.010108407,0.16562049,0.5428058,2.3246884,2.9278412,0.23969929,0.726145,0.60220665,1.8306527,0.8219235,2.168489,0.13125792,0.41912347,Medullary_cords,0.0
ACACATGATCAAATCT-1,1,60,16,8689,43854.0,8689,4508.0845,High,1,1,0,3,5,0,6,3,5613.29751572104,1.2424533248940002,0.4573166072368622,0.011059404314997193,0.2973164916038513,0.1105792119468853,0.5316601991653442,0.0024982933794110624,0.3795977830886841,0.03855008873056625,0.3983333706855774,0.029243511598287694,0.36018455028533936,0.05056268341961353,0.02403857,0.0005616498,0.1189506,0.1393717,0.27940875,0.020151729,0.41751698,0.48545066,0.56849253,2.103936,2.751347,0.37018394,0.6815373,0.38718542,1.2246557,1.1522601,2.100769,0.35454547,0.4992677,Medullary_cords,240.00208332429116
ACACATTTCCGTAGAC-1,1,73,67,4768,13670.0,4768,3973.739,Low,1,4,3,6,2,1,7,5,4434.595922967503,0.8675632284814613,-0.2538028955459595,0.17594411964499027,-0.1255854368209839,0.5084473315730029,0.086388498544693,0.6498908521195865,-0.11864025890827179,0.5323523423510258,-0.31561776995658875,0.08932063277844066,0.16380257904529572,0.38708027416170016,0.05749121,0.00093735236,0.14876077,0.0805849,0.32752088,0.0,0.38470492,0.35107684,0.16116475,2.171887,2.8548696,0.27451783,0.42090294,0.2499398,1.607788,0.67273027,2.3133655,0.36262068,0.43098313,Medullary_cords,137.92751719653333
ACACCACATAATTAGC-1,1,31,117,7569,31853.0,7569,4458.313,High,3,0,0,0,0,4,0,6,2165.796389321951,1.5607104090414068,-0.4918383061885834,0.0057709261320547265,-0.18983276188373566,0.31501714693043587,0.17470721900463104,0.35580957412745823,0.08361740410327911,0.6604431868883919,-0.38734447956085205,0.034449290571579375,0.08382844179868698,0.6596372735429199,0.0818329,0.10367412,0.066983856,0.35774133,0.21310508,0.0,0.17666271,0.19114697,0.7633751,2.0654223,2.7375062,0.4543935,0.41279116,0.49833113,1.571155,1.3927829,2.1491005,0.068263605,0.26673397,Medullary_cords,137.92751719653333
ACACCCAGCATGCAGC-1,1,24,50,5636,17493.0,5636,4290.0083,Medium-Low,5,3,4,1,1,2,1,1,3106.976021793538,0.6365141682948128,-0.09644386172294617,0.612166500181349,-0.2673521935939789,0.15321215310671774,-0.04357872158288956,0.8191358560284472,-0.1507546752691269,0.4265020436153264,-0.040889590978622437,0.830130250437796,0.034082405269145966,0.8580974948645653,0.195673,0.0,0.043565188,0.04586711,0.11813211,0.025779715,0.5709829,0.1518105,0.50256574,2.4578283,3.002449,0.056516327,0.7673029,0.1518105,2.3014956,0.931804,1.780971,0.113032654,0.27776912,B_cell_zone,0.0
ACACCCGAGAAATCCG-1,1,19,39,6852,26232.0,6852,4360.123,High,3,11,2,0,1,5,5,6,4068.1903839422266,0.0,-0.42464888095855713,0.019335588185064406,-0.09970321506261826,0.6001382332550935,-0.024196907877922058,0.899004689831209,0.22311925888061523,0.23595453033949318,0.38042616844177246,0.0380936990031779,0.4168156683444977,0.02194065385094707,0.0097698895,0.0010940882,0.11485758,0.41404256,0.2553361,0.0,0.20489979,0.3647183,1.0650347,1.5207577,2.4726908,0.30315438,0.5275899,0.4639661,0.9328035,1.8045092,2.2330475,0.0,0.27536017,Medullary_cords,476.6686480145301
ACACCGGTCTGACCGC-1,1,65,17,2317,4547.0,2317,3290.3445,Low,4,1,6,4,5,0,4,7,5860.132848323492,1.0114042647073518,-0.32364189624786377,0.08104760551841725,0.15335671603679657,0.41846890252748953,0.07401908934116364,0.6974785938039131,0.09898599982261658,0.6027763508302888,-0.022969210520386696,0.904104946481006,0.2632960379123688,0.15978316266338485,0.20994079,0.0048668757,0.0,0.27730614,0.28260583,0.0,0.22528034,0.0,0.8335159,2.2460692,2.808106,0.14538354,0.7123424,0.54427254,2.1923754,1.2005918,1.7194555,0.58153415,0.19384472,B_cell_zone,0.0
ACACCTTAAGTAGGGC-1,1,25,43,6196,20482.0,6196,4347.121,Medium-High,5,3,4,1,1,2,1,1,3466.352838359073,0.6931471805599453,0.005866282619535923,0.9754562740850448,-0.22409608960151672,0.23385623679724193,-0.02705971896648407,0.8871272809689132,-0.4449828863143921,0.013740773999873212,-0.32211723923683167,0.08257249221212631,0.17808793485164642,0.3464300188210877,0.08190552,0.0020552964,0.11965263,0.01222473,0.3207101,0.0,0.46345168,0.13486262,0.4974778,2.2318554,2.9920034,0.28395885,0.261855,0.28395885,1.7029533,0.8257229,2.2330115,0.26972523,0.13252997,Medullary_cords,137.55726080436466
ACACCTTACTACTTGC-1,1,41,111,5832,20606.0,5832,3993.3577,Medium-High,2,10,5,2,0,4,2,4,1623.5122420234472,0.0,-0.40684518218040466,0.025667011246838404,0.11644169688224792,0.54003008444925,-0.05051779747009277,0.7909253224106493,0.017352931201457977,0.9274815251283078,-0.06672152876853943,0.7261052302840305,0.2593621015548706,0.16634624576359688,0.070119485,0.09868266,0.5066471,0.052637093,0.16727453,0.0,0.10463914,0.38287902,0.4019395,2.2220612,2.6685517,0.4655895,0.55159724,0.31793854,1.5230739,0.8107276,3.0359595,0.5659908,0.37707978,Medullary_cords,413.0012106519786
ACACGAGACTCCTTCT-1,1,31,71,4209,10266.0,4209,4043.6313,Low,5,3,4,1,4,2,1,1,1439.0305764645864,0.6365141682948128,0.18028026819229126,0.3404279045889863,-0.19008073210716248,0.3143736391473441,-0.08382974565029144,0.6596322955376624,0.03944651782512665,0.8360433191941514,-0.38810572028160095,0.03406610070203149,-0.15527670085430145,0.4125958369879382,0.13711046,0.14721656,0.07672506,0.08249958,0.15187594,0.40457243,0.0,0.17083375,0.37219846,2.4594564,2.9236517,0.13514844,0.30517522,0.17002678,2.0850987,0.6558697,1.9801035,0.17002678,0.5202515,B_cell_zone,0.0
ACACGGCACTATGCAT-1,1,7,71,6638,24049.0,6638,4329.22,Medium-High,1,5,0,3,6,3,0,3,3892.832002540053,0.6931471805599453,-0.6058435440063477,0.0003882076908260544,-0.006738421507179737,0.9718087068135915,-0.4615659713745117,0.010243934135818712,-0.0570639967918396,0.7645466446307994,0.15616318583488464,0.40989982203316516,0.2490776777267456,0.18440365711561243,0.03276874,0.0,0.056696516,0.04563123,0.28175697,0.23406516,0.34908143,0.20939009,0.5496553,2.0223398,2.6189163,0.18816933,0.8146169,0.29601783,1.4685953,0.87506497,2.2255442,0.0,0.6697601,Medullary_cords,414.77222664976017
ACACGGGAACTTAGGG-1,1,27,71,4636,11720.0,4636,4168.468,Low,3,3,2,0,4,2,5,6,1761.3985920285052,0.0,-0.23060834407806396,0.22018712857388123,-0.0577300563454628,0.761876561929978,-0.23896054923534393,0.20346346085388,-0.2810347080230713,0.13248068810631394,0.1824306845664978,0.3346021539261102,-0.17978902161121368,0.3417673196674306,0.047743995,0.0,0.1042242,0.4353769,0.13606435,0.2765905,0.0,0.077117085,0.9288101,1.7697699,2.754054,0.077117085,0.71317166,0.23135126,1.1982243,1.4628211,2.4582586,0.15423417,0.20564556,Medullary_cords,413.90457837525787
ACACGTAGGCCACAAG-1,1,58,110,5093,15478.0,5093,4050.9998,Low,1,13,3,5,7,1,3,5,2834.626077633521,0.0,0.24885238707065582,0.18481397566575086,-0.08532850444316864,0.6539196165088962,0.1609644740819931,0.3954710070563132,0.10701527446508408,0.5735295417979183,-0.12550905346870422,0.5087073128178607,0.0152522511780262,0.9362414301305427,0.06875742,0.10553193,0.1467392,0.17642656,0.278176,0.01130551,0.21306339,0.26035216,0.49781096,2.1283536,2.6711016,0.22828557,0.49134678,0.5188706,1.6995286,0.84630376,2.1756485,0.12459892,0.40094966,Medullary_cords,237.9012400135821
ACACTCCAATGTCACT-1,1,17,17,6682,24367.0,6682,4427.9883,Medium-High,4,11,1,4,1,5,4,7,5496.040210915491,0.6931471805599453,-0.26688575744628906,0.15395773593722176,-0.32283154129981995,0.08185536950103738,-0.07360531389713287,0.6990913286925732,-0.005021888762712479,0.9789882657238556,-0.18559373915195465,0.3261441843969709,0.09809620678424835,0.6060560960895088,0.15112494,0.17035548,0.07535009,0.3232943,0.21298982,0.04105013,0.025835304,0.20739436,0.6648324,2.1884022,2.92027,0.042984873,0.5324449,0.69742,2.1234171,1.0307436,1.8842776,0.085969746,0.36166105,B_cell_zone,0.0
ACACTGATCAAGGTGT-1,1,52,48,5420,17398.0,5420,4019.692,Medium-Low,2,9,5,3,2,7,6,3,3223.7954339566895,0.6365141682948128,-0.4729105830192566,0.008310581604289496,-0.1573738008737564,0.40623409053453424,0.16825437545776367,0.37412760064629635,-0.0922262892127037,0.6278784645029024,-0.2538270056247711,0.17590166934764095,0.16932398080825806,0.37105375899002807,0.017440133,0.0,0.24425118,0.09486893,0.16475844,0.01539316,0.46328816,0.42450774,0.5694668,2.1937284,2.7348275,0.28383484,0.46940306,0.1703009,1.2212324,0.9953916,2.5720053,0.9820085,0.67121434,Medullary_cords,413.0012106519786
ACACTGGGACAGTCGT-1,1,59,115,7228,27179.0,7228,4560.464,High,1,13,3,6,7,1,7,5,3127.8340748831292,1.0114042647073518,-0.004247982054948807,0.9822257622540679,0.1992335468530655,0.2911939321202791,0.06487516313791275,0.733407574401193,0.15312239527702332,0.4191888390827828,-0.022688694298267365,0.9052708350998245,0.27052462100982666,0.14820988399874158,0.0,0.060817618,0.042297456,0.050009906,0.28169024,0.16365755,0.40152726,0.7031582,0.48029143,1.9179081,2.7485573,0.26475835,0.47610128,0.16191016,1.4910948,0.8821095,2.1069443,0.730709,0.5020576,Medullary_cords,138.0
ACAGAACTGAGAACAA-1,1,52,24,5895,21537.0,5895,3892.781,Medium-High,2,7,5,2,5,0,2,4,4713.612733350079,0.0,-0.026982642710208893,0.8874467576070948,0.09540252387523651,0.6160305642905779,-0.10158286988735199,0.593247890982863,-0.29784300923347473,0.10991918836645866,0.08147923648357391,0.6686293159658863,-0.11190515756607056,0.5560359717490023,0.09242519,0.0,0.35647106,0.23436567,0.0,0.0,0.31673804,0.3236249,0.6779995,2.322055,2.516904,0.21189155,0.4895828,0.25956887,1.5198299,1.029847,3.00504,0.40885466,0.41160342,Medullary_cords,413.0012106519786
ACAGATTAGGTTAGTG-1,1,7,57,5776,18330.0,5776,4233.168,Medium-Low,1,8,4,3,6,5,0,3,4282.722615346457,1.0114042647073518,-0.40028730034828186,0.028388654726327078,-0.28124284744262695,0.1321820586310621,-0.2334977239370346,0.21429955103147755,0.17688530683517456,0.3497494205198419,-0.06682386249303818,0.7257011828868837,0.1006714403629303,0.5965846865683593,0.090401575,0.0,0.09708445,0.14654668,0.09106967,0.32904378,0.24585386,0.235987,0.53274876,2.4051118,2.697421,0.108855195,0.25356174,0.47773057,1.6527125,1.0081375,2.1793387,0.21771039,0.3910572,Medullary_cords,138.0
ACAGCATAGAGCCAGT-1,1,10,58,6543,22598.0,6543,4517.6426,Medium-High,0,8,7,4,6,3,4,7,3937.8208440709946,1.0986122886681096,-0.4301568567752838,0.017661204323588822,-0.15537764132022858,0.4122883524919025,-0.11564814299345016,0.5428141074326635,0.11497793346643448,0.5451706538667077,0.2196822166442871,0.2434373741722018,-0.06800053268671036,0.7210605091217333,0.19776009,0.10262076,0.015471596,0.21699908,0.2550716,0.04012,0.17195685,0.2189633,0.7202145,2.4684591,2.8114424,0.17084661,0.43017378,0.7858125,2.2546544,1.0780383,1.8214434,0.0,0.35301828,B_cell_zone,0.0
ACAGCGACATTCTCAT-1,1,59,99,4801,14306.0,4801,3970.1118,Low,1,10,3,5,7,1,3,5,2627.525832413451,0.37677016125643675,0.3007075786590576,0.10637970945327031,0.37992149591445923,0.038371222919290446,-0.1736031174659729,0.3589052998788381,0.023755861446261406,0.9008364978659321,0.4937417805194855,0.005556820114266283,-0.06367640197277069,0.738160937263645,0.070725486,0.002320093,0.22928452,0.17298031,0.20024484,0.0,0.3244448,0.42052442,0.7612337,1.9373293,2.684774,0.2849434,0.5587858,0.24186577,1.2804978,1.0361817,2.2618487,0.35120612,0.37992454,Medullary_cords,414.90360326225175
ACAGCGCACCCGCAGC-1,1,10,80,5441,17541.0,5441,4156.9805,Medium-Low,3,5,0,0,6,3,0,6,3398.2914824952845,0.6931471805599453,-0.4627625644207001,0.010023647011628582,0.14066182076931,0.4584524287299274,-0.11375615745782852,0.5494788925203123,-0.12476352602243423,0.5112482720300272,0.0699521154165268,0.7133850883121071,-0.04523631930351257,0.8123754083687784,0.1886288,0.0,0.22351086,0.47704545,0.06568722,0.0,0.04512772,0.22493967,0.86193717,2.0989003,2.6446092,0.16919884,0.52798486,0.42467698,1.4693326,1.1087542,2.3118606,0.11279923,0.075199485,Medullary_cords,138.42326394071193
ACAGGCTTGCCCGACT-1,1,53,87,4667,13633.0,4667,3794.2534,Low,2,10,5,2,0,4,2,4,1798.139316070921,0.0,0.23795124888420105,0.2054365457891866,0.21555306017398834,0.25263329022089825,-0.13653874397277832,0.47185992030303653,0.18665426969528198,0.32333801601475026,-0.301772803068161,0.10508553083454687,-0.1267424374818802,0.5045173906296165,0.068751544,0.0036348146,0.34268472,0.28415045,0.043665435,0.026054919,0.23105815,0.26134872,0.59109926,2.3176897,2.6062686,0.1712089,0.46459842,0.13753769,1.459618,1.0538969,2.8002949,0.5890449,0.50335395,Medullary_cords,414.90360326225175
ACAGGTGGAGGTGAGG-1,1,51,39,5098,15743.0,5098,3912.2764,Low,2,9,5,2,5,7,2,4,3715.1738855671347,0.45056120886630463,-0.016446419060230255,0.9312607509096936,-0.5461461544036865,0.0017954475974964253,0.029168281704187393,0.8783942995850329,0.25204622745513916,0.17905651625776134,-0.2053941786289215,0.2762206618498121,0.29120612144470215,0.11845675834642064,0.030979676,0.09786696,0.37727588,0.17333812,0.17450768,0.0,0.14603171,0.45111278,0.3735615,2.0782723,2.653762,0.39980805,0.522756,0.22544716,1.2347376,0.9832837,2.7422426,0.26667115,0.30059624,Medullary_cords,496.9557324349926
ACAGTAATACAACTTG-1,1,46,14,7713,34079.0,7713,4340.379,High,2,7,0,3,3,6,6,3,5182.771652311146,1.0114042647073518,-0.3977525532245636,0.029501619191710765,-0.13099506497383118,0.4902038840802166,0.34620895981788635,0.06091403964678647,-0.3842216432094574,0.03605782446511475,-0.3008388876914978,0.1062195354020263,0.1858925223350525,0.3253520934601571,0.060790617,0.0009061108,0.22319557,0.10922213,0.20823175,0.11270498,0.28494886,0.27304682,0.72205365,2.2208245,2.9150958,0.23750445,0.42070368,0.2768421,1.5614419,0.9556681,2.6843793,0.2901125,0.35451567,Medullary_cords,276.4814641164937
ACATAAGTCGTGGTGA-1,1,59,9,809,1176.0,809,1977.357,Low,3,1,6,5,5,0,3,6,5991.86657061053,1.0114042647073518,0.10321934521198273,0.5872770415642633,0.09954304248094559,0.6007269643700962,0.05671080946922302,0.7659635694180411,0.323761522769928,0.08092888132904955,0.0007650447078049183,0.9967986881316867,0.1890583634376526,0.3170320519011203,0.07232967,0.0,0.3755451,0.55212516,0.0,0.0,0.0,0.0,0.25018328,1.4179336,2.4261725,0.0,0.0,0.0,0.37527496,1.1258249,1.6839858,0.5629124,0.7505499,Medullary_cords,238.40302011509837
ACATAATAAGGCGGTG-1,1,21,63,7040,26586.0,7040,4448.1616,High,5,3,4,3,1,2,0,3,2666.1020235542373,0.45056120886630463,-0.16437919437885284,0.3853881752526638,-0.15539728105068207,0.41222854094105343,0.1812218576669693,0.3378695025194287,-0.1744382381439209,0.35656228308983146,-0.29030194878578186,0.11965686238667703,0.23122863471508026,0.21891403824204916,0.10261063,0.0012732669,0.013308105,0.16517764,0.24456476,0.30905253,0.16401315,0.25339726,0.53757703,2.3020122,2.7994514,0.16454104,0.65858763,0.2696734,1.7813091,1.027111,2.0862162,0.0,0.55255467,Medullary_cords,137.00364958642524
ACATACAATCAAGCGG-1,1,76,96,5285,15594.0,5285,4159.707,Low,1,6,3,5,2,1,3,5,4585.569212213463,0.6829081047004717,-0.06887668371200562,0.717611338926864,0.35893380641937256,0.05142808046380563,0.34859198331832886,0.05904058827489013,-0.4935195744037628,0.005581459872317812,-0.54533451795578,0.0018297036378606016,0.33625397086143494,0.06924840836456504,0.0708432,0.0010699026,0.10966012,0.20624076,0.33878756,0.231048,0.042350464,0.36539215,0.74317735,2.1232824,2.6668632,0.13411652,0.5303033,0.48911032,1.6805928,1.0685579,2.3908157,0.1238742,0.4402746,Medullary_cords,138.0
ACATCAGCTGGGACGC-1,1,32,12,7118,28417.0,7118,4524.5684,High,4,7,1,4,3,6,4,7,5280.409548510418,0.5982695885852573,-0.20341721177101135,0.2809705108979887,-0.13269563019275665,0.4845385020928245,-0.0002475827932357788,0.9989639931810727,-0.21170292794704437,0.261411302560185,-0.23817601799964905,0.20499601058260014,-0.13931536674499512,0.4628084969396507,0.21959344,0.0,0.0,0.25615388,0.3953999,0.0,0.12885274,0.104308836,0.5579033,2.1486638,2.6764483,0.0,0.30747625,0.79969645,2.1852114,0.892522,1.9956436,0.075387284,0.05025819,B_cell_zone,0.0
ACATCCCGGCCATACG-1,1,55,57,5684,21142.0,5684,3790.8313,Medium-High,2,2,5,2,2,7,2,4,2949.9838982611413,0.0,-0.2971837818622589,0.11074603786379186,-0.15834525227546692,0.4033059727105471,0.3081605136394501,0.09757130698457946,-0.014075051993131638,0.9411536462195276,-0.22178994119167328,0.23883015178914932,0.0745343491435051,0.6954721177789714,0.054476094,0.06486674,0.19135898,0.2096653,0.1390097,0.16490631,0.17571692,0.25585535,0.7352478,2.1686316,2.557072,0.39489886,0.45802298,0.40961102,1.3440051,1.0639663,2.932984,0.096823946,0.53024465,Medullary_cords,414.2764777295472
ACATCCTGGTAACTGT-1,1,42,102,5443,16425.0,5443,4159.79,Medium-Low,2,10,0,2,0,4,0,3,1076.4543650336507,1.0114042647073518,-0.5584586262702942,0.0013399779407143701,0.00552028976380825,0.9769034667141256,-0.48336970806121826,0.00681072815297407,-0.05081503093242645,0.7897224267076375,0.2647631764411926,0.15738354012167902,0.2837367057800293,0.12864221924007962,0.19178514,0.0,0.19688423,0.18992443,0.3808404,0.007544691,0.033021145,0.27313995,0.41978016,2.3165421,2.7719038,0.27787107,0.6375188,0.18931744,2.0556626,0.77367383,2.5577188,0.0,0.28493562,Medullary_cords,0.0
ACATCGATCGTTTACC-1,1,42,62,3447,7468.0,3447,3843.682,Low,0,2,7,4,0,7,4,0,1852.3498589629337,1.0114042647073518,-0.06259077787399292,0.7424738716400859,0.06184319034218788,0.745448323441451,-0.16550324857234955,0.3821019064307002,0.14858679473400116,0.43325920718398453,0.07852354645729065,0.6800068193044183,-0.013851253315806389,0.9420877580889847,0.4525447,0.0,0.24244215,0.25534865,0.0,0.049664497,0.0,0.26901725,0.4782529,2.4076164,2.8489697,0.10621793,0.26901725,0.58767104,2.1505737,1.0173726,1.8791631,0.0,0.14162391,B_cell_zone,0.0
ACATCGCAATATTCGG-1,1,77,27,6728,27249.0,6728,4181.228,High,1,4,3,6,5,0,7,5,6281.75676065223,0.5623351446188083,-0.021727304905653,0.9092680360736546,0.015973612666130066,0.9332324552331651,0.32426926493644714,0.08042645351155107,-0.3246273398399353,0.08007356860260165,-0.44780242443084717,0.013084344438361057,0.15291960537433624,0.4198124543880853,0.014102636,0.036527235,0.033057313,0.07343679,0.22818156,0.082996786,0.5316977,0.37014306,0.3831821,2.0376437,2.7438445,0.21575575,0.46910226,0.23975307,1.3666227,0.83965826,2.0638494,0.23445621,0.62996054,Medullary_cords,239.26763257908496
ACATCGGTCAGCCGCG-1,1,41,37,5248,16166.0,5248,4083.1675,Medium-Low,1,9,3,3,3,6,0,5,3529.2384447639693,1.3296613488547582,-0.37295615673065186,0.04237003560779132,-0.1681700050830841,0.37437069672493056,0.2180047631263733,0.2471459830569813,0.12312442064285278,0.5168567293956373,0.21031539142131805,0.2646230313845406,0.3103508949279785,0.09509040849248947,0.060085144,0.0,0.051442247,0.20310843,0.13506441,0.21762927,0.33267057,0.100651145,0.8140937,1.8891262,2.8217168,0.12038764,0.5454273,0.4123993,1.4846925,1.2901669,2.0171084,0.12038764,0.5905531,Medullary_cords,138.0
ACATCGTATGCAATGG-1,1,45,81,5157,14283.0,5157,4271.6206,Low,5,10,4,1,0,4,1,1,967.470929795826,1.0986122886681096,0.1309816688299179,0.49024864618923464,-0.35019969940185547,0.057802403397838126,0.038494616746902466,0.8399486049059275,-0.6740183234214783,4.437675119042121e-05,0.06089580059051514,0.7492228894354753,-0.1071246787905693,0.5731354664727106,0.08377961,0.19643615,0.13785866,0.2535902,0.29463398,0.007973866,0.025727505,0.13268383,0.73805463,2.2510324,2.8739443,0.13268383,0.5361469,0.41793084,1.8689034,1.0569727,2.2385142,0.13268383,0.23439263,Medullary_cords,0.0
ACATCGTTAACCTAGT-1,1,9,75,6029,20545.0,6029,4235.9004,Medium-High,1,5,3,3,6,3,0,3,3586.537327283797,1.0114042647073518,-0.3361307680606842,0.0693568282210369,0.002049081027507782,0.9914258021354904,-0.26551809906959534,0.15615891141064409,0.1353381723165512,0.47580198006932883,-0.03043636679649353,0.8731489650079413,0.0915323942899704,0.6304790579135795,0.01777856,0.14534266,0.16082716,0.042622484,0.25177625,0.021429788,0.36022314,0.27464378,0.33923465,2.0752344,2.7900906,0.13510019,0.7530154,0.50829035,1.3534365,0.83223224,2.3040555,0.0,0.66154194,Medullary_cords,138.0
ACATCTCAACGCGTAA-1,1,4,74,6903,27060.0,6903,4326.3496,High,3,5,2,0,6,3,5,6,4184.689833189552,0.0,-0.5998970866203308,0.0004583584017960475,-0.02763911709189415,0.8847262675104655,-0.195059671998024,0.3016259436051317,-0.06438757479190826,0.7353398197019834,-0.015980945900082588,0.9332018710844078,0.33796194195747375,0.06775888734201092,0.009873504,0.0024703618,0.06534444,0.27492946,0.2546382,0.26165074,0.13109331,0.28041762,0.84817314,1.6563891,2.7565732,0.13835347,0.56895304,0.47877237,0.9639607,1.3532069,1.8141155,0.078627884,0.65254974,Medullary_cords,275.0018181758077
ACATGGCGCCAAAGTA-1,1,40,104,7343,29693.0,7343,4448.6494,High,1,10,0,3,0,4,6,3,1127.1969659292026,0.45056120886630463,-0.3171760141849518,0.08766577255907643,0.019468853250145912,0.9186664543177053,-0.18564648926258087,0.3260042548563927,0.05413993075489998,0.7762995206608876,0.1550162434577942,0.4133898345457703,0.202787846326828,0.28249355093039286,0.018129192,0.034836095,0.19752808,0.06712432,0.053469785,0.23251992,0.39639255,0.5202632,0.56769323,2.2831445,2.7937365,0.3248923,0.5415944,0.39746243,1.5035865,1.034831,2.4272063,0.94891196,0.72031975,Medullary_cords,138.42326394071193
ACATTAGTTTATATCC-1,1,51,61,4894,13234.0,4894,4164.69,Low,2,2,0,3,2,7,6,3,2425.0503087565007,0.45056120886630463,-0.15884701907634735,0.40179825630432664,0.0250818133354187,0.895330935012045,0.09590496122837067,0.614164919176915,0.3341662287712097,0.0711035031611589,0.05576048791408539,0.7697797553477225,-0.18914371728897095,0.31680957910017826,0.037242696,0.001004648,0.2211253,0.21530977,0.10615618,0.005871276,0.41329017,0.24434194,0.7893137,2.1537693,3.0101397,0.14070687,0.57817304,0.21833317,1.4159539,1.3327637,2.6816144,0.52615553,0.41959387,Medullary_cords,495.9858868959882
ACATTCGCGCGGAATA-1,1,73,27,5614,19531.0,5614,3938.0015,Medium-Low,2,1,7,2,5,0,2,4,5934.048365155108,1.2424533248940002,-0.271271288394928,0.14704988751602052,0.030202403664588928,0.8741163453815256,0.2849624454975128,0.12692812095548003,-0.018151594325900078,0.9241531974002735,-0.28297439217567444,0.12971679199410038,0.04818456619977951,0.8003839958993957,0.10231058,0.0,0.1384938,0.20760073,0.17725748,0.20499027,0.16934709,0.33602047,0.46020803,2.3487115,2.6929433,0.20672749,0.47038886,0.3595125,1.7769407,1.1052214,2.7652266,0.0,0.3728544,Medullary_cords,138.00362314084367
ACCAAACACCCAGCGA-1,1,17,115,8582,47209.0,8582,4528.524,High,4,12,1,4,4,3,4,7,3127.9400569704017,0.9743147528693494,-0.11974246799945831,0.5285230125735491,-0.08622746169567108,0.6505022922620588,-0.055244944989681244,0.7718522235531206,0.1256401538848877,0.5082611350141173,-0.010955266654491425,0.95418165522398,-0.006029780954122543,0.9747724319697867,0.26827896,0.066159084,0.062014498,0.132033,0.3553857,0.0,0.11612875,0.07671659,0.6295765,2.2912426,2.9268107,0.068169914,0.27264887,0.49185187,2.334835,0.8383385,1.9014446,0.0,0.22802338,B_cell_zone,0.0
ACCAAACTAGAAATCC-1,1,3,67,7204,30218.0,7204,4435.088,High,4,5,1,4,6,3,4,7,4433.878663202231,1.0114042647073518,-0.4701445698738098,0.008750936877812242,0.05869917571544647,0.7579963695227196,0.041809286922216415,0.8263664655368222,-0.22707942128181458,0.22752539887052878,0.007655492052435875,0.9679738232642929,-0.19750237464904785,0.2954925698163139,0.1613112,0.07951267,0.06796701,0.28042775,0.33270398,0.0,0.07807739,0.0,0.5444237,2.1543567,2.6922417,0.14294256,0.49913114,0.7814895,1.8048248,0.9254014,2.1303968,0.07147128,0.1799532,Medullary_cords,137.92751719653333
ACCAACACCACACACT-1,1,20,110,6713,25490.0,6713,4344.367,High,5,12,7,1,4,2,1,1,2634.077067968969,1.2770342594661392,-0.317965567111969,0.08683623811533506,-0.17828068137168884,0.3458997837606996,0.10960761457681656,0.5642247405900603,0.5187764763832092,0.00331168262322071,-0.4603641629219055,0.010469264597748431,-0.15763656795024872,0.4054408852985656,0.12904303,0.13784009,0.1555117,0.10694654,0.26916388,0.0,0.20149474,0.2499479,0.59053546,2.343475,2.8732977,0.12411593,0.5723247,0.55775183,1.776492,1.0143205,2.4992127,0.08274395,0.24823716,Medullary_cords,138.00362314084367
ACCAACCGCACTCCAC-1,1,65,97,5502,24108.0,5502,3396.3806,Medium-High,2,6,5,2,7,1,3,4,3293.428760425827,0.6829081047004717,0.2663268744945526,0.1548545199513035,-0.07686147093772888,0.686435320194948,-0.12390951812267303,0.5141666406952627,0.21141134202480316,0.26208411262381004,-0.4896109998226166,0.006030340299414866,-0.05105537921190262,0.7887500899137674,0.037399948,5.0320243e-05,0.23658466,0.1334957,0.23687077,0.13529521,0.2203034,0.248211,0.55124146,2.0593615,2.613686,0.2056466,0.3580588,0.27456683,1.077681,1.0096867,2.9110143,0.23778692,0.5813663,Medullary_cords,364.3295211755424
ACCAACGCTTATTTAT-1,1,53,49,5047,16410.0,5047,3853.5867,Medium-Low,2,2,5,3,2,7,6,4,3230.0478324631663,0.45056120886630463,-0.34309911727905273,0.06342851657991498,-0.17429369688034058,0.3569671550298721,0.08328304439783096,0.6617208060353428,-0.15913662314414978,0.4009295067579026,-0.24788936972618103,0.18657510237835392,0.28125452995300293,0.13216531168823067,0.017763397,0.06685792,0.32069543,0.051633574,0.0,0.0,0.54304963,0.3046976,0.4684262,2.2076585,2.744044,0.2974074,0.5721646,0.37292644,1.6454275,1.0317742,2.9337707,0.46845216,0.43548602,Medullary_cords,364.3295211755424
ACCAAGAACGCGTGTC-1,1,17,49,7271,29593.0,7271,4374.4644,High,2,8,0,0,1,5,0,3,3679.2067079738804,0.6365141682948128,-0.13577380776405334,0.4743696077651242,-0.13933208584785461,0.46275427364734084,-0.1665644645690918,0.37901431069913566,-0.24714623391628265,0.18794210510034326,-0.5660132169723511,0.001113473356502805,0.23000755906105042,0.22142496205939824,0.056235023,0.0,0.13505164,0.20975797,0.35838807,0.013893433,0.22667387,0.2834259,0.4170872,1.9549261,2.5296855,0.13732529,0.45676875,0.4212913,1.4561559,1.1539884,2.5800233,0.14556578,0.44677186,Medullary_cords,364.3295211755424
ACCAATATGCAAGTTA-1,1,56,78,4158,10328.0,4158,3945.7266,Low,2,6,5,2,2,1,0,4,2263.5045836048134,0.0,-0.4347361624240875,0.016362218172358226,0.33449921011924744,0.07080507500344341,-0.05605755001306534,0.7685862784841286,-0.16620251536369324,0.3800657630622918,-0.056366924196481705,0.7673438875369011,-0.04269645735621452,0.8227393579224258,0.062669605,0.12906933,0.33420718,0.0857798,0.0,0.004752398,0.3835217,0.1346516,0.6925646,2.234243,2.664147,0.084642574,0.43858838,0.3885793,1.4456751,0.81181574,2.6777031,0.43858835,0.47192773,Medullary_cords,275.0018181758077
ACCACAACTCAGAACA-1,1,7,81,5828,19477.0,5828,4177.1343,Medium-Low,2,5,0,2,6,3,0,3,3744.3323837501393,1.3296613488547582,-0.06770345568656921,0.7222312437264172,0.0908149778842926,0.6331723625876637,-0.1864221692085266,0.3239508796045916,0.1185508519411087,0.532663543981436,-0.041109681129455566,0.8292292097498393,0.07604711502790451,0.6895929273509636,0.10878317,0.102552816,0.10840097,0.25130904,0.42895406,0.0,0.0,0.1165342,0.64972043,2.1226015,2.6534905,0.103594,0.63876885,0.5492338,1.5266484,1.0991046,2.3860874,0.207188,0.25587267,Medullary_cords,137.92751719653333
ACCACAAGTTTCTATC-1,1,30,54,5254,16680.0,5254,4019.239,Medium-Low,1,3,3,5,1,2,3,5,2529.0221430426423,0.6365141682948128,-0.0868627279996872,0.6480915475904682,0.05626232177019119,0.7677638889488598,-0.08273059129714966,0.663833820311776,-0.499801903963089,0.004919660626075418,-0.47396183013916016,0.008148205778934516,0.13303014636039734,0.4834280343242192,0.09383476,0.0,0.23181921,0.20455115,0.15644586,0.014033433,0.2993156,0.4753678,0.61730975,2.1572273,2.7082932,0.23485191,0.6546838,0.23485191,1.836107,1.0384866,2.446637,0.117425956,0.58500695,Medullary_cords,0.0
ACCACACGGTTGATGG-1,1,75,79,3561,8518.0,3561,3744.8586,Low,5,6,3,1,2,1,1,1,4475.626995181792,1.0114042647073518,-0.469021201133728,0.008935319505586715,0.1570887416601181,0.4070955776625185,0.3892550468444824,0.03349408712864537,-0.08540618419647217,0.6536240501460738,-0.1752253621816635,0.3543622882355915,0.5633722543716431,0.0011885281762820678,0.20444795,0.004285778,0.1324024,0.0,0.13583094,0.05616194,0.46687093,0.09707021,0.527377,2.23415,2.6447651,0.09707021,0.28568822,0.24811444,1.8950666,0.5322116,1.9535227,0.0,0.33081928,Medullary_cords,0.0
ACCACCAATGTAACAA-1,1,41,107,7706,33985.0,7706,4378.7207,High,2,10,0,3,0,4,6,3,1356.5459815280867,0.6365141682948128,-0.2627628445625305,0.16066168755742294,-0.04329867288470268,0.8202792937139614,0.039643920958042145,0.8352339245998757,-0.06136324256658554,0.7473598032991291,-0.09331394731998444,0.6238109016803147,0.4941638112068176,0.0055102776025599655,0.06730561,0.0,0.2673451,0.068193346,0.21096127,0.0058606956,0.38033402,0.41734535,0.5466318,2.2238336,2.6338012,0.37777293,0.46959552,0.6039332,1.240772,0.8212509,2.6559062,0.2958901,0.5607456,Medullary_cords,138.00362314084367
ACCACGTGCAGCTATA-1,1,48,76,4717,12756.0,4717,4077.6162,Low,2,2,5,2,0,4,2,4,1455.1044636039023,1.0114042647073518,0.1805138736963272,0.3397920812559763,-0.40256011486053467,0.02741999027895125,0.09579624235630035,0.6145684134073071,-0.5214313268661499,0.0031276119279430806,0.19309091567993164,0.30662714667559315,-0.25356191396713257,0.17636880949628297,0.08274951,0.0,0.18757957,0.18282486,0.20726621,0.014767458,0.32481238,0.3677161,0.5255726,2.4175355,2.8266134,0.07235769,0.54060894,0.38049847,1.6920638,1.2443832,2.5599911,0.28943077,0.4031876,Medullary_cords,239.0
ACCAGCCCGGTCTTTG-1,1,4,72,5883,19342.0,5883,4240.5903,Medium-Low,3,5,2,0,6,3,5,6,4217.94760517482,0.0,-0.4757609963417053,0.007876529196227874,-0.0999956727027893,0.599063911601319,-0.12195626646280289,0.5208720528298013,-0.23125718533992767,0.21885556121471714,-0.073381207883358,0.6999653429672736,0.4071672558784485,0.025539044309532945,0.08346931,0.0024618558,0.114835665,0.5389451,0.23185273,0.02843527,0.0,0.35739118,0.924172,1.6786058,2.7215567,0.17751658,0.5367806,0.25792527,1.1441512,1.4014043,1.9777378,0.0,0.25726983,Medullary_cords,365.0986168146902
ACCAGGAGTGTGATCT-1,1,3,55,4953,14177.0,4953,4146.651,Low,3,8,2,0,6,5,5,6,4767.611561358581,0.45056120886630463,-0.36942797899246216,0.044518973841909296,-0.27874043583869934,0.13580519832183996,0.14056144654750824,0.45877640927552565,0.37401285767555237,0.041742817381481015,-0.21474707126617432,0.2544546109111576,-0.3000873029232025,0.10713878461594901,0.04676885,0.0,0.04041534,0.3368877,0.18644534,0.24325596,0.14622681,0.23430204,0.9318105,1.761056,2.7583864,0.3101593,0.5785956,0.48431364,1.3427227,1.5591481,1.8790021,0.2668904,0.5140128,Medullary_cords,138.00362314084367
ACCAGTGCCCGGTCAA-1,1,9,103,6798,27856.0,6798,4188.8823,High,1,12,3,6,4,3,7,5,3623.6931437416165,0.8675632284814613,0.042421627789735794,0.8238625920390923,-0.020283153280615807,0.9152764866458839,0.06951990723609924,0.7150825966090627,-0.4168558716773987,0.021926582383033487,-0.2560049593448639,0.17209669978060246,0.36669227480888367,0.046244314750465386,0.06688233,0.00046511047,0.081436634,0.17226686,0.086386114,0.13690841,0.4556546,0.28791744,0.55747986,2.138879,2.9518342,0.20293616,0.51680505,0.19735514,1.5885433,1.0994968,2.1481512,0.1533753,0.48557127,Medullary_cords,237.9012400135821
ACCAGTGCGGGAGACG-1,1,48,94,5890,18668.0,5890,4351.099,Medium-Low,5,10,4,1,0,4,1,1,1267.2272882162852,1.5607104090414063,-0.13177910447120667,0.4875877046103557,0.09437849372625351,0.6198402412893365,0.17036400735378265,0.3680791754070188,0.00945202261209488,0.9604634372014248,-0.045478664338588715,0.811388108150926,-0.028591640293598175,0.8807812151956858,0.13247584,0.086838044,0.0,0.26239443,0.11687688,0.2429332,0.1584817,0.30399948,0.63318324,2.4625993,2.826969,0.39653578,0.8743162,0.21448536,2.0897272,1.0440997,1.9454416,0.0,0.42405897,B_cell_zone,0.0
ACCATATCCGCAATAA-1,1,38,56,3936,11619.0,3936,3501.377,Low,2,9,5,5,3,7,3,4,2203.0081706611986,0.6931471805599453,0.08097109198570251,0.6705803168773576,0.07689350843429565,0.6863112023672636,-0.1977219134569168,0.2949452255546286,0.20626702904701233,0.2741401271742179,-0.21002522110939026,0.2652979238761874,-0.0988190546631813,0.6033911288926489,0.042748734,0.08656677,0.2935105,0.009253138,0.023058066,0.35702392,0.18783881,0.20275593,0.36045498,2.2466712,2.6071599,0.20275593,0.23284906,0.40551186,1.5088267,0.7620974,2.925292,0.15523271,0.437194,Medullary_cords,276.84652788142387
ACCATCCGCCAACTAG-1,1,44,12,6796,25356.0,6796,4359.8003,High,5,7,4,1,3,6,1,1,5280.977561020308,0.9556998911125343,-0.38218116760253906,0.03714114064066304,0.1060696467757225,0.5769407494849107,0.2839573323726654,0.12833244292479284,-0.26957398653030396,0.1496962975047143,-0.28981783986091614,0.12030310576844937,0.4996736943721771,0.004932464229296264,0.09303745,0.14485818,0.0139456,0.16594723,0.24065305,0.17509675,0.16646181,0.27245867,0.6876349,2.37738,2.9966998,0.15580407,0.6307787,0.12466977,1.8892753,1.1631248,1.9367659,0.0,0.6534783,Medullary_cords,0.0
ACCATCGTATATGGTA-1,1,42,42,4332,12575.0,4332,3834.75,Low,5,9,7,5,3,6,1,0,3202.2482726984176,1.2424533248940002,0.036406274884939194,0.8485292086143077,-0.2473631501197815,0.18754236664981327,0.24539417028427124,0.1911926460576868,0.055933818221092224,0.7690833205743763,-0.2686791718006134,0.1511052234128311,0.21713827550411224,0.24907623239853335,0.09247169,0.20698562,0.0,0.22882183,0.35013294,0.0,0.12158791,0.073141545,0.51232225,2.3304963,3.0398088,0.073141545,0.33840394,0.51722014,2.0938706,1.1571033,1.6733112,0.0,0.0,B_cell_zone,0.0
ACCCAACGCCCGTGGC-1,1,30,86,5316,15445.0,5316,4260.856,Low,2,0,0,0,4,2,0,3,968.1756039066466,0.6365141682948128,-0.1798182725906372,0.34168747589108844,-0.1502743363380432,0.427994201802013,-0.271562784910202,0.14659881415874854,-0.09555120021104813,0.6154782558509464,0.17697322368621826,0.3495061148763619,-0.19360673427581787,0.3053118291565034,0.0377925,0.0023462782,0.34015605,0.22184032,0.0,0.00520954,0.39265534,0.5215751,0.73087144,1.9284308,2.669338,0.18724138,0.62722826,0.5399518,1.389786,1.1711882,2.3989496,0.6935475,0.49824968,Medullary_cords,364.6601157242179
ACCCACCTACATGCTC-1,1,25,25,5891,17975.0,5891,4396.8643,Medium-Low,5,11,4,1,1,6,1,1,4607.137506087701,0.6931471805599453,-0.38740769028663635,0.034417339972138354,0.2806628346443176,0.13301546484874235,-0.13105446100234985,0.49000544218683156,-0.62297523021698,0.00023606085256044128,-0.35210612416267395,0.056360700490587716,0.22445568442344666,0.23308696226870215,0.22572547,0.0035124691,0.12988634,0.42063484,0.03561392,0.02705028,0.15757665,0.2040756,0.8247173,2.2593775,2.9405704,0.3699491,0.51377445,0.25936678,1.7476296,1.4008082,2.0181105,0.24542454,0.40095428,Medullary_cords,137.00364958642524
ACCCATCTTGAGGGTA-1,1,37,37,4148,11628.0,4148,3780.9355,Low,5,9,3,5,3,6,1,1,3512.7541900907327,1.3296613488547582,-0.12115706503391266,0.5236278863007554,-0.0008348152041435242,0.9965067367946975,0.10226180404424667,0.590767539519125,0.1616244912147522,0.39351048551047746,-0.1633947491645813,0.38827964752367644,-0.005264087580144405,0.9779751363067268,0.15916426,0.1668986,0.0027871425,0.3082496,0.116517946,0.01998279,0.22639968,0.0775716,0.6000135,2.4115846,2.7837281,0.0775716,0.2501567,0.35779315,1.7916492,1.1488446,1.8727624,0.0,0.27019995,Medullary_cords,138.0
ACCCATTTGTCCCTCT-1,1,60,100,4872,15148.0,4872,3864.4246,Low,1,13,3,5,7,1,3,5,2761.6259703297983,0.45056120886630463,0.2076764851808548,0.2708019543446518,0.3929828107357025,0.03169200767826038,-0.03684552386403084,0.8467229737274573,0.08882030844688416,0.64068480057175,0.4090513586997986,0.024800856417655483,-0.038487259298563004,0.83997880433273,0.06701739,0.002678928,0.19351082,0.1298704,0.1455619,0.017168857,0.44419166,0.34739995,0.39321303,2.2474327,2.6646745,0.1900912,0.33715224,0.16857612,1.445881,0.7448394,2.355018,0.12672746,0.3973716,Medullary_cords,496.47255714691823
ACCCGAGCGAAATTAC-1,1,61,29,6964,25407.0,6964,4506.212,High,1,1,0,3,5,0,6,3,4907.152025360535,1.0114042647073518,-0.4077899158000946,0.025293126480253288,-0.18325503170490265,0.3323850983746004,-0.4560254216194153,0.011317721212121186,-0.2778628170490265,0.13709287392393682,-0.10706938803195953,0.5733346090879646,0.3448043167591095,0.06203992664493563,0.008937559,0.07733341,0.1171137,0.20126925,0.20596482,0.12968364,0.2596976,0.27947104,0.832742,1.9613149,2.9348202,0.44711354,0.62910527,0.22814584,1.4675773,1.3109744,2.0609744,0.6387799,0.6366359,Medullary_cords,363.7169228947149
ACCCGATTGGTTCCGA-1,1,69,35,4594,12448.0,4594,4056.1958,Low,3,4,0,0,5,0,0,3,5205.3438887358825,0.0,-0.2692634165287018,0.1501842264454457,-0.1706029772758484,0.3673976850028015,-0.09231030941009521,0.6275638673548805,0.14285628497600555,0.4513996926622723,-0.20386944711208344,0.2798793785398484,0.3323397636413574,0.07275780410932019,0.11893265,0.13850404,0.11929714,0.20643915,0.027865466,0.0021237542,0.38683772,0.34882158,0.84791005,2.2353382,2.67349,0.34680504,0.58661073,0.22111559,1.6696644,1.231235,2.079183,0.0,0.54243726,Medullary_cords,496.9557324349926
ACCCGGAAACTCCCAG-1,1,57,65,6354,23746.0,6354,4111.164,Medium-High,2,2,0,2,2,7,2,4,2772.2425940021917,0.6365141682948128,0.02517278492450714,0.8949533782501767,0.09340908378362656,0.6234556285168888,-0.09939669072628021,0.6012651111509403,0.06725608557462692,0.7239954203131721,-0.30699533224105835,0.09891078994160711,0.0803244411945343,0.6730661453675075,0.07833363,0.00019488807,0.20095731,0.20650283,0.17253064,0.0,0.34148064,0.4060349,0.50511897,2.3209338,2.76156,0.23389983,0.6136397,0.3609127,1.372819,0.9949736,2.6003256,0.35696033,0.34927446,Medullary_cords,275.0018181758077
ACCCGGATGACGCATC-1,1,38,100,5645,16664.0,5645,4329.7505,Medium-Low,2,0,0,3,0,4,0,3,826.0024213039572,0.45056120886630463,-0.5826916694641113,0.0007280984140721555,0.006726200692355633,0.9718598145371421,-0.2611166834831238,0.16339576795354194,-0.004009884782135487,0.983221856459828,0.13009537756443024,0.4932147254438001,0.05417032539844513,0.7761770993468686,0.02957108,0.13192983,0.13657986,0.23671257,0.061441965,0.0,0.40376464,0.36907005,0.84842706,1.9771352,2.7544746,0.117515914,0.47247404,0.58515406,1.2323769,1.433772,2.1355262,0.54100394,0.5424756,Medullary_cords,497.90159670360566
ACCCGGTTACACTTCC-1,1,42,48,4593,12871.0,4593,3997.2761,Low,5,9,3,1,3,7,1,1,2794.5840477609545,0.45056120886630463,0.07493876665830612,0.6938986832127477,0.061679914593696594,0.7460984333897591,-0.10139811038970947,0.593923652757689,0.08076657354831696,0.6713661513050349,-0.22063583135604858,0.24134563443133988,-0.12659935653209686,0.5050025665049476,0.071286194,0.10836051,0.0,0.05491534,0.4315736,0.0,0.33386436,0.260925,0.52289003,2.2401366,2.8689291,0.14372325,0.5550506,0.2874465,1.9309468,0.7933284,1.6676744,0.0,0.44522136,B_cell_zone,0.0
ACCCGTAGTCTAGTTG-1,1,68,118,5364,17435.0,5364,3996.4004,Medium-Low,1,13,3,5,7,1,3,5,4145.165497299234,1.0397207708399179,-0.13637736439704895,0.47238881579769426,0.11311887204647064,0.5517323725574693,0.37586578726768494,0.04066093280029682,0.07578087598085403,0.6906263627597119,-0.46587881445884705,0.009468585525131183,-0.042040400207042694,0.8254212414165418,0.11955705,0.0017178673,0.05764662,0.10312429,0.3152185,0.25227216,0.15046355,0.4346208,0.4825194,2.5229492,2.7536829,0.1700103,0.26552993,0.24770936,1.9769657,0.9559876,2.4639223,0.19103926,0.6121188,Medullary_cords,0.0
ACCCGTGTCATCAGTA-1,1,58,54,5125,14970.0,5125,4114.3965,Low,5,2,5,1,2,7,1,1,3349.202890241199,0.0,-0.21827249228954315,0.24655157853992213,-0.1601458638906479,0.39791034877178794,0.18265335261821747,0.3340024092072753,0.09325635433197021,0.6240260144491709,-0.01637081801891327,0.9315759970243042,0.16165374219417572,0.393423727071104,0.17264308,0.15382682,0.24600436,0.18319432,0.24433137,0.0,0.0,0.26534337,0.5102285,2.2983193,2.9301558,0.21212015,0.30751577,0.25582683,1.8516128,1.0226469,2.4787564,0.0,0.26860762,Medullary_cords,0.0
ACCCTATAGGACTGAG-1,1,12,20,6942,27898.0,6942,4294.656,High,0,11,1,4,1,5,4,0,5621.917199674858,1.2130075659799042,-0.6525846719741821,9.294466039024135e-05,-0.18829259276390076,0.3190323455069531,0.18073511123657227,0.33919058482660547,-0.04603219032287598,0.8091341394492148,-0.4811561107635498,0.007107353661845544,-0.021441912278532982,0.9104550450532608,0.10303735,0.05692146,0.04869207,0.13443443,0.17942171,0.2680516,0.20944136,0.21845102,0.4232507,2.0454466,2.7777526,0.11487876,0.6721659,0.6481293,1.9418683,0.93819284,2.1383712,0.0,0.36001638,Medullary_cords,0.0
ACCCTATGCCATATCG-1,1,56,40,6493,23751.0,6493,4196.4414,Medium-High,2,9,5,3,5,0,6,4,3945.4146803599747,0.0,0.3537389636039734,0.055148515640486735,-0.13772031664848328,0.4679969228397249,0.07631205767393112,0.6885650671050141,0.21694011986255646,0.24951905353050566,-0.1721617579460144,0.3629706388544507,0.06123155355453491,0.7478845362998067,0.03651171,0.04931886,0.20213205,0.09034369,0.09624662,0.23318705,0.29226,0.31771532,0.700152,2.2639236,2.706211,0.17570518,0.59624374,0.3169507,1.5458051,0.98751736,2.8413417,0.5752905,0.6499439,Medullary_cords,366.3659372812926
ACCCTCCCTTGCTATT-1,1,48,84,4823,12260.0,4823,4269.834,Low,2,10,0,3,0,4,0,3,1229.4653309467494,0.6365141682948128,0.030911728739738464,0.8711840130704873,0.12018483132123947,0.5269898778498677,0.29900819063186646,0.10846902410617287,-0.12091495096683502,0.5244641450599392,0.05591660737991333,0.7691524652331109,-0.20713579654693604,0.2720794005136822,0.063905865,0.0013283072,0.24960215,0.24432568,0.15662032,0.079787545,0.20443013,0.43343484,0.599322,2.075873,2.7346923,0.19549194,0.8196666,0.37835592,1.6309032,1.0862252,2.4045615,0.0,0.7932807,Medullary_cords,137.55726080436466
ACCCTGGTAACGCCCT-1,1,21,115,6995,26883.0,6995,4457.3716,High,4,12,7,4,4,2,4,7,2756.6131393432775,1.559581156259877,-0.6363270282745361,0.00015691938337442267,-0.03124421089887619,0.8698101135774726,0.24274156987667084,0.1961879895680234,0.11849568784236908,0.532855598787591,-0.42241960763931274,0.020049519301049146,-0.19589412212371826,0.2995217832267456,0.12158759,0.0,0.012153929,0.15254362,0.43249947,0.17549552,0.105719924,0.1727669,0.2969911,2.2971175,2.6528144,0.18813367,0.45387584,0.82364357,1.7321401,0.94001865,1.9026387,0.07907172,0.2508449,Medullary_cords,138.42326394071193
ACCCTTCATCTGCGAA-1,1,13,65,6022,19574.0,6022,4440.438,Medium-Low,0,5,7,4,6,3,4,0,3386.4730915806786,1.3296613488547582,-0.4051341414451599,0.026355661139167163,-0.12213137745857239,0.5202691737218115,-0.20788435637950897,0.270311867744726,-0.14711712300777435,0.43787317132245956,-0.08965964615345001,0.6375193419050782,-0.10540720075368881,0.5793357921436895,0.107961714,0.0010796161,0.0,0.17592967,0.3105748,0.36277908,0.04167506,0.051591,0.676259,2.3275154,2.8651233,0.154773,0.48289797,0.71196073,2.1319604,0.92103314,1.7529435,0.103182,0.48897624,B_cell_zone,0.0
ACCCTTTAGTTCTCCA-1,1,6,80,6156,21061.0,6156,4315.476,Medium-High,1,5,3,3,6,3,0,3,3871.712928407787,1.0114042647073518,-0.14906758069992065,0.43175559503248656,0.18846634030342102,0.3185778107705049,-0.01664082147181034,0.9304501660728737,0.043289657682180405,0.8203161087621842,-0.14129257202148438,0.45641931421472415,0.04050133004784584,0.8317202901492528,0.047975387,0.076833114,0.10034009,0.23764892,0.27793282,0.0,0.25926962,0.32775795,0.5877712,1.8430866,2.9189506,0.18163416,0.49293375,0.4096576,1.2128189,1.0803736,2.1500902,0.0,0.5263465,Medullary_cords,239.00209204105306
ACCGAAAGGGCCCTGC-1,1,9,53,8148,37680.0,8148,4545.327,High,1,8,4,6,1,5,7,5,4226.34333673922,1.0986122886681096,-0.6253978610038757,0.00021950691541376146,-0.3598642647266388,0.05078318476673299,0.027384571731090546,0.8857809760754389,0.17656803131103516,0.35062830985564736,-0.14816714823246002,0.4345739480695917,-0.09127920866012573,0.6314290328039698,0.07683331,0.04372554,0.0,0.19401617,0.19756456,0.016444942,0.4714155,0.34543422,0.6883272,2.125443,2.8794563,0.29275325,0.42233896,0.46405274,1.7186073,1.0701818,1.670365,0.38615906,0.49754915,B_cell_zone,137.00364958642524
ACCGAAGAGTCTGGTT-1,1,57,11,7787,35215.0,7787,4454.4854,High,5,1,4,1,5,0,1,1,5768.582668212357,1.0114042647073518,0.3897399604320526,0.033255088808387845,0.2770695090293884,0.1382644842307438,0.07373614609241486,0.6985812567886966,0.5990905165672302,0.0004686856297063281,0.19773584604263306,0.29491051114052935,0.3128453493118286,0.09232359562970971,0.14175309,0.060291372,0.0,0.18952402,0.20439853,0.26307884,0.14095415,0.25554708,0.52491146,2.3211656,2.8166606,0.20314881,0.7533925,0.24306303,1.9862711,1.0921856,1.7066861,0.23744185,0.41122162,B_cell_zone,0.0
ACCGACACATCTCCCA-1,1,61,67,6069,19846.0,6069,4280.162,Medium-Low,3,6,0,0,2,1,0,3,3111.720103094107,0.8675632284814613,-0.08585815131664276,0.6519053647693567,-0.12109988182783127,0.5238253379989571,0.168697327375412,0.3728528397654534,-0.08144312351942062,0.6687679006574841,-0.3211178183555603,0.08358392474286103,0.19055664539337158,0.31314088671767903,0.052907005,0.075337864,0.13348809,0.22825085,0.19906111,0.0,0.3109551,0.13814403,0.80292106,1.9559712,2.677001,0.27628806,0.5573833,0.30427885,1.4259516,1.3259263,2.2141447,0.102020524,0.36816525,Medullary_cords,137.55726080436466
ACCGACTGAGTCCCAC-1,1,28,66,5399,15858.0,5399,4258.6196,Low,2,3,0,2,4,2,0,3,1930.5245401185657,1.0114042647073518,-0.515748143196106,0.003532954434922444,-0.05354541540145874,0.7786951188427286,-0.12107968330383301,0.5238950914510759,-0.1982118934392929,0.2937259467158696,-0.03165247291326523,0.8681235811677018,-0.13602016866207123,0.47356056383693806,0.08915002,0.0,0.21831293,0.12778586,0.0,0.21353468,0.35121652,0.17798433,0.6533221,2.2646475,2.69621,0.061121285,0.5143711,0.41238016,1.5943629,0.97280395,2.6113806,0.20398194,0.4214713,Medullary_cords,138.00362314084367
ACCGAGTCTCCTTATT-1,1,71,79,4248,11235.0,4248,3896.2295,Low,5,6,3,1,2,1,1,1,4000.7769245485306,0.6365141682948128,-0.02328164130449295,0.9028066438696895,-0.23347927629947662,0.21433679724818985,-0.2660719156265259,0.15526487009839265,0.2077413946390152,0.2706488590892841,-0.061306387186050415,0.7475863378300873,0.34596964716911316,0.06110472093845734,0.124956585,0.0,0.11853527,0.1553386,0.0,0.02694889,0.5742207,0.36992198,0.6937808,2.2628293,3.0436032,0.23873132,0.7745624,0.23873132,1.9148,1.1606003,2.14808,0.15915422,0.86233246,Medullary_cords,0.0
ACCGATAGGCATAACC-1,1,60,118,8017,39943.0,8017,4374.674,High,5,13,3,1,7,1,1,1,3348.146352834655,0.5623351446188083,-0.020637009292840958,0.9138038185825366,0.22065146267414093,0.24131144730886656,0.13719341158866882,0.4697175209387542,0.17011845111846924,0.36878022288995277,-0.023232027888298035,0.9030127955400223,0.290191650390625,0.11980387460202922,0.09273667,0.076122195,0.0069077415,0.14687821,0.11483951,0.3146141,0.24790162,0.19945028,0.5290093,2.2457242,2.93293,0.26848623,0.49590278,0.50976634,2.0597355,0.97783613,1.5827612,0.19592188,0.67406416,B_cell_zone,0.0
ACCGATGGTAGCATCG-1,1,36,92,5405,16421.0,5405,4257.3857,Medium-Low,3,0,2,0,0,4,5,6,365.0,0.0,0.39911213517189026,0.028900322934349014,0.069245845079422,0.7161596736195186,0.39225420355796814,0.03203791124045527,0.047263287007808685,0.8041264777444136,0.3295274078845978,0.07536307968996273,0.2553499937057495,0.17323477609156385,0.057017893,0.0,0.0979251,0.48817402,0.08331485,0.0135583095,0.2600099,0.4232112,0.92748743,1.5922582,2.4093974,0.1783666,0.5649431,0.4636387,0.8631621,1.5163877,1.8011074,0.0,0.5180361,Medullary_cords,414.77222664976017
ACCGCAATAACTGCCT-1,1,51,79,6035,22907.0,6035,3904.849,Medium-High,2,10,5,2,0,4,2,4,1675.9194491382932,0.0,-0.2528087794780731,0.17770073763721664,-0.41650712490081787,0.022048893634913164,0.056007664650678635,0.7687866618070348,0.1951683610677719,0.3013513462815079,0.09400004148483276,0.6212506408526611,-0.2035139501094818,0.28073687597198527,0.068124525,0.0019535806,0.3461165,0.1265837,0.22345427,0.0069058514,0.2268615,0.32441252,0.5033611,2.2436628,2.633283,0.2264018,0.71966064,0.2264018,1.2678648,0.8056685,2.8337367,0.299834,0.39284638,Medullary_cords,363.7169228947149
ACCGCGGTGGAAGTCG-1,1,44,106,6179,20155.0,6179,4376.9863,Medium-Low,5,10,0,1,0,4,0,3,1432.737589372178,1.3296613488547582,-0.24351882934570312,0.19471499967481862,-0.003316126298159361,0.9861243722942463,-0.2553970217704773,0.17315288283591584,-0.31618550419807434,0.08871496655088366,-0.1201680600643158,0.5270479642089422,0.2759758234024048,0.13989164459908984,0.118296295,0.0006440926,0.30807585,0.16076414,0.15345468,0.04118209,0.21758282,0.30908784,0.51491845,2.2716877,2.649454,0.42280596,0.5872864,0.6020626,1.6522123,0.93752575,2.3037076,0.100724585,0.54206544,Medullary_cords,137.92751719653333
ACCGCTAGTCATTGGT-1,1,74,32,5907,18853.0,5907,4297.0107,Medium-Low,3,4,0,0,5,0,0,6,5784.117910278109,0.8675632284814613,-0.4283379912376404,0.018200305376461563,-0.10434619337320328,0.5831809758073373,-0.3280094563961029,0.07679884765123073,0.11094820499420166,0.5594400184513207,0.0996030867099762,0.6005062366069664,0.3438611328601837,0.06280501806893711,0.06052114,0.0004117231,0.100356385,0.3852292,0.3178303,0.033806764,0.10184449,0.42692655,0.69943285,1.7958736,2.8649633,0.19677463,0.49657083,0.40618172,1.3572335,1.4894519,1.9078481,0.0,0.5491735,Medullary_cords,138.42326394071193
ACCGGGCCTTTGTTGA-1,1,46,98,5465,16912.0,5465,4162.9824,Medium-Low,2,10,0,0,0,4,0,3,1180.3940020179703,0.8675632284814612,-0.15708699822425842,0.4071008497259059,-0.11719650775194168,0.5373882673631794,0.05455118045210838,0.7746435657633013,0.04487322270870209,0.8138551711173677,-0.12723615765571594,0.5028450114626343,0.22480051219463348,0.23235087358006026,0.14128612,0.0,0.13008952,0.44890463,0.2676497,0.0050880555,0.006982016,0.3945949,0.8930267,2.075374,2.7153425,0.17420582,1.3140348,0.18559986,1.2297419,1.2787035,2.4606547,0.116137214,0.35931137,Medullary_cords,364.00137362378183
ACCGGTCAGGTACACC-1,1,59,15,7069,28043.0,7069,4397.947,High,2,1,5,3,5,0,0,3,5619.7104017911815,1.2424533248940002,0.5698422789573669,0.001012009277639206,0.578853964805603,0.0008044778941502284,0.19873635470867157,0.2924244100440367,0.47459879517555237,0.008051131242488551,-0.028867587447166443,0.8796388467043179,0.15055282413959503,0.42712873835228526,0.07076238,0.101387784,0.21825074,0.12899795,0.0,0.0071114274,0.47348976,0.3779208,0.46124977,2.2181637,2.8324149,0.31612283,0.6366703,0.29283828,1.7375575,1.1313143,2.15132,0.4667494,0.5827241,Medullary_cords,238.76766950322232
ACCGGTCTGAGTACGG-1,1,4,100,6253,22380.0,6253,4222.892,Medium-High,5,12,3,5,6,3,3,5,4154.916605661298,0.5982695885852573,0.09832437336444855,0.6052143628493893,0.4194522798061371,0.021033401710516184,-0.16418083012104034,0.3859697997488873,-0.17509138584136963,0.3547361757655223,0.04710112512111664,0.8047856645668006,0.04754273593425751,0.8029908291341793,0.10991664,0.0807686,0.10997459,0.14449511,0.28593397,0.0014072371,0.26750383,0.3515337,0.61723006,2.33912,2.846205,0.13852015,0.9459551,0.4713584,1.7917135,0.9020767,2.201861,0.18469353,0.27440786,Medullary_cords,276.84652788142387
ACCGTCCACTGGGCCC-1,1,63,5,535,780.0,535,1515.3229,Low,5,1,6,5,5,0,3,1,6450.776464891649,0.6931471805599453,0.26125776767730713,0.16316015340158552,-0.013409656472504139,0.9439311560715753,0.00031514745205640793,0.9986812700057268,-0.015411198139190674,0.9355783481684523,0.061477407813072205,0.7469049856931259,0.07222969830036163,0.7044621392703035,0.13425578,0.025436053,0.20581494,0.24232064,0.124102004,0.11395924,0.15411139,0.0,0.2917949,1.8636911,2.570252,0.0,0.0,0.0,1.0941508,0.98476774,1.1817213,0.0,0.43769234,Medullary_cords,238.76766950322232
ACCGTGACCACGTGGG-1,1,61,39,5888,19207.0,5888,4288.2075,Medium-Low,3,1,0,0,5,0,5,6,4354.781854467569,0.45056120886630463,-0.5256084203720093,0.0028558331669116233,0.11443710327148438,0.5470757780443618,-0.03361562639474869,0.8600218309061812,-0.0485476590692997,0.7989102002072405,-0.2747301757335663,0.14176180150020512,-0.07867305725812912,0.6794296164681725,0.0956714,0.00401548,0.06292376,0.487337,0.22765417,0.001205795,0.121192455,0.42405164,1.0068575,1.8896475,2.7270615,0.0,0.75414073,0.16999303,1.2821573,1.6381633,1.8853554,0.20957571,0.20957571,Medullary_cords,137.55726080436466
ACCGTTCCCGCTCTGA-1,1,5,65,5595,17194.0,5595,4340.6694,Medium-Low,4,5,1,4,6,3,4,7,4258.19797566999,1.2424533248940002,-0.37058818340301514,0.04380293886003887,-0.004982328042387962,0.9791537532235274,0.30419066548347473,0.10219185084024249,-0.25361573696136475,0.17627389286669518,-0.2639177739620209,0.15876309132185515,0.15699002146720886,0.40739416323010935,0.21278119,0.0,0.24061751,0.104034126,0.211172,0.0,0.23139514,0.15375945,0.45262754,2.1671624,2.7413507,0.15375945,0.27997732,0.8628419,2.0025108,0.7384121,2.0833712,0.11461432,0.12860304,Medullary_cords,0.0
ACCTAAGTACCTTTCA-1,1,50,30,5766,18544.0,5766,4203.1343,Medium-Low,2,9,0,2,3,6,2,3,4243.339486772182,0.6365141682948128,-0.5660958886146545,0.0011111922520090827,-0.04125574231147766,0.8286313579660886,0.2264464795589447,0.22885879453435695,0.09732799232006073,0.608893761184882,-0.12461250275373459,0.5117637621894605,0.2414718121290207,0.19861088240131464,0.045036394,0.11947084,0.11121786,0.20330502,0.22745445,0.011883464,0.281632,0.23189792,0.49717492,2.2614114,2.696352,0.10782984,0.5620013,0.29075038,1.6525228,1.0571666,2.4826639,0.10782984,0.4427329,Medullary_cords,240.00208332429116
ACCTAATCGACTTCCT-1,1,32,30,6669,23960.0,6669,4343.7856,Medium-High,3,7,2,0,3,6,0,3,4056.441420752924,0.8675632284814613,0.2678143382072449,0.15247599333537742,-0.09863348305225372,0.6040748117184717,-0.2472066730260849,0.18783066677060897,0.3564125597476959,0.05320813404002317,-0.19449514150619507,0.30305473248752945,0.1507328301668167,0.4265698424522283,0.008598926,0.0,0.091596544,0.21942408,0.1611517,0.162857,0.3563717,0.20035982,0.52027434,1.5890241,2.6863494,0.22096409,0.5139329,0.345455,1.0734761,1.1513953,1.9263824,0.0,0.79850173,Medullary_cords,365.0
ACCTACAGTATGTGGT-1,1,41,113,6584,22993.0,6584,4334.1943,Medium-High,2,10,0,3,0,4,6,3,1758.2118757419425,0.45056120886630463,-0.18717633187770844,0.321962118112148,0.1331082135438919,0.48316906872134513,-0.019788190722465515,0.9173368682083998,0.08334565162658691,0.6614815070664538,-0.0520862340927124,0.784583277216308,0.04323253780603409,0.8205493757769868,0.029108476,0.0008784979,0.30391872,0.10131212,0.11988767,0.0,0.44489452,0.40882015,0.50617313,2.1698813,2.7356768,0.12338167,0.55537194,0.261419,1.5698425,1.1411436,2.826778,0.8040417,0.5524823,Medullary_cords,551.0036297521098
ACCTACTATAAATCTA-1,1,68,58,7335,31038.0,7335,4270.1865,High,2,4,3,3,2,1,6,3,4144.868755461383,0.6365141682948128,-0.36833760142326355,0.04520039043476877,-0.10291281342506409,0.5883934509359504,-0.155910462141037,0.4106674050848224,-0.019974254071712494,0.9165622796799863,0.06467538326978683,0.7341990821474447,-0.015791401267051697,0.9339924199605154,0.0077273296,0.07528037,0.24150732,0.047676463,0.2153048,0.034489926,0.3780138,0.28934216,0.36311898,2.1439962,2.7909188,0.28513688,0.5603044,0.2591101,1.2807733,0.68442285,2.7817852,0.33885956,0.6005939,Medullary_cords,366.3659372812926
ACCTCCGCCCTCGCTG-1,1,55,107,5404,17143.0,5404,4082.6821,Medium-Low,5,10,7,1,0,4,3,1,2420.135946594736,1.3321790402101223,-0.1848754733800888,0.3280531894537961,-0.23803851008415222,0.20526544143999167,0.10083914548158646,0.5959701024634243,0.005812591407448053,0.9756808447150688,-0.22698457539081573,0.22772487321584692,-0.04111476615071297,0.8292083943716068,0.11719636,0.003466319,0.0,0.22074473,0.2797381,0.2451403,0.13371418,0.15409595,0.64362806,2.2399106,3.0001621,0.22977538,0.5887419,0.15409595,1.8753805,1.0434341,2.0286865,0.34466308,0.43523666,Medullary_cords,0.0
ACCTCCGTTATTCACC-1,1,34,112,5491,16520.0,5491,4235.5864,Medium-Low,1,0,4,3,0,4,0,3,1720.2005697011032,1.2424533248940002,-0.3472142815589905,0.06011809547652339,-0.28699490427970886,0.12412300531445578,0.12027840316295624,0.5266658534345257,-0.18231995403766632,0.334900644878548,-0.10210093855857849,0.5913548218835721,0.01610344834625721,0.9326909734730945,0.08502242,0.0,0.0,0.11575418,0.3898686,0.20865951,0.2006953,0.35130197,0.6410625,2.1630385,2.6772141,0.09916104,0.44149363,0.45415658,1.8856093,0.87106913,2.0860906,0.2366637,0.4625423,Medullary_cords,0.0
ACCTCGAACTTATGCT-1,1,65,15,3710,9108.0,3710,3841.6372,Low,4,1,1,4,5,0,4,7,5976.0604079945515,0.6365141682948128,0.08806395530700684,0.6435425971594504,0.26071614027023315,0.16406600717336728,-0.00039994530379772186,0.9983264350507763,0.35923948884010315,0.051215503151467404,0.23530104756355286,0.2106798708862766,0.1613541543483734,0.39431282317397964,0.36615175,0.0,0.031065384,0.17380026,0.42898256,0.0,0.0,0.0,0.50246,2.386318,2.728239,0.0,0.5683631,0.6578939,1.9639653,0.8225314,2.1314898,0.0,0.1936559,Medullary_cords,0.0
ACCTGCGTGTCATGTT-1,1,46,18,5483,17028.0,5483,4167.88,Medium-Low,2,7,0,3,3,6,6,3,4912.713710364161,0.0,-0.23403091728687286,0.2132249269777514,-0.1960737109184265,0.299070143130762,0.11401229351758957,0.5485743900579849,-0.09491384774446487,0.6178473638266707,-0.002827049233019352,0.9881706576166662,0.07312369346618652,0.700970114097596,0.053386703,0.06963238,0.14565986,0.16714478,0.15350915,0.17209773,0.23856938,0.15486039,0.6019854,2.4103506,2.6950111,0.29131764,0.5484502,0.4829843,1.6393796,1.0612855,2.8634498,0.11550901,0.6070254,Medullary_cords,477.53533900644464
ACCTTTCCTTTAGAAG-1,1,0,66,6168,22797.0,6168,4194.034,Medium-High,0,5,1,1,6,3,4,0,4796.8665814258375,1.0397207708399179,-0.5414135456085205,0.00200330067581854,-0.07046186923980713,0.7113847408737742,0.21882419288158417,0.2453296967546306,-0.17103324830532074,0.3661725203439919,0.11765599250793457,0.5357830949220119,-0.017378898337483406,0.9273732911987921,0.14122537,3.9089224e-05,0.09745664,0.27515152,0.27736512,0.02610197,0.18266034,0.18371373,0.8246572,2.0597274,2.612445,0.0,0.42509055,0.56006604,1.621144,1.1603671,1.9595355,0.18186074,0.20059532,Medullary_cords,138.00362314084367
ACGAAATGGGCGGCAC-1,1,32,24,7540,30420.0,7540,4440.6855,High,2,7,5,3,3,6,6,3,4463.509045582859,0.45056120886630463,0.0805436298251152,0.6722231694577304,-0.2876769006252289,0.12319206357880921,-0.20232754945755005,0.2836107943375251,0.24148176610469818,0.19859180865182613,-0.14696457982063293,0.43835359854033135,-0.07038833945989609,0.7116731667871098,0.021014383,0.041590855,0.1768031,0.15096399,0.1289878,0.18194205,0.2986978,0.41154715,0.5889748,2.0631418,2.7214293,0.3330425,0.41594484,0.3962067,1.2963947,0.9404521,2.4475443,0.323717,0.6506201,Medullary_cords,478.17360864020924
ACGACTCTAGGGCCGA-1,1,71,93,5305,17594.0,5305,3844.805,Medium-Low,2,6,7,2,2,1,2,4,3967.823080733313,1.277034259466139,0.0353633277118206,0.8528209066809032,0.03575552999973297,0.8512065153796131,0.04988328367471695,0.7934947547368921,-0.1740923970937729,0.3575314680807571,-0.6451317071914673,0.00011861133090303744,0.31366395950317383,0.0914290536316355,0.09750113,0.0,0.21790935,0.18451239,0.25245067,0.0,0.24762642,0.15116587,0.5555318,2.2414854,2.587891,0.0,0.38513628,0.5660077,1.5580064,0.8162891,2.6706803,0.11251011,0.32810223,Medullary_cords,138.0
ACGACTGGTCATACTC-1,1,64,34,5968,19679.0,5968,4297.4624,Medium-Low,3,1,2,0,5,0,5,6,4849.335727705394,0.8675632284814613,-0.2149263173341751,0.2540488179014415,-0.2114400714635849,0.26201777168366686,-0.15239779651165009,0.4214194772655679,0.0049054729752242565,0.9794752501139442,-0.25252312421798706,0.1782077692883091,0.13765159249305725,0.4682211528904155,0.024197925,0.06982403,0.0,0.3084676,0.28198445,0.009700413,0.3058255,0.22565763,0.6850726,1.7783347,2.796198,0.30816573,0.70666635,0.4317811,1.2490593,1.6580563,1.8885697,0.0,0.3597822,Medullary_cords,413.0012106519786
ACGAGAACCCATCACG-1,1,8,34,6959,28243.0,6959,4277.746,High,3,8,2,0,1,5,5,6,5169.925724804952,0.0,-0.3988384008407593,0.02902057779300887,-0.11423647403717041,0.5477833040932415,0.08019936084747314,0.673547365088214,-0.2102336585521698,0.26481301648014227,-0.23581603169441223,0.2096539013773404,0.2510063052177429,0.18091713932763548,0.046773955,0.00120349,0.070761606,0.5343663,0.2543355,0.022133026,0.070426136,0.22275043,1.0250627,1.4824674,2.40012,0.104815,0.5672895,0.27007607,0.98852503,1.7956548,1.6502202,0.13385127,0.32550657,T_cell_zone,602.7354311802153
ACGAGATATTTGCTTA-1,1,9,81,4776,13573.0,4776,4054.5828,Low,5,5,4,1,6,3,1,1,3506.4061373434765,0.6365141682948128,-0.3735545575618744,0.04201392890783786,0.23846733570098877,0.20442601027240556,0.17868338525295258,0.34479354599001943,-0.05367148295044899,0.7781869630731687,-0.02203022688627243,0.908008328264545,0.10087643563747406,0.595833483386701,0.09308895,0.0028999655,0.15657443,0.0971949,0.1385935,0.30353376,0.20811448,0.069002435,0.5148548,2.2510064,2.7101362,0.25120983,0.5350091,0.32021224,1.786871,1.0012991,1.9464884,0.13800487,0.5778896,Medullary_cords,138.0
ACGAGGATACCACTCT-1,1,50,18,6376,24494.0,6376,4055.7256,Medium-High,2,7,5,2,3,6,2,4,5028.302496867109,0.0,-0.08003834635019302,0.6741670196918914,-0.32902875542640686,0.0758324319786551,0.01857919991016388,0.9223717173493062,0.011926612816751003,0.9501239845392616,-0.04040278494358063,0.8321239644434255,-0.10869774967432022,0.5674827237883422,0.057901785,0.0,0.13814887,0.2129462,0.2942881,0.0,0.296715,0.30972165,0.66713697,2.297336,2.7327073,0.3245834,0.7100035,0.27761552,1.6404853,1.0667057,3.032174,0.19991562,0.28207755,Medullary_cords,828.4407039734347
ACGAGGTTTACAACGT-1,1,57,13,7196,27447.0,7196,4492.042,High,5,1,4,1,5,0,1,1,5642.177771038413,1.2424533248940002,0.23401398956775665,0.21325898732166368,0.11508055776357651,0.5448095020800598,0.26051896810531616,0.16439665845248833,0.41242799162864685,0.02352161015801455,0.5122359991073608,0.003805378260659444,0.7087714076042175,1.1680285749744655e-05,0.121178895,0.0016486344,0.06303233,0.12771285,0.19725747,0.18193313,0.3072367,0.22055942,0.59604764,2.2555575,2.8490596,0.17568293,0.8200957,0.42308718,1.764635,0.94452995,1.8419782,0.21451908,0.3179016,Medullary_cords,138.0
ACGAGTACGGATGCCC-1,1,28,104,5599,16574.0,5599,4339.742,Medium-Low,3,0,4,0,0,2,1,1,1627.206501953578,0.8675632284814612,-0.5342276692390442,0.0023587133405799255,0.04147501289844513,0.8277340246171538,-0.2245645672082901,0.2328543663169125,-0.08389126509428024,0.6593974352243251,-0.18649642169475555,0.3237547374388958,0.2523607909679413,0.1784963601709326,0.12017892,0.0018731044,0.0,0.33636546,0.07195548,0.0,0.46962702,0.24384286,0.80319685,2.056857,2.8544502,0.0590151,0.4995975,0.38953,1.6207646,1.3114433,1.7019302,0.19788384,0.4423634,Medullary_cords,137.0
ACGATACATAGAACTA-1,1,22,80,6271,22341.0,6271,4197.1406,Medium-High,2,5,0,2,4,2,2,4,1993.8028989847517,1.0114042647073518,-0.31272760033607483,0.0924528111607884,0.12659303843975067,0.5050239959987658,-0.035245392471551895,0.853306468492983,-0.19735461473464966,0.2958613198993918,-0.1346776932477951,0.4779779079328193,0.21922975778579712,0.24443403465832164,0.015121201,0.1378521,0.2535858,0.20257361,0.0,0.14664118,0.24422611,0.38915554,0.8408665,1.9338765,2.5060973,0.37131774,0.48124647,0.3515794,1.2206475,1.1833566,2.6031256,0.18496995,0.33643818,Medullary_cords,238.40302011509837
ACGATCATACATAGAG-1,1,25,63,6105,19379.0,6105,4406.959,Medium-Low,1,3,0,3,4,2,0,3,2320.341569683222,1.0114042647073518,-0.5800888538360596,0.0007791687717497985,0.03188310191035271,0.8671711018515109,0.14767348766326904,0.4361233569425711,-0.1441158801317215,0.44737787969249593,-0.09209290146827698,0.6283780400434374,0.16609983146190643,0.38036436520117084,0.0835068,0.0009222667,0.22302002,0.115451545,0.20002863,0.0006807254,0.37639013,0.42438775,0.63999593,2.0677032,2.6976352,0.32247525,0.4502284,0.43483508,1.5387566,0.90118146,2.5561478,0.20805383,0.55599576,Medullary_cords,138.00362314084367
ACGATCATCTTGTAAA-1,1,36,102,6345,22365.0,6345,4325.6255,Medium-High,3,0,2,0,0,4,5,6,992.9415894200424,0.0,-0.4890938103199005,0.0060919766563600096,0.008150123991072178,0.9659057225060638,0.280721515417099,0.13293097352240119,-0.12170970439910889,0.5217215026784423,-0.43263599276542664,0.01694775644651052,0.0828966498374939,0.6631984155521197,0.02809555,0.00039156943,0.15936485,0.52141196,0.120261274,0.0,0.17047487,0.16297421,0.9946816,1.4326515,2.4859216,0.34454525,0.6868602,0.4938621,0.92344564,1.6579754,1.7723434,0.34881437,0.2573308,Medullary_cords,365.0
ACGATGCATATGTTAT-1,1,37,43,4832,13753.0,4832,4081.2268,Low,0,9,7,1,3,6,1,0,3100.0238708758357,1.3296613488547582,0.008867250755429268,0.9629077392659846,-0.08513116091489792,0.6546707263672148,0.12189791351556778,0.5210730282003944,0.2460871785879135,0.18990229117016216,-0.21327267587184906,0.25780864460541486,-0.3720362186431885,0.04292218919393736,0.12009332,0.12072974,0.0,0.16390671,0.36885723,0.0,0.226413,0.068310305,0.34979707,2.2887888,2.900761,0.20493092,0.45378345,0.461832,2.207741,0.9353972,1.9761307,0.0,0.24072298,B_cell_zone,0.0
ACGATGGATCCGATGC-1,1,10,70,5771,19334.0,5771,4096.7935,Medium-Low,1,5,3,5,6,3,3,5,3574.5641692379786,1.0114042647073518,0.2693289816379547,0.1500811233842742,-0.04287589341402054,0.8220061841347228,-0.5755005478858948,0.0008768751318087124,-0.05804755166172981,0.760604735148732,-0.4030415713787079,0.027218294192973384,-0.17878057062625885,0.3445268951849299,0.063892,0.068874516,0.07581381,0.14260711,0.19341744,0.1950895,0.26030564,0.20458305,0.23675013,2.1893637,2.60087,0.24511868,0.60476375,0.3614914,1.7897635,0.76634806,2.169443,0.0,0.6209551,Medullary_cords,137.55726080436466
ACGCAAACTAATAGAT-1,1,63,47,7458,29922.0,7458,4490.3994,High,5,4,7,1,2,0,1,1,4115.364989888503,1.5607104090414068,-0.22390981018543243,0.23425540882099496,-0.06714101880788803,0.7244494036166854,0.37960484623908997,0.038546178892104495,-0.022783584892749786,0.9048764266869166,-0.08007849752902985,0.6740124807217484,-0.2896554172039032,0.12052050338605245,0.06286706,0.002921326,0.048068743,0.24686076,0.15987879,0.014097358,0.46530598,0.17358911,0.6974239,2.1130931,2.9492295,0.1279703,0.4964161,0.4746538,1.8535889,1.2594494,1.8528244,0.20005578,0.37904915,B_cell_zone,0.0
ACGCAATCACTACAGC-1,1,25,109,6795,25002.0,6795,4511.523,Medium-High,4,0,1,4,4,2,4,7,2124.3737900849746,1.0114042647073518,-0.6486114859580994,0.00010593322641728232,0.046345848590135574,0.8078575797051186,0.4109625220298767,0.02406999671101765,-0.07934978604316711,0.6768192561625009,-0.6115083694458008,0.0003303701480845285,-0.08380913734436035,0.6597109781333356,0.21985477,0.10918838,0.13302197,0.14018612,0.13278742,0.26496136,0.0,0.15758632,0.4932955,2.2784736,2.8524468,0.12617281,0.4071021,0.7215403,2.0920074,0.8742146,1.9530901,0.23105744,0.21532463,B_cell_zone,0.0
ACGCATAAATGACATG-1,1,5,111,6575,25252.0,6575,4221.36,Medium-High,5,12,4,6,4,3,3,1,4257.629857091854,0.45056120886630463,0.2720676362514496,0.1458199549947065,0.25181958079338074,0.17946088027102458,-0.1801224648952484,0.3408578182872439,-0.3001004457473755,0.1071226588796304,-0.3036789000034332,0.10279927056531703,0.1338224560022354,0.4808030826552152,0.11933802,0.12914826,0.0066381847,0.2042454,0.16778405,0.0,0.37284604,0.22298124,0.5707294,2.1741452,2.9096475,0.25419682,0.69785964,0.41051877,1.8469406,1.1123067,1.9543378,0.16680846,0.45553356,Medullary_cords,0.0
ACGCATACGTTTACTA-1,1,56,102,5128,14484.0,5128,4237.7095,Low,5,10,0,0,0,4,1,1,2361.9223103226745,1.0114042647073518,0.14676819741725922,0.43897251671991544,0.246244877576828,0.18960951066534465,-0.04720839485526085,0.8043495992056258,0.22567257285118103,0.23049628758074361,0.1600417047739029,0.3982213414712942,0.16934166848659515,0.3710030528471235,0.05282075,0.0038934273,0.0,0.36598313,0.39006144,0.0012908855,0.1859503,0.14026645,0.8559031,1.8344002,2.7812893,0.19687629,0.6238097,0.44557908,1.5101743,1.5019765,1.6524795,0.13125086,0.30831945,Medullary_cords,138.42326394071193
ACGCCACTCGAAACAG-1,1,75,71,5088,15166.0,5088,4011.3916,Low,2,4,5,3,2,1,0,3,4583.940008333442,0.5982695885852573,-0.1152816116809845,0.5441022860395704,-0.010602384805679321,0.9556560559795432,0.05707898736000061,0.7644865215797246,-0.12750518321990967,0.5019349079451598,-0.11824029684066772,0.5337451784698619,0.4390772879123688,0.015205009634179777,0.0,0.07934085,0.19186772,0.18352701,0.33512443,0.0131606115,0.19697939,0.34231603,0.34948087,1.7988894,2.7341075,0.5107567,0.38964856,0.26339495,1.0539312,0.937065,2.2708213,0.253232,0.5049412,Medullary_cords,276.3494165001982
ACGCCAGATGATTTCT-1,1,17,73,6779,25654.0,6779,4387.238,High,1,5,0,7,6,3,8,2,2718.936005131419,1.0114042647073518,-0.4131517708301544,0.023254571632760856,-0.08232720196247101,0.6653782965219902,0.3847341537475586,0.035789764871515944,0.08933769911527634,0.6387327905998854,-0.24994327127933502,0.18283309369131132,-0.24458929896354675,0.19269892415712445,0.016629873,0.05096894,0.17489977,0.17817262,0.14540942,0.11724342,0.31667593,0.5652261,0.79535645,1.8651333,2.9010026,0.4070188,1.4393345,0.29231805,1.3018444,1.0021389,2.2211318,0.27592802,0.49699032,Medullary_cords,238.76766950322232
ACGCCCAGCTGTCGAT-1,1,3,71,5604,17559.0,5604,4207.1934,Medium-Low,3,5,2,0,6,3,5,6,4352.024930994767,0.0,-0.5185991525650024,0.0033243023296557106,-0.03647414967417717,0.8482500514698617,0.01904192939400673,0.9204443198772099,-0.1263684630393982,0.5057859973635862,0.10242435336112976,0.590174367665712,0.12345955520868301,0.5157075687678306,0.059960995,0.0,0.29900315,0.5366319,0.08264173,0.0,0.021762336,0.15139498,0.74333566,1.5822196,2.6618164,0.11269579,0.7042667,0.649752,0.96654123,1.5458745,2.0487678,0.22539158,0.29280284,Medullary_cords,238.76766950322232
ACGCCGCTAGACGACC-1,1,43,71,4562,11355.0,4562,4247.092,Low,4,2,1,4,0,7,4,7,1314.9011369680993,0.0,-0.17783178389072418,0.3471354326454251,-0.43556198477745056,0.016136621903309757,0.032888758927583694,0.8630199657857728,0.090882807970047,0.6329175192362114,0.0050577763468027115,0.9788381441571808,0.025333881378173828,0.894284839520765,0.09803069,0.14237323,0.05494376,0.20900956,0.35748512,0.0,0.13815773,0.078968935,0.50653046,2.2063897,2.7216163,0.2369068,0.48111957,0.7314376,1.8838094,0.7721519,2.0359378,0.0,0.10529192,Medullary_cords,0.0
ACGCGAAGTCAGACGA-1,1,49,59,4737,12547.0,4737,4130.5474,Low,2,2,5,3,0,7,6,3,2392.149242835823,0.6931471805599453,-0.324432909488678,0.08026503302970898,0.04500918090343475,0.8133010136674039,-0.23908406496047974,0.2032228982051202,-0.09200777858495712,0.6286969339109633,0.6136713624000549,0.0003103817317261209,-0.06693694740533829,0.7252547701707837,0.11568499,0.0001997705,0.23593698,0.23855782,0.0,0.0,0.40962046,0.5020934,0.7139517,2.3819203,2.8540778,0.3988443,0.37856543,0.4122345,1.6728684,1.2254363,2.4037488,0.38485208,0.3542607,Medullary_cords,497.24139007126104
ACGCGCTACACAGGGT-1,1,41,31,5384,17725.0,5384,4000.4912,Medium-Low,3,7,0,0,3,6,5,6,3940.315977177465,1.0114042647073518,-0.2874315679073334,0.12352635344489302,-0.1274515688419342,0.5021162176310882,-0.3667939305305481,0.046179265429215605,0.266069233417511,0.15526919119215193,0.09477320313453674,0.6183706625479014,0.2196527123451233,0.2435022828217306,0.00075360807,0.0023333672,0.2651212,0.5026779,0.22911392,0.0,0.0,0.21822828,1.3155322,1.4158882,2.578264,0.2621778,0.42448625,0.16775942,0.7540239,1.8665147,2.1017473,0.40701818,0.32634208,Medullary_cords,275.98007174431996
ACGCTAGTGATACACT-1,1,28,100,6265,21011.0,6265,4328.977,Medium-High,1,0,4,6,0,2,7,5,1454.2798905300176,0.8675632284814612,-0.3090776801109314,0.09652661240432717,0.2741764485836029,0.1425989433673771,-0.41601523756980896,0.022222359292989463,-0.36469781398773193,0.047535377995674255,-0.03073948621749878,0.8718959070419282,0.0034278417006134987,0.9856569696936337,0.13437532,0.0031746163,0.17696784,0.15704851,0.24036896,0.0,0.28806475,0.30539685,0.61761695,2.1067872,2.8711753,0.24330992,0.56497204,0.45133406,1.7285566,0.95703375,2.3265922,0.09732397,0.39038318,Medullary_cords,238.40302011509837
ACGCTGTGAGGCGTAG-1,1,39,13,3440,9839.0,3440,3405.1404,Low,5,7,3,5,3,6,3,5,5163.713102022613,0.45056120886630463,-0.17080719769001007,0.3668158819363101,0.07094381749629974,0.7094952320507288,0.08908165246248245,0.6396985079505604,0.4643173813819885,0.009743378032199311,-0.43937844038009644,0.01512732471012692,-0.22923976182937622,0.22301374959684173,0.11949265,0.19049563,0.0,0.053236235,0.42743525,0.0047222544,0.20461799,0.2904674,0.46707493,2.2539194,2.8157427,0.0,0.35064778,0.13868277,1.9926072,0.836442,1.4344095,0.0,0.30179295,B_cell_zone,0.0
ACGCTTAGTGTCTCTC-1,1,3,81,5824,20075.0,5824,4093.479,Medium-Low,1,5,3,6,6,3,7,5,4219.78020754636,1.0114042647073518,-0.09993749856948853,0.5992775443489418,0.002050291746854782,0.9914207361722525,-0.300434947013855,0.10671285017546686,0.19974125921726227,0.2899408191835124,-0.16009236872196198,0.3980700544902003,-0.022135527804493904,0.9075704831132104,0.083882466,0.0,0.08996709,0.14367986,0.14144175,0.17405072,0.36697817,0.31377482,0.4911317,2.1865811,2.8320735,0.23800114,0.61961234,0.5928233,1.5980595,1.122402,2.3087955,0.0,0.4325519,Medullary_cords,137.55726080436466
ACGGAATTTAGCAAAT-1,1,15,27,7599,33670.0,7599,4376.029,High,3,11,2,0,1,5,5,6,5021.949024034394,0.45056120886630463,-0.5419963598251343,0.0019766272962138897,-0.18413138389587402,0.33003803810829274,-0.18751001358032227,0.3210845931554886,-0.024364043027162552,0.898310656033633,-0.3021824061870575,0.10459104601013067,0.27395179867744446,0.1429395967017043,0.017322006,0.05510697,0.06472779,0.5407116,0.20891935,0.0,0.11321232,0.28058317,1.0684308,1.402647,2.6523976,0.2141033,0.5572812,0.19506098,0.77594477,1.7933962,1.9278402,0.0,0.2901026,Medullary_cords,363.38547026539186
ACGGACTCTCAAAGCG-1,1,61,75,5839,19571.0,5839,4144.685,Medium-Low,2,6,0,0,2,1,0,3,2896.4794147378298,1.0114042647073518,-0.20513224601745605,0.27684698674503855,0.17388924956321716,0.3581014988261923,0.05900539457798004,0.7567715125374126,-0.2291307896375656,0.22323986675881927,-0.08438340574502945,0.6575197536510399,0.00657876580953598,0.9724763990967171,0.045002054,0.0,0.14851005,0.20974673,0.12554464,0.20007804,0.27111846,0.2971817,0.6697625,1.9592984,2.6378675,0.13961528,0.6185445,0.13961528,1.216934,1.2257113,2.3779573,0.0,0.45841622,Medullary_cords,276.3494165001982
ACGGAGCGCAAATTAC-1,1,18,108,5129,16480.0,5129,3953.8582,Medium-Low,1,12,3,5,4,3,3,5,2763.121785227716,1.0042424730540764,0.00413677841424942,0.982690986176599,0.08760535717010498,0.6452777927465632,0.010599937289953232,0.9556662826255217,0.2196475863456726,0.2435135610518038,-0.25000303983688354,0.1827249944946473,-0.054602161049842834,0.7744383525312671,0.060900934,0.13328631,0.10638131,0.03542918,0.30388686,0.20133147,0.15878393,0.2882167,0.28196865,2.2852325,2.9008293,0.059280276,0.6793052,0.4758221,1.7812603,0.7174845,2.212696,0.0,0.46332934,Medullary_cords,137.55726080436466
ACGGATGGTGCGGATA-1,1,57,79,4899,14750.0,4899,3923.3022,Low,2,6,0,2,2,1,2,4,2359.2965053167864,0.0,-0.5557591915130615,0.001430129028353719,0.23407350480556488,0.21313925284327565,0.35748788714408875,0.0524430746430057,-0.15489384531974792,0.4137632572302815,-0.11046083271503448,0.5611773516987018,0.12942060828208923,0.4954789969463065,0.078327864,0.11040896,0.2292641,0.1552966,0.29573038,0.017981846,0.112990335,0.22863959,0.72356033,2.2425964,2.5694067,0.17181486,0.6672721,0.1293956,1.541611,1.1470466,2.976449,0.0,0.40161398,Medullary_cords,238.40302011509837
ACGGCACTTGCTTGGG-1,1,52,60,4241,10288.0,4241,4038.78,Low,2,2,0,2,2,7,2,4,2554.809777654689,0.6365141682948128,-0.24578048288822174,0.1904725967765183,0.17073515057563782,0.36702107478186907,0.12205523252487183,0.5205312867452916,0.1686936318874359,0.37286346439133644,-0.10078567266464233,0.5961660331281268,-0.21669022738933563,0.2500782326048304,0.015545858,0.17095299,0.13526534,0.09918607,0.1350562,0.24013992,0.20385368,0.16976285,0.7190968,2.2416904,2.7186022,0.30473453,0.47536898,0.084881425,1.3924128,0.9482793,2.4572513,0.26994336,0.71832776,Medullary_cords,413.0012106519786
ACGGCCAACATGGACT-1,1,53,55,5407,16776.0,5407,4094.9531,Medium-Low,2,2,5,2,2,7,2,4,2895.944232888472,0.45056120886630463,-0.5346754193305969,0.002335075163265263,0.03755147010087967,0.8438216514697737,-0.005081533454358578,0.97873876604855,-0.125896617770195,0.5073888654942338,-0.16641944646835327,0.379435380941671,-0.10068342089653015,0.5965407728073702,0.03583955,0.07083743,0.27009124,0.10142273,0.14665127,0.22417824,0.15097956,0.42042378,0.2697879,2.2952583,2.7644277,0.23377834,0.5952369,0.49013358,1.3976979,0.94631195,2.8934586,0.3506675,0.65354246,Medullary_cords,137.55726080436466
ACGGCGACGATGGGAA-1,1,49,77,5798,17920.0,5798,4264.3115,Medium-Low,2,10,0,3,0,4,6,3,1520.1697273659938,0.6365141682948128,0.20390458405017853,0.2797947158867567,-0.5193418264389038,0.003271722769871615,0.025429122149944305,0.8938896305066814,-0.5698302984237671,0.0010123136913313554,0.28969651460647583,0.12046546836285305,-0.20991934835910797,0.26554444674564903,0.05038128,0.0027121638,0.30072302,0.17912644,0.014678414,0.0,0.45237863,0.335323,0.31000087,2.3989394,2.7760193,0.16630718,0.5492856,0.49384984,1.4388819,1.0669596,2.6089833,0.99311703,0.5442511,Medullary_cords,365.57078657901536
ACGGCGGGTTGCCCTG-1,1,5,31,6276,20954.0,6276,4380.147,Medium-High,3,8,2,0,1,5,5,6,5569.177497620272,0.0,-0.4564099907875061,0.011240259872039847,0.2908058166503906,0.11898697570458214,0.25200384855270386,0.17913207643063003,-0.4700940251350403,0.008759163415649984,-0.12713190913200378,0.5031979018428281,0.08857819437980652,0.6415990564024979,0.027099209,0.0025087632,0.13814785,0.49866444,0.14106391,0.0,0.19251586,0.083767906,1.0970986,1.4944632,2.4888866,0.048773512,0.8425765,0.4034704,1.0801455,1.6498994,1.8326341,0.16753581,0.24175325,Medullary_cords,365.3833603217311
ACGGCTGGATGTAGAA-1,1,61,11,4827,13780.0,4827,4055.981,Low,3,1,6,0,5,0,5,6,5973.965182355853,0.8675632284814613,0.16945873200893402,0.3706675635469152,0.06405403465032578,0.7366625065231749,0.07694108784198761,0.6861268877185734,0.3212474286556244,0.08345222429396545,0.1640210896730423,0.3864385433207252,0.18799978494644165,0.3197992569237344,0.026771715,0.098259136,0.08578957,0.30966288,0.20519526,0.27432144,0.0,0.2127082,0.7718195,1.7160761,2.724192,0.20462143,0.61717546,0.13641429,1.4142609,1.4648919,1.726979,0.13641429,0.33133465,Medullary_cords,138.92443989449805
ACGGGAGTGTCGGCCC-1,1,47,25,6626,28589.0,6626,3856.1338,High,2,7,5,2,3,6,2,4,4468.7220768358375,0.0,-0.2032967507839203,0.28126161328255755,-0.08986836671829224,0.6367331446311105,0.38867416977882385,0.033782208322063106,-0.048275526612997055,0.8000147238629649,-0.2547806203365326,0.17422843735906404,-0.07220572233200073,0.7045558730512456,0.07761153,0.0,0.32598794,0.101158485,0.25592658,0.010029589,0.2292858,0.26856333,0.48432523,2.1760218,2.5580692,0.29727882,0.49927557,0.56187856,1.377933,0.6846195,2.93942,0.2543743,0.46850675,Medullary_cords,276.3494165001982
ACGGGCGTATGCGACA-1,1,24,118,7311,31084.0,7311,4304.389,High,1,0,2,3,4,2,0,3,2660.234012262831,0.5623351446188083,-0.5099264979362488,0.0039941793593595365,0.045806944370269775,0.8100511658607996,0.3289054334163666,0.07594885462516353,-0.21604211628437042,0.2515323497273682,-0.3802926242351532,0.03816697874471127,-0.1648639589548111,0.38396892746935973,0.03564237,0.054059736,0.17577663,0.26849905,0.13901779,0.0013236607,0.32568076,0.2946173,0.78123766,1.9175947,2.7149165,0.24840164,0.6398522,0.48894393,1.3244534,1.323641,2.077617,0.24840164,0.5524812,Medullary_cords,366.3659372812926
ACGGTCACCGAGAACA-1,1,71,13,7321,36153.0,7321,3917.6963,High,1,1,3,5,5,0,3,5,6502.504517491702,0.6829081047004717,-0.2364225536584854,0.2084499583894827,0.2407764047384262,0.1999465527074317,-0.13852466642856598,0.46537671194651403,-0.30590710043907166,0.10017429607508328,-0.1575840562582016,0.4055993304140972,0.31394463777542114,0.09112386112719574,0.036239382,0.032838713,0.13178815,0.087136246,0.184079,0.278483,0.24943541,0.21212164,0.59551775,2.1348896,2.6155767,0.1711464,0.594266,0.25518334,1.3382515,0.89894986,2.8722887,0.2812363,0.69594103,Medullary_cords,138.00362314084367
ACGTACAGATTTCTCT-1,1,10,66,5479,17712.0,5479,4135.092,Medium-Low,5,5,4,1,6,3,1,1,3679.5358402929032,0.6365141682948128,0.09406615793704987,0.6210041458526041,-0.2121317833662033,0.26042380695273304,-0.4941014051437378,0.005517138878076298,0.0909532979130745,0.632652726214083,-0.22360575199127197,0.23490794475632976,0.1294058859348297,0.49552845800893003,0.32719028,0.010689335,0.035952922,0.18961748,0.21323927,0.07639033,0.1469203,0.11191088,0.3513983,2.400218,3.0504458,0.09447074,0.6678227,0.15042618,2.064433,0.7705967,1.8122743,0.0,0.38898444,B_cell_zone,0.0
ACGTACTTTGGCACGG-1,1,70,32,6458,21322.0,6458,4480.5737,Medium-High,4,1,7,4,5,0,4,7,5436.23711771295,0.6365141682948128,-0.4255400598049164,0.01905612093047255,0.20233823359012604,0.28358482954233666,0.17152948677539825,0.36476251401367826,0.07978235185146332,0.6751526292669874,-0.20712494850158691,0.2721050702394474,0.17179030179977417,0.3640227245149621,0.07627461,0.083089255,0.061187446,0.31313512,0.26187953,0.20443404,0.0,0.33800375,0.5486635,1.9563303,2.615887,0.1442236,0.50342333,0.85760427,1.5907357,1.2620599,1.811724,0.09614907,0.34875822,Medullary_cords,275.4813968310746
ACGTAGATTGCTGATG-1,1,33,67,4970,15729.0,4970,3920.0334,Low,5,3,3,5,4,2,3,5,1564.5555279375674,1.0114042647073518,0.08120685070753098,0.669674868430422,-0.15519499778747559,0.41284481463337624,-0.05541082099080086,0.7711852379764311,0.13306093215942383,0.4833259027180948,-0.28414759039878845,0.1280657467034607,0.15419262647628784,0.4159062297757711,0.1873927,0.005623465,0.29293987,0.25212538,0.0,0.0,0.26191857,0.0,0.76802605,2.118017,2.8914473,0.061514076,0.6299247,0.16407114,1.8004776,1.0741199,2.0387864,0.5332564,0.4239274,Medullary_cords,138.0
ACGTAGGAGAGTCGCT-1,1,70,72,5420,19857.0,5420,3675.8552,Medium-Low,2,6,5,2,2,1,2,4,3988.4031892475464,0.45056120886630463,0.20848916471004486,0.2688892151518979,0.07203151285648346,0.7052370703433238,-0.1732463538646698,0.35990901891327726,-0.13712021708488464,0.46995679727681683,-0.42710497975349426,0.018573448458153615,0.1735207885503769,0.35913677636235175,0.03713302,0.0,0.1851804,0.15319048,0.3425858,0.17838141,0.10352899,0.15723671,0.54054844,2.2129555,2.5762997,0.05098284,0.34024346,0.27615103,1.2131909,0.9711992,2.9403925,0.10196568,0.4163478,Medullary_cords,238.40302011509837
ACGTATTACTCCGATC-1,1,41,97,5014,13844.0,5014,4179.497,Low,3,10,2,0,0,4,5,6,716.8019252206288,0.45056120886630463,-0.5149697065353394,0.003591843279121042,0.034005798399448395,0.8584132589046525,-0.49730560183525085,0.00517412309175586,-0.008417642675340176,0.9647872922384724,0.4100911319255829,0.02440101096644252,-0.07703042775392532,0.685780847562177,0.03210838,0.10343332,0.0,0.42051154,0.3107827,0.0,0.1331641,0.57672065,0.8845071,1.7221847,2.6935158,0.50352025,0.65082103,0.0,1.2088392,1.6090386,1.9141014,0.3594159,0.31700063,Medullary_cords,364.00137362378183
ACGTCCTAAACGAGAT-1,1,0,62,8120,41910.0,8120,4397.5425,High,4,5,1,4,6,5,4,7,4890.6860459448835,0.5623351446188083,-0.09304715692996979,0.6248076323414015,0.15815643966197968,0.4038741480219383,0.19745050370693207,0.29562198594378236,-0.09021738916635513,0.6354193296276719,0.08388444036245346,0.6594234881645422,0.07719597220420837,0.6851398091429202,0.12836654,0.12998688,0.112491064,0.22520445,0.2791801,0.12477096,0.0,0.06748636,0.5671471,2.1360672,2.7456088,0.17778443,0.5774247,0.81728804,1.6746907,1.1244389,2.2977972,0.0,0.39003214,Medullary_cords,138.0
ACGTCTCGTTCCGGGA-1,1,44,6,6444,29663.0,6444,3855.0637,High,5,7,4,5,3,6,1,1,5690.4075425227675,0.0,-0.2640242874622345,0.15858880500147915,0.15353259444236755,0.417928978934705,0.27456632256507874,0.14200914719452912,-0.47012859582901,0.008753536069075892,-0.3264544606208801,0.07829140924793497,0.4932820200920105,0.005607904464580991,0.20837882,0.21332785,0.0,0.28347224,0.2850392,0.0057354434,0.0040464955,0.12884332,0.4516293,2.0364242,2.8983345,0.18809107,0.5222482,0.2460009,1.7346077,0.92061067,1.3726841,0.14526339,0.22021224,B_cell_zone,137.55726080436466
ACGTGCGCCTCGTGCA-1,1,17,63,5831,18368.0,5831,4268.905,Medium-Low,1,3,4,6,6,3,7,5,3047.5646014481795,0.6931471805599453,-0.20290285348892212,0.28221484380968537,-0.00827045552432537,0.9654026377906184,0.371440589427948,0.0432827448845428,-0.04987098276615143,0.7935445876957403,-0.4829035699367523,0.006872302183174902,0.09254295378923416,0.6266931100869133,0.11921111,0.09471981,0.040554885,0.0879627,0.32270294,0.0,0.33484852,0.33967006,0.55733156,2.3881743,2.834857,0.27296934,0.6140305,0.25509262,1.6989584,0.8402647,2.330449,0.10867253,0.36395913,Medullary_cords,137.0
ACGTGGTCGAATGTGC-1,1,2,78,5698,18421.0,5698,4174.1973,Medium-Low,5,5,4,1,6,3,0,1,4366.314349654637,1.2424533248940002,-0.6635264158248901,6.419328950129871e-05,0.03152647987008095,0.8686439988840579,-0.04897008836269379,0.7971964098751027,0.02267596870660782,0.9053237301209585,-0.03558628261089325,0.8519031031286747,0.15520977973937988,0.41279976265400453,0.13827173,0.0041751866,0.13981883,0.290743,0.2463424,0.0054931515,0.17515574,0.14609373,0.55868244,2.2352586,2.6780434,0.16261387,0.59224707,0.34639207,1.4602823,0.90584505,2.2935169,0.0,0.28359252,Medullary_cords,138.0
ACGTTAATGTCGAAGA-1,1,41,69,4296,10852.0,4296,4069.4634,Low,4,2,1,4,0,7,4,7,1356.472631496854,1.0986122886681096,-0.022576509043574333,0.9057371564647239,-0.4459030330181122,0.013523596335358625,0.22977286577224731,0.22190979241117195,0.07814545184373856,0.6814672855087873,-0.06869971752166748,0.7183075711676136,-0.2791277766227722,0.13523969367476557,0.35942683,0.0,0.3777998,0.0,0.1073789,0.0,0.15539448,0.08164308,0.26124457,2.4959462,3.0532522,0.08164308,0.13061398,0.54367554,2.286697,1.0907497,2.1326249,0.32657233,0.32657233,B_cell_zone,0.0
ACGTTAGATTTGCCCG-1,1,39,39,4706,13242.0,4706,4018.2224,Low,1,9,3,6,3,6,7,5,3375.427824735703,0.6931471805599453,-0.26061558723449707,0.16423457210797568,-0.15216289460659027,0.42214402013109176,0.12892691791057587,0.4971389528422066,0.4536077380180359,0.011815024617651854,-0.1711822897195816,0.36574869850061764,0.12443269044160843,0.5123778526479852,0.053192977,0.091104865,0.14613229,0.0764623,0.097804,0.016698848,0.51860476,0.23010513,0.42128235,2.1690216,2.8512347,0.14064184,0.47394264,0.30042607,1.7552208,0.94785297,2.057128,0.14064184,0.70499694,Medullary_cords,137.55726080436466
ACGTTCACTATGCCGC-1,1,74,38,5554,17955.0,5554,4145.485,Medium-Low,3,4,2,0,5,0,5,6,5517.49961486179,0.6365141682948128,-0.2931715250015259,0.11587889063695171,-0.03595168888568878,0.8503993027202509,-0.12523266673088074,0.5096485831136566,0.10499171167612076,0.5808402206266267,-0.20966126024723053,0.2661460250599971,0.22498096525669098,0.23196629053608664,0.08350303,0.0,0.0,0.611641,0.24882159,0.0,0.05603442,0.20424843,0.9776718,1.644641,2.5713696,0.110681854,0.66094655,0.20424843,1.1617233,1.638474,1.8003608,0.0,0.3428755,Medullary_cords,476.6686480145301
ACGTTCCGCGCTCCGT-1,1,8,54,7593,31422.0,7593,4512.3804,High,1,8,4,6,1,5,7,3,4287.699849569697,1.2424533248940002,-0.5792169570922852,0.0007969646610816984,-0.48497211933135986,0.006602618155131777,0.15689478814601898,0.4076823194513538,0.20748190581798553,0.27126122472537617,-0.12864816188812256,0.4980774613447233,-0.17573557794094086,0.3529405853197027,0.036669943,0.123984195,0.0,0.18511085,0.22767091,0.12770629,0.29885784,0.40226203,0.64400816,2.120355,2.9669495,0.2767011,0.60547745,0.51167417,1.5507894,1.3414725,1.7272916,0.12314255,0.5843294,Medullary_cords,137.55726080436466
ACGTTCGCAATCAATT-1,1,33,113,6189,20282.0,6189,4369.3813,Medium-High,5,0,4,1,0,4,1,1,1822.6379234505134,1.2424533248940002,-0.35666877031326294,0.0530250542556389,-0.2971104085445404,0.11083835411516528,0.015535207465291023,0.9350610454923644,-0.0034042391926050186,0.9857557191107676,-0.24590784311294556,0.19023562384944737,0.07127813249826431,0.7081855194621834,0.11997618,0.1588338,0.030287841,0.24381302,0.13259053,0.0,0.31449863,0.3085026,0.6576401,2.2220564,2.8585062,0.2770808,0.7128497,0.40791014,1.7564186,1.1873455,1.8944792,0.10020492,0.15131891,Medullary_cords,137.92751719653333
ACGTTCGTTCAGGAAA-1,1,60,44,8447,40232.0,8447,4635.497,High,1,2,0,3,5,0,6,3,4014.714560214711,1.0114042647073518,-0.17190487682819366,0.3636980184053903,0.10726795345544815,0.5726195735864662,-0.014341402798891068,0.9400420261138156,0.04872450977563858,0.7981926071879945,-0.41438814997673035,0.02280416371580186,-0.17144179344177246,0.3650114513128493,0.016754875,0.079041466,0.2261247,0.09183508,0.015483034,0.1573094,0.4134514,0.47432384,0.55812037,2.1447616,2.8254013,0.37753415,0.60835046,0.35825437,1.5148598,1.053704,2.1450691,0.73777866,0.7667498,Medullary_cords,137.55726080436466
ACGTTCTGTACAAGTC-1,1,65,95,5387,19101.0,5387,3833.8645,Medium-Low,1,6,5,5,2,1,3,5,3269.921864509915,0.6931471805599453,0.2219897359609604,0.23839646398452013,-0.24127495288848877,0.19898836301897627,-0.22519749402999878,0.23150538668300505,0.09409083425998688,0.6209121580221298,-0.5162988901138306,0.0034917931980813052,0.09305416792631149,0.6247814309009562,0.1373341,0.0010850495,0.1594738,0.13294284,0.36195982,0.0,0.20720442,0.33468366,0.44478542,2.3764262,2.771727,0.15788695,0.38667008,0.21051593,1.7507732,1.0157154,2.4164498,0.21051593,0.3678724,Medullary_cords,238.40302011509837
ACGTTGTCGTTGAAAG-1,1,75,31,7361,30914.0,7361,4418.8447,High,5,4,4,1,5,0,1,1,5919.707171811795,1.0114042647073518,-0.25856176018714905,0.16770458515568465,0.07770377397537231,0.6831747845397699,-0.12670102715492249,0.5046577857897903,-0.18492425978183746,0.3279233086250981,-0.015413304790854454,0.9355695600936198,0.05718322843313217,0.7640684763971324,0.1273695,0.06554777,0.019944146,0.22052413,0.21773489,0.1889073,0.15997225,0.29461685,0.6472274,2.2644706,2.8025978,0.14013948,0.7013042,0.3643797,1.8293588,1.3005908,1.8515488,0.14013948,0.4753375,Medullary_cords,0.0
ACGTTTAGTTGTGATC-1,1,14,68,5279,15198.0,5279,4256.002,Low,0,5,7,4,6,3,4,0,3186.7428512511015,1.0114042647073518,-0.21019741892814636,0.26489728259685885,-0.13949453830718994,0.4622275832216671,0.17033883929252625,0.36815099253186667,-0.22722890973091125,0.22721124250512248,-0.2055985927581787,0.2757325083007021,-0.16365768015384674,0.38750615765016866,0.36665577,0.0,0.05752231,0.11882623,0.35979965,0.0,0.09719601,0.10497818,0.3551615,2.4127455,2.920498,0.0632001,0.5670507,0.45223665,2.0509827,0.7116851,2.0243196,0.0,0.13997091,B_cell_zone,0.0
ACTAATACGTCAGGCG-1,1,8,98,3456,8220.0,3456,3761.5886,Low,5,12,7,1,4,3,1,0,3658.7463700016156,1.3296613488547582,-0.37753427028656006,0.0397060673894636,0.048499349504709244,0.7991062500255478,0.1932363212108612,0.306256009567975,-0.19322431087493896,0.3062866544154708,-0.14065733551979065,0.4584669033002156,0.13951848447322845,0.46214997362004684,0.14339922,0.24308513,0.10809401,0.13831554,0.36710608,0.0,0.0,0.0,0.48471826,2.1029038,2.6539497,0.09950206,0.3531975,0.5743606,1.8898575,0.7137713,1.9044335,0.19900411,0.0,Medullary_cords,0.0
ACTACAAAGAGAGGTG-1,1,71,49,6707,25201.0,6707,4285.7163,Medium-High,3,4,0,0,2,0,0,3,4778.830923981303,1.0114042647073518,-0.26945143938064575,0.14988869162937762,0.14076757431030273,0.45811121644725916,-0.3205081820487976,0.08420552692226571,-0.07566368579864502,0.6910814219802499,0.38936424255371094,0.03344014733014763,0.07755596935749054,0.6837465307938024,0.043799162,0.0,0.1387581,0.22530037,0.15830192,0.108389415,0.32545105,0.43913698,0.72719216,1.9533863,2.640595,0.4674188,0.6237085,0.32762864,1.2480714,1.2933804,2.3804212,0.3342021,0.36721218,Medullary_cords,497.9327263797791
ACTACATCCCGACAAG-1,1,63,17,7173,28737.0,7173,4542.246,High,4,1,1,4,5,0,4,7,5732.054518233405,0.0,-0.2930511236190796,0.11603560325485164,0.043887440115213394,0.8178757807880047,0.07729219645261765,0.684767298039887,0.16438378393650055,0.385374724190489,0.13464777171611786,0.47807660509734223,0.20553739368915558,0.2758785970724762,0.13667585,0.0,0.033023994,0.12247756,0.27717322,0.28890404,0.14174528,0.16332106,0.42868966,2.2931852,2.7201078,0.16401744,0.51976943,0.7800178,2.0168102,0.90632373,1.9488997,0.14930935,0.26413363,B_cell_zone,0.0
ACTACCAGCTCTCTGG-1,1,25,41,5210,15003.0,5210,4228.0723,Low,5,3,4,1,1,2,1,1,3590.3373100587637,0.5982695885852573,0.06094159185886383,0.749040317589832,-0.0946447104215622,0.6188489075044247,0.10107842087745667,0.5950937094361065,-0.3441026210784912,0.06260842937645841,-0.34722018241882324,0.060113447760246845,0.12438053637742996,0.5125560358089284,0.14317186,0.1187293,0.025636837,0.20293978,0.24031208,0.024225192,0.2449849,0.0,0.666778,2.4752674,3.0250678,0.12769307,0.67797583,0.403345,2.077202,1.2012982,1.9722235,0.12769307,0.36753595,B_cell_zone,0.0
ACTACCATCCGAGGGC-1,1,74,28,6067,20232.0,6067,4226.071,Medium-Low,2,1,0,1,5,0,1,3,5971.104085510485,1.2424533248940002,-0.11600327491760254,0.5415673638339303,-0.012721024453639984,0.9468063385811243,0.06875132024288177,0.718104529420826,-0.21727219223976135,0.2487772610683501,-0.2720368802547455,0.14586731798457772,0.13172763586044312,0.48775922606482536,0.08782988,0.0,0.2118312,0.2232634,0.19839604,0.006834653,0.27184483,0.050204434,0.70778245,2.2160711,2.6695178,0.21408221,0.49478832,0.22205374,1.6039784,1.2097106,2.807272,0.0,0.41769513,Medullary_cords,137.92751719653333
ACTACGCGTTAGAATT-1,1,60,56,6127,22851.0,6127,3949.6467,Medium-High,2,2,0,2,2,1,2,4,3434.7193480690676,1.0114042647073518,0.16737157106399536,0.37667579012787084,-0.3351183831691742,0.07025273439353964,-0.02965129166841507,0.8763957595028645,-0.31637653708457947,0.0885118750473596,-0.3836469054222107,0.036360352248512647,0.2589968144893646,0.16696523773616725,0.005653024,0.0035253537,0.2610321,0.14646576,0.06716311,0.17517751,0.34098312,0.37367883,0.5799873,2.1040862,2.6272619,0.10481022,0.42896628,0.33153474,1.2849822,1.1785398,3.0828679,0.8648105,0.5960518,Medullary_cords,137.55726080436466
ACTAGTTGCGATCGTC-1,1,50,104,6092,19576.0,6092,4326.9536,Medium-Low,2,10,5,3,0,4,6,3,1811.1460460161682,0.6365141682948128,-0.31102681159973145,0.09433456896777219,0.2698700428009033,0.149232235798807,0.26132699847221375,0.16304462463331612,-0.259063184261322,0.16685265034808458,-0.3033253848552704,0.10322044338500208,0.39388859272003174,0.03126621654209463,0.052684087,0.0014708235,0.17807622,0.16661297,0.0,0.16187833,0.43927756,0.41758433,0.6765081,2.0753183,2.7273462,0.2427369,0.43343782,0.31326148,1.6403719,1.1300683,2.3836088,0.6137024,0.62585557,Medullary_cords,364.6601157242179
ACTATATGCTGTGTTC-1,1,13,105,5840,19568.0,5840,4146.8228,Medium-Low,1,12,3,6,4,3,7,5,3214.743846716251,0.6365141682948128,0.34044909477233887,0.06563452299171145,-0.18222616612911224,0.33515359122661526,-0.1321621835231781,0.4863120440261411,-0.164658322930336,0.38457059947240124,0.013625028543174267,0.9430320727509006,0.0689895898103714,0.717167251983715,0.059972685,0.0,0.11039945,0.12917393,0.16839531,0.0,0.53205866,0.4275297,0.5987654,2.157064,2.900742,0.0,0.38199547,0.307419,1.6548107,0.99454147,2.0750809,0.10320792,0.57519287,Medullary_cords,138.0
ACTATCCAGGGCATGG-1,1,38,108,5570,19500.0,5570,3915.72,Medium-Low,2,0,0,2,0,4,2,4,1377.0032679699784,1.0114042647073518,-0.24527472257614136,0.1914156676762045,-0.04606372117996216,0.8090057900495227,-0.0012873206287622452,0.9946132616524759,0.038808681070804596,0.8386597027799031,-0.02726505696773529,0.8862762515394841,0.06955372542142868,0.7149497266831722,0.04152918,0.08143144,0.2539724,0.13701862,0.3519904,0.0,0.13405801,0.37380877,0.5966255,2.2063923,2.509619,0.25874573,0.6005741,0.27997634,1.275248,1.0732104,2.9752614,0.103498295,0.6524532,Medullary_cords,366.3659372812926
ACTATCTGCCCGCGTA-1,1,53,113,6820,26453.0,6820,4227.5444,High,1,10,3,5,0,4,3,5,2488.7597312717835,0.45056120886630463,0.11727218329906464,0.5371237440119265,-0.2456435263156891,0.19072765430507965,0.23647892475128174,0.2083383031364317,-0.15947914123535156,0.39990340436656896,0.09117776155471802,0.6318098329673147,-0.1815292090177536,0.3370369293826809,0.05859929,0.0026443473,0.16728707,0.1135648,0.24615213,0.029907998,0.38184437,0.3854683,0.5400508,2.2925322,2.8481684,0.27079278,0.5187335,0.34598842,1.6467615,1.079564,2.5502293,0.34983683,0.7597792,Medullary_cords,138.0
ACTATGTCCAGCTGCC-1,1,64,22,7310,29821.0,7310,4371.6045,High,3,1,2,0,5,0,0,3,5508.003358749884,0.6365141682948128,-0.5978289842605591,0.00048524925397001986,0.031133629381656647,0.8702670230527134,-0.14020811021327972,0.4599178468251093,-0.09082892537117004,0.6331199573411782,-0.02505475841462612,0.8954432245970051,0.11599752306938171,0.541587545784287,0.047328833,0.00044182586,0.049542718,0.327939,0.37899193,0.025273975,0.17048176,0.13782854,0.70728296,1.9131037,2.7786312,0.41329208,0.67947954,0.50379217,1.5060525,1.4048979,2.3080933,0.0,0.4286946,Medullary_cords,276.0
ACTATTCGTCCGTGGT-1,1,14,74,6368,22079.0,6368,4381.4556,Medium-High,3,5,2,7,6,3,8,2,3031.383182641218,0.6365141682948128,-0.4463289976119995,0.013424032510912811,-0.23718947172164917,0.20693442249211197,-0.08737873286008835,0.6461359452419747,-0.03561369329690933,0.8517902789072013,0.06500492990016937,0.7328935949639135,-0.278471440076828,0.13619893728114169,0.08719312,0.096179344,0.13478124,0.269857,0.26695547,0.016429214,0.12860465,0.18680146,0.68244743,1.9951682,2.677683,0.09340073,0.90619266,0.41040754,1.4797459,1.0710802,1.9101808,0.09340073,0.27725548,Medullary_cords,238.76766950322232
ACTATTTCCGGGCCCA-1,1,59,41,5453,16422.0,5453,4219.2295,Medium-Low,5,1,4,1,5,0,1,1,4098.416401489727,1.3296613488547582,-0.28169718384742737,0.13153190887564575,-0.031567394733428955,0.8684749930110123,-0.033805880695581436,0.8592373956843252,0.295172780752182,0.11329705611831706,-0.3777395486831665,0.039589840298395663,-0.004152214154601097,0.9826264099361934,0.11398247,0.10629162,0.041280482,0.3061351,0.27829885,0.0030775745,0.15093392,0.17468153,0.5829469,2.2128413,2.8658242,0.34837148,0.62155604,0.29724884,1.817044,1.1631305,2.087621,0.23779908,0.5033273,Medullary_cords,0.0
ACTCAACGAATGTATT-1,1,7,33,7082,27184.0,7082,4444.409,High,3,8,2,0,1,5,5,6,5302.9841598858275,0.0,-0.37258943915367126,0.04258945770180798,-0.11925864964723587,0.5302022756077808,0.11791995912790298,0.5348619827061721,0.0073012299835681915,0.9694551508475235,-0.10392801463603973,0.5846995756843043,0.016982581466436386,0.9290253214234833,0.021097347,0.0008187001,0.13082933,0.40012223,0.18844971,0.17184816,0.08683453,0.23757704,1.1097655,1.480057,2.5068238,0.078319915,0.46756685,0.17128284,0.9312254,1.4364483,1.9125457,0.15663983,0.6011694,Medullary_cords,602.0830507496453
ACTCAAGTGCAAGGCT-1,1,60,86,5896,19627.0,5896,4196.022,Medium-Low,3,6,2,0,2,1,0,6,2639.2531140457145,1.0114042647073518,-0.3039858341217041,0.10243464247600287,-0.13280026614665985,0.48419100972663615,0.08683598041534424,0.6481929807621475,0.1796724647283554,0.3420855865921346,-0.4534335732460022,0.01185154515411973,0.1686122566461563,0.37309746529092386,0.0792935,0.00330098,0.011976812,0.24916388,0.26013058,0.31752908,0.07860517,0.40895587,0.8273351,1.9412965,2.740377,0.20588997,0.55809945,0.40052384,1.5956534,1.3371645,1.813814,0.102944985,0.3714615,Medullary_cords,137.55726080436466
ACTCAATAAAGGCACG-1,1,25,69,6600,23125.0,6600,4411.9385,Medium-High,3,3,2,0,4,2,0,3,2033.134771725672,0.6931471805599453,-0.3351013958454132,0.07026784342953532,0.019055839627981186,0.9203863866544041,-0.39291298389434814,0.031725026045621524,-0.03611338511109352,0.8497340186073086,0.17728053033351898,0.34865645676191936,-0.07447618991136551,0.6956984953697795,0.024519911,0.0022953767,0.17188893,0.3147407,0.32196945,0.0,0.16458564,0.21536884,1.0269763,1.7361751,2.7009735,0.27170876,0.67358005,0.49849576,0.9646378,1.358159,2.503003,0.17968701,0.33112755,Medullary_cords,365.3833603217311
ACTCAGACCTGCTTCT-1,1,9,43,6271,22043.0,6271,4268.6055,Medium-High,1,8,0,3,1,5,6,3,4654.072625131671,0.45056120886630463,-0.40831878781318665,0.025085773767135354,-0.10652793198823929,0.5752864267947296,-0.19682428240776062,0.2971872155696485,-0.057961199432611465,0.7609505856119746,-0.015200560912489891,0.9364570763917096,0.051771339029073715,0.7858554994508128,0.046045758,0.0,0.13319305,0.13415733,0.19261275,0.0,0.49399105,0.38634387,0.51179177,2.0441084,2.9547956,0.23485708,0.8252671,0.22099361,1.4316015,1.132165,2.1382153,0.4295376,0.4730295,Medullary_cords,767.1297152372603
ACTCATGGCAGCCTTC-1,1,67,17,5487,16397.0,5487,4257.607,Medium-Low,1,1,3,3,5,0,0,3,5996.40200453572,1.2424533248940002,-0.3526831269264221,0.05592997453773613,0.23999622464179993,0.20145241058281205,0.048435356467962265,0.7993659649222178,-0.33315110206604004,0.07201930689426161,-0.40136343240737915,0.02792659662737781,0.1305735856294632,0.4916132176491262,0.06270821,0.08496062,0.039072268,0.1714735,0.119910605,0.36104378,0.160831,0.4692398,0.49487147,2.1371095,2.901677,0.21872145,0.45306826,0.4082653,1.6294123,0.95912576,1.7005224,0.11904377,0.46499124,Medullary_cords,138.42326394071193
ACTCCAATATCATCAT-1,1,63,29,5704,18094.0,5704,4228.1343,Medium-Low,3,1,2,0,5,0,5,6,5046.279916928906,0.0,-0.4040728807449341,0.026790318403575562,-0.08812719583511353,0.6433034580920862,-0.17084330320358276,0.36671307753096133,-0.09082901477813721,0.6331196214157249,0.034586966037750244,0.8560182961088673,0.41914692521095276,0.02113686531585728,0.04996366,0.00018569983,0.030549446,0.4261231,0.2571641,0.011920095,0.2240939,0.33067936,1.2559667,1.7197978,2.5110087,0.14806868,0.6823331,0.16500562,1.3861637,1.8140101,1.9536009,0.0,0.43370175,Medullary_cords,497.96586228375133
ACTCCCATTCCTAAAG-1,1,47,17,6281,22193.0,6281,4194.514,Medium-High,2,7,0,2,3,6,2,4,5005.129868444974,0.0,-0.24245236814022064,0.19673802220665934,-0.11108322441577911,0.5589591522827598,0.20742174983024597,0.27140331436049725,-0.09400193393230438,0.6212435848814096,-0.031412333250045776,0.869115531082879,0.1332869827747345,0.4825763211243866,0.05944769,0.068191044,0.27783892,0.0948343,0.21509933,0.0,0.28458875,0.35133702,0.38544077,2.297381,2.7364922,0.18600005,0.31403294,0.49657553,1.4776359,0.9350823,3.152819,0.18600005,0.34707442,Medullary_cords,497.1810535408605
ACTCCCGAATTCGTTT-1,1,32,104,7080,28543.0,7080,4462.4097,High,4,0,1,4,0,4,4,7,1315.2341996770006,0.0,-0.6659165620803833,5.908978641275649e-05,-0.32852643728256226,0.07630751008965697,0.41341179609298706,0.023159244549866558,0.09756330400705338,0.6080239624803319,-0.5858765840530396,0.0006696182243313894,-0.09346023947000504,0.6232646293391928,0.21182676,0.0,0.011291085,0.18678811,0.26493028,0.2452469,0.07991692,0.14705154,0.52039933,2.1657734,2.609302,0.11263604,0.40172967,0.88007563,1.9346567,0.8761333,1.8785251,0.07509069,0.23868777,B_cell_zone,0.0
ACTCCCTAATGCTAAA-1,1,57,69,6617,23983.0,6617,4396.3633,Medium-High,5,2,4,1,2,1,1,1,2624.699030365196,0.6931471805599453,0.017520297318696976,0.9267839467588908,0.28114035725593567,0.1323290454847376,-0.08854058384895325,0.6417411250609164,-0.07349973171949387,0.6995030526891525,-0.18645644187927246,0.3238603373058838,-0.03456881642341614,0.8560930709171694,0.10827493,0.1364735,0.08897559,0.16531639,0.27639407,0.0,0.22456558,0.2819668,0.44981453,2.2818775,2.9316816,0.08712879,0.37955454,0.3037473,2.0093656,0.9392735,2.0408752,0.08712879,0.23629698,Medullary_cords,0.0
ACTCCCTAGAATAGTA-1,1,48,70,4193,12482.0,4193,3555.8452,Low,2,2,5,2,0,7,2,4,1723.3969362860084,0.0,-0.05265464633703232,0.7822881874556796,0.24778972566127777,0.18675799401119084,-0.17323553562164307,0.3599394809705788,-0.045332249253988266,0.8119845612728068,-0.07644951343536377,0.6880320135357025,0.13538716733455658,0.4756407723264468,0.10184798,0.0013000836,0.39132795,0.31145325,0.14167817,0.0,0.05239262,0.20132385,0.4619848,2.1216857,2.2885563,0.07355342,0.31265303,0.0,1.359134,0.7990381,2.923133,0.44132054,0.09807123,Medullary_cords,365.3833603217311
ACTCCGGCCGACCACT-1,1,70,90,6071,20222.0,6071,4398.074,Medium-Low,4,6,1,4,2,1,4,7,3835.8177746081733,1.0042424730540764,0.2071422040462494,0.2720642391864541,-0.1989401876926422,0.2919195545906786,0.2725818455219269,0.1450297407457717,-0.20015178620815277,0.2889300876866541,-0.1119137555360794,0.5560054306331902,0.0761769488453865,0.6890891617935401,0.26442635,0.0,0.3585113,0.052136578,0.16882943,0.044872437,0.11122401,0.27237076,0.39331722,2.2230392,2.5976074,0.050226923,0.44451472,0.9028287,1.995796,0.6229395,2.1599863,0.0,0.33319908,Medullary_cords,0.0
ACTCGTAACCCGTCCT-1,1,49,23,6447,34055.0,6447,3267.4968,High,2,7,5,2,3,6,2,4,4664.341539810309,0.0,0.2540593147277832,0.17549301559627198,0.10973208397626877,0.5637797117776542,0.139028400182724,0.46373970699580974,-0.22398799657821655,0.23408781025169081,-0.11276024580001831,0.5530023809467591,0.19217345118522644,0.3089754000922846,0.06769506,0.0,0.41064692,0.0,0.36658472,0.014642792,0.14043054,0.24102865,0.30979288,2.2148721,2.1773925,0.14769259,0.3206457,0.38869315,1.2371994,0.50187624,3.0535007,0.28667906,0.4290454,Medullary_cords,552.6988330003963
ACTCGTCAGTAATCCC-1,1,36,78,3817,8667.0,3817,3969.5867,Low,5,2,4,1,4,2,1,1,728.9478719359842,0.0,0.38132601976394653,0.03760286561264041,0.02722664177417755,0.8864354550486786,-0.1444830298423767,0.44620922844906424,0.04431546851992607,0.8161294629134043,-0.35092058777809143,0.05725387612689732,0.17430894076824188,0.35692444274232743,0.103805155,0.0024811209,0.131456,0.15441316,0.0,0.57559484,0.03224967,0.09590432,0.58807015,2.4166384,2.8841043,0.19180864,0.43724096,0.09590432,2.1855617,1.0854194,1.838151,0.19180864,0.6544862,B_cell_zone,0.0
ACTCTCTGACTTAGGT-1,1,42,78,4350,10969.0,4350,4093.3467,Low,5,2,4,1,0,4,1,1,838.6477210366699,0.45056120886630463,0.007728280499577522,0.9676694751068872,-0.06892803311347961,0.7174093581397061,0.13851051032543182,0.4654227594469092,0.13591153919696808,0.47391721224275196,-0.49611005187034607,0.005299917057648393,-0.02841031365096569,0.8815320006915406,0.10876662,0.0,0.0,0.13956727,0.18462211,0.29806313,0.26898083,0.32398602,0.8079089,2.3954043,2.871738,0.16199301,0.40770733,0.3727287,2.1673656,1.129181,1.9343888,0.2594784,0.32398605,B_cell_zone,0.0
ACTCTCTTATACACGA-1,1,8,84,3968,9012.0,3968,4023.1792,Low,3,5,0,1,6,3,0,6,3603.2096802711885,0.6931471805599453,-0.39444422721862793,0.031007326354665746,0.33328384160995483,0.07189903883225075,-0.10971572995185852,0.5638381749540203,0.08341366052627563,0.6612215987346157,-0.07824354618787766,0.6810882677766734,-0.1661163568496704,0.3803163006028601,0.023773113,0.006187189,0.21166699,0.31162298,0.2557508,0.017224982,0.17377391,0.30502132,0.61391115,1.9041317,2.7705216,0.093321465,0.51597124,0.649782,1.4849099,0.67200947,2.239861,0.18664293,0.5311237,Medullary_cords,275.0
ACTCTTGTATAGTAAC-1,1,36,70,4445,11991.0,4445,3950.465,Low,1,2,5,3,0,2,6,5,1261.275941259485,1.0114042647073518,0.19403588771820068,0.3042202048520441,-0.4997631907463074,0.004923523711409673,0.09685565531253815,0.610641270492157,-0.3216949701309204,0.08299868637924195,-0.47453317046165466,0.008061087150359402,0.020777709782123566,0.9132183326715696,0.05810124,0.00018315022,0.11768362,0.0734867,0.07863503,0.22765419,0.44425604,0.41083762,0.622458,2.3096638,2.8411841,0.1516382,0.55366606,0.2743135,1.753855,0.987223,2.1125653,0.3032764,0.61025846,Medullary_cords,137.92751719653333
ACTGAAACGCCGTTAG-1,1,57,93,7454,30527.0,7454,4463.048,High,0,10,7,4,0,4,4,0,2301.7656266440335,1.0114042647073518,-0.16386723518371582,0.38689032543297286,-0.0691758319735527,0.7164349141102144,-0.10447689890861511,0.5827066805731046,-0.03426211327314377,0.8573568450027689,-0.414568692445755,0.022738996114992274,-0.242778480052948,0.1961178668260205,0.08100914,0.0884077,0.05480494,0.14429171,0.28192052,0.118788466,0.23077752,0.24213842,0.5780915,2.311549,2.8360188,0.03541961,0.46660775,0.34875408,2.1354609,0.82873994,2.2010553,0.14167844,0.37358034,Medullary_cords,0.0
ACTGAATGGCGAAAGT-1,1,47,83,5468,15442.0,5468,4353.2124,Low,5,10,4,1,0,4,1,1,1131.6015199707006,1.3296613488547582,-0.003786962479352951,0.9841544877108944,-0.08120352774858475,0.6696876273459811,0.09466610848903656,0.6187692541215827,-0.22575099766254425,0.23032999269381327,-0.07808150351047516,0.6817144105372931,-0.113258957862854,0.5512366527760376,0.1762009,0.0038305188,0.15003364,0.28044823,0.38153487,0.004730886,0.0032209828,0.28460836,0.5851517,2.1370003,2.8527904,0.06241379,0.45087296,0.3325292,1.6660328,1.2125229,2.1234992,0.0,0.35978192,Medullary_cords,137.0
ACTGATTTAGTGATTC-1,1,4,80,5504,16879.0,5504,4227.4707,Medium-Low,1,5,3,6,6,3,7,5,4109.335834414121,1.0986122886681096,0.10495013743638992,0.5809908502921093,0.14618206024169922,0.4408226034998907,-0.23808324337005615,0.20517776505580046,0.22194798290729523,0.2384870524815535,-0.06862916052341461,0.7185852229302848,0.030642399564385414,0.8722972182533479,0.047586642,0.0029206995,0.096174225,0.032478023,0.011492387,0.2997311,0.509617,0.5327635,0.3804716,2.2135105,2.8988464,0.1558559,0.7189437,0.3998621,1.3973532,0.75978845,2.136716,0.11631877,0.78139424,Medullary_cords,138.0
ACTGCCCGCCATTCTC-1,1,68,30,6167,21362.0,6167,4289.9053,Medium-High,3,1,2,0,5,0,5,6,5371.57937668243,0.45056120886630463,-0.4018651247024536,0.02771328881186325,0.059592247009277344,0.7544257538432623,0.11521335691213608,0.5443423268196248,-0.2546267509460449,0.17449765680548954,-0.20030173659324646,0.28856146495060847,0.23442435264587402,0.21243433916389645,0.056518253,0.0023816281,0.10508925,0.43451306,0.080447294,0.25237396,0.06867656,0.39574632,1.005774,1.7192309,2.5291452,0.32259533,0.6712283,0.357192,1.2592907,1.6381559,1.6583533,0.19199912,0.53924865,Medullary_cords,276.3494165001982
ACTGCCGTCGTAACTC-1,1,16,70,5475,17756.0,5475,4093.5464,Medium-Low,5,5,4,1,6,3,1,1,2911.605914267932,0.6365141682948128,-0.3995717167854309,0.028699334767772863,-0.1038905531167984,0.5848357005248215,0.3308119475841522,0.07416433829968107,-0.1035553514957428,0.5860543502004203,-0.042453162372112274,0.8237336921831524,-0.25197017192840576,0.1791921367086695,0.128587,0.004314942,0.09556071,0.28092116,0.4475156,0.043100577,0.0,0.17952068,0.74766153,2.178276,2.9673738,0.055843607,0.914964,0.49094307,1.8727775,1.178784,2.3680546,0.11168721,0.49084452,Medullary_cords,0.0
ACTGCGGACACACCGT-1,1,37,119,5962,21016.0,5962,4110.599,Medium-High,2,0,0,2,0,4,0,3,2137.6578304303052,0.9502705392332347,0.04430171102285385,0.8161855789030499,-0.1792701631784439,0.343185475777211,-0.007914112880825996,0.9668924800167752,-0.11626987159252167,0.5406323252893214,0.16537964344024658,0.3824624795121495,-0.004255717620253563,0.9821934004845674,0.029971683,0.0026154013,0.14454392,0.19397122,0.12243475,0.34841862,0.15804437,0.31073296,0.8239971,2.0147817,2.8748314,0.31316137,0.66021943,0.18090977,1.2163774,1.3817915,2.2228835,0.097316295,0.59331197,Medullary_cords,365.0986168146902
ACTGCTCGGAAGGATG-1,1,53,9,7175,29135.0,7175,4381.1533,High,3,7,0,0,5,0,0,3,5727.517437773542,1.2130075659799042,-0.5418285131454468,0.0019842773054445004,-0.05738526210188866,0.7632584319674538,-0.010572540573775768,0.9557807569334041,-0.11195874214172363,0.5558456449331888,-0.13116689026355743,0.48962992835500724,0.026039734482765198,0.8913564425158689,0.10803333,0.005647489,0.2468645,0.19073443,0.13236788,0.16584428,0.1505081,0.24100769,0.6066678,2.1457608,2.6218452,0.19915015,0.59063464,0.41783547,1.4322209,1.1212153,2.0272036,0.35198575,0.4166114,Medullary_cords,238.40302011509837
ACTGGGATGCCAGTGC-1,1,73,53,6165,20921.0,6165,4259.0576,Medium-High,1,4,0,3,2,1,0,3,4835.122025347448,0.6365141682948128,-0.14452075958251953,0.44608922645333743,0.11364904046058655,0.5498573646230618,-0.3051743507385254,0.10103189062154316,-0.11275146156549454,0.5530335056763528,-0.0330449640750885,0.8623755023247238,0.25600263476371765,0.1721007296290196,0.058555633,0.07347008,0.10835578,0.1956993,0.22877319,0.0,0.33514598,0.3793651,0.62156904,2.0737824,2.7976356,0.2792449,0.62309897,0.2304019,1.3938136,1.1597226,2.318191,0.32009465,0.39035094,Medullary_cords,477.31017169132275
ACTGTACGATACACAT-1,1,30,78,5725,17244.0,5725,4383.1255,Medium-Low,4,3,7,4,4,2,4,7,1178.9978795570414,1.0986122886681096,-0.08639028668403625,0.6498840639907368,0.009494034573435783,0.9602878436520086,0.12694329023361206,0.5038367074649255,0.3346344232559204,0.07068417027948563,-0.1359812617301941,0.4736882856562609,-0.16188469529151917,0.392739104570939,0.22921532,0.0,0.1380112,0.21119778,0.4029223,0.018653441,0.0,0.15343101,0.49816498,2.3386374,2.7244935,0.11434759,0.5936093,0.63399184,1.9501358,0.66085887,2.3681412,0.11434759,0.3725577,Medullary_cords,0.0
ACTGTATACGCGAGCA-1,1,10,36,6205,20630.0,6205,4370.7803,Medium-High,3,8,2,0,1,5,5,6,4904.6502423720285,0.6931471805599453,-0.40421950817108154,0.026729918797340057,-0.47838640213012695,0.007493864269290443,-0.3035988509654999,0.10289452650468185,0.3534720540046692,0.055345246927800476,0.000823064474388957,0.9965559071367852,0.09171748906373978,0.629784931009132,0.014429309,0.0,0.21433227,0.3145034,0.07848146,0.0,0.37825358,0.3273527,0.68857324,1.7100742,2.486229,0.1482126,0.57804924,0.35924575,0.7344851,1.209697,2.202529,0.0988084,0.42522007,Medullary_cords,414.77222664976017
ACTGTCCAGGATTATA-1,1,33,55,5179,16773.0,5179,3940.6323,Medium-Low,1,3,3,5,1,2,3,5,2349.080245542923,0.0,0.3099071681499481,0.09558909002126406,0.16143403947353363,0.39407563333925294,0.14590686559677124,0.4416926844720721,-0.12324214726686478,0.5164529075262465,-0.16821503639221191,0.37424093667775377,0.22470693290233612,0.23255047883854157,0.04261841,0.14773451,0.16527133,0.122400664,0.14538898,0.0,0.37658617,0.30359015,0.47958922,2.1216507,2.77511,0.17538387,0.62389857,0.29230642,1.5467883,0.8340229,2.2612207,0.11692257,0.26169693,Medullary_cords,364.6601157242179
ACTGTCTTCTTTAGAA-1,1,30,64,5897,18658.0,5897,4322.4497,Medium-Low,1,3,4,6,4,2,7,5,1909.406190416277,0.6931471805599453,0.09474904835224152,0.6184605540674837,0.05667980760335922,0.7660879788080746,0.3807464838027954,0.037918392979643,0.08964045345783234,0.637591655283566,-0.21872323751449585,0.2455529875016829,0.048790521919727325,0.7979247962395533,0.056810282,0.07336364,0.082654245,0.16200525,0.13942422,0.0,0.48574236,0.40569142,0.88027036,2.206481,2.8637302,0.0536447,0.5002866,0.37181163,1.692378,0.9561663,2.025916,0.1072894,0.6413663,Medullary_cords,138.0
ACTGTGCTAGTAGATC-1,1,13,31,6630,24080.0,6630,4357.696,Medium-High,5,11,0,1,1,5,1,1,4935.887559497279,1.0114042647073518,-0.6306629180908203,0.00018703035967364585,-0.03298809379339218,0.8626101249145709,0.357057124376297,0.052748497665824616,0.16685724258422852,0.3781650378472161,-0.45523926615715027,0.01147746529606145,0.1846425086259842,0.3286738310662048,0.09140029,0.0,0.0,0.17954831,0.18205254,0.27231497,0.2746839,0.27530777,0.7069575,2.1275601,2.888012,0.086838365,0.6912432,0.2814231,1.6774646,1.001138,1.8751686,0.0,0.30233115,Medullary_cords,138.0
ACTGTTTAGTGTAGGC-1,1,3,59,6296,22341.0,6296,4384.4897,Medium-High,4,8,1,4,6,5,4,7,4642.736800638176,0.0,-0.11993008852005005,0.5278724987119124,0.15907280147075653,0.40112086630290217,-0.05804314464330673,0.7606223846623685,-0.18835601210594177,0.3188663899544926,-0.11888649314641953,0.5314957172086708,0.1664772927761078,0.3792673875305454,0.07427607,0.19458932,0.16310701,0.09082817,0.277531,0.0,0.19966853,0.10641955,0.44405925,2.0339677,2.5622616,0.046239026,0.43824655,1.0663633,1.5205759,0.80885357,2.0844088,0.27743417,0.31010014,Medullary_cords,137.92751719653333
ACTTACCGGGCGCGCA-1,1,11,95,7084,29448.0,7084,4278.314,High,1,12,7,7,4,3,8,2,3269.541405151493,0.6365141682948128,-0.3485967218875885,0.05903690853913636,-0.15359313786029816,0.4177432083770202,0.06068164110183716,0.7500769291732121,-0.06336390227079391,0.7394016347827976,-0.18103641271591187,0.3383724512367677,-0.2447294443845749,0.19243605789384072,0.057490245,0.100897156,0.17172381,0.11874234,0.18282695,0.16447037,0.20384914,0.6615807,0.34311527,2.099944,2.9344594,0.12435739,1.4853671,0.30991533,1.631426,0.7871269,2.0244336,0.17562328,0.6043128,Medullary_cords,137.92751719653333
ACTTACGCATCCACGC-1,1,58,78,4510,11601.0,4510,4075.7334,Low,2,6,0,2,2,1,2,4,2493.096067142219,0.6365141682948128,-0.5159121155738831,0.0035206562523153848,0.23089267313480377,0.21960294724640783,0.2477988600730896,0.18674122305182775,-0.10531959682703018,0.5796528499762194,-0.1388581246137619,0.4642927192727283,-0.1196032389998436,0.5290059936653775,0.24048959,0.0,0.13140383,0.2052892,0.38192347,0.0,0.040893868,0.43839192,0.4881365,2.2834911,2.8082998,0.0,0.36259735,0.39274722,1.7993084,0.8502077,2.4275093,0.0,0.24874163,Medullary_cords,137.55726080436466
ACTTAGTACGACAAGA-1,1,14,32,6309,21756.0,6309,4336.969,Medium-High,5,11,0,1,1,5,0,1,4808.666031239849,0.6931471805599453,-0.4827490746974945,0.006892814020228839,-0.29844143986701965,0.10917259447657851,-0.10658774524927139,0.5750706687215783,0.29624372720718384,0.11193313733791488,-0.24305622279644012,0.1955907618942369,0.3350997865200043,0.07026927494252883,0.15319957,0.0,0.05298738,0.32480276,0.2286552,0.0,0.24035504,0.32429224,0.85489035,2.2528558,2.8084986,0.2102624,0.45037243,0.44900644,1.8829653,1.3781642,2.1539385,0.094548024,0.34557456,Medullary_cords,0.0
ACTTATACTTACCCGG-1,1,36,90,4350,10573.0,4350,4124.9688,Low,3,0,2,0,0,4,5,6,276.3494165001982,0.0,0.35755494236946106,0.05239565651558023,0.144456148147583,0.4462947380994515,0.22465766966342926,0.23265560384812436,0.20442958176136017,0.27853169035116815,0.38147154450416565,0.03752396742036928,0.24263133108615875,0.19639752693673135,0.083370626,0.0043462557,0.016825201,0.47940746,0.36691582,0.012731324,0.03640336,0.16810866,1.0243688,1.6688027,2.542411,0.083215244,0.64262116,0.34868413,0.9970875,1.5901873,1.7520636,0.0,0.28793293,Medullary_cords,364.00137362378183
ACTTATCTGATCTATA-1,1,0,32,6759,27431.0,6759,4340.278,High,4,8,1,4,1,5,4,7,5964.538540406961,0.0,-0.5482611656188965,0.0017087837729847914,-0.1825927197933197,0.33416565557944994,-0.03487265855073929,0.8548414295803194,-0.0799914225935936,0.674347642290736,-0.2592502236366272,0.1665356533769884,0.17138269543647766,0.3651792708850298,0.25602493,0.0,0.04322142,0.16132687,0.3026248,0.016742704,0.22005923,0.077706374,0.5215177,2.2132618,2.629009,0.038853187,0.41939962,0.8987971,2.0433688,0.72656226,1.8620504,0.0,0.2535137,B_cell_zone,0.0
ACTTATTAGGATCGGT-1,1,38,52,3981,10260.0,3981,3808.5833,Low,1,9,3,5,3,7,3,5,2478.0072639118716,0.0,-0.17649787664413452,0.35082282481084703,-0.03618939593434334,0.8494213140463819,-0.06589028239250183,0.7293899270830513,-0.07241687178611755,0.7037305325505112,-0.052342236042022705,0.7835493924806836,0.12016182392835617,0.5270695635228728,0.09839718,0.0,0.11099943,0.31336495,0.14800823,0.011651363,0.31757885,0.0,0.7000749,2.2753937,2.7381124,0.25593764,0.5263311,0.30529565,1.7268591,1.346234,2.3122787,0.4404924,0.45359713,Medullary_cords,138.00362314084367
ACTTATTTATGTGCCA-1,1,46,90,5207,15020.0,5207,4238.5347,Low,5,10,4,1,0,4,1,1,968.1756039066466,1.0114042647073518,-0.1750195324420929,0.35493679386663396,0.0734672024846077,0.6996299192172002,0.05339802801609039,0.7792893244703941,-0.052165985107421875,0.784261157617095,-0.1807539165019989,0.3391394872186985,-0.13061390817165375,0.49147829912637864,0.22449444,0.0018760262,0.050907448,0.13761674,0.50202686,0.03322865,0.049849812,0.06378661,0.5175467,2.2420492,2.9786787,0.10581709,0.57165235,0.25514644,1.92098,0.81601536,1.9366986,0.12757322,0.25514644,Medullary_cords,0.0
ACTTCAGGCTGATCCC-1,1,51,81,4267,11618.0,4267,3741.7705,Low,2,10,5,2,0,4,2,4,1630.633312550679,0.0,-0.10482378304004669,0.5814487571397756,-0.22164049744606018,0.23915488806328492,0.20354735851287842,0.280656219564256,-0.1008249819278717,0.5960219966821318,-0.05899258702993393,0.7568227304087991,0.049682438373565674,0.7943085109498618,0.082119144,0.13042475,0.3336369,0.17670812,0.0,0.0036600186,0.27345106,0.36228436,0.5726373,2.412404,2.7909994,0.15525262,0.20277947,0.20277947,1.591932,1.0040178,3.0400655,0.5608116,0.63014334,Medullary_cords,238.90793205751876
ACTTCCAGTGGAAGCT-1,1,57,3,6251,24494.0,6251,4075.8298,Medium-High,5,1,4,1,5,0,1,1,6277.589107292703,0.45056120886630463,-0.3753088712692261,0.04098371592990042,-0.2529506981372833,0.1774492130297179,-0.24974113702774048,0.18319901167794633,0.4848824441432953,0.006614120149127083,0.5343986749649048,0.0023496610879609426,0.1363047957420349,0.47262674839958463,0.11626183,0.23481923,0.04507044,0.09526106,0.3069911,9.269064e-05,0.20150363,0.12102117,0.5448313,2.2447045,2.9090445,0.085592255,0.43835658,0.2173748,1.8295622,0.87674665,1.9794217,0.0,0.4174046,Medullary_cords,0.0
ACTTCCATGCGGGACA-1,1,61,85,6491,22196.0,6491,4453.156,Medium-High,4,6,1,4,2,1,4,7,2763.2473649675303,0.6365141682948128,-0.2413865476846695,0.1987743174907214,-0.12715201079845428,0.5031298463196606,0.00186845101416111,0.9921816084358236,-0.0009762807749211788,0.9959147822107053,-0.3179081678390503,0.08689634137609199,0.2861293852329254,0.12531191612831144,0.10429748,0.00094206,0.14693378,0.14804576,0.3637657,0.23601522,0.0,0.0,0.556823,2.0389683,2.7759986,0.18596506,0.53776556,0.7761222,1.8832477,0.87677324,2.0409892,0.09298253,0.16905725,Medullary_cords,0.0
ACTTCGCCATACGCAC-1,1,27,75,5147,14258.0,5147,4243.474,Low,3,3,0,0,4,2,0,3,1592.3658499226865,1.0114042647073518,-0.3714151382446289,0.04329820509768733,-0.25089120864868164,0.18112390016838006,0.19656400382518768,0.29783931525188173,-0.0962379053235054,0.6129299328094178,0.10405347496271133,0.5842437888814815,-0.35093167424201965,0.05724547244164657,0.00030858594,0.06955996,0.15826733,0.21026906,0.121887684,0.18918572,0.25052166,0.4035023,0.7894325,1.850116,2.7364013,0.13286431,0.63761795,0.3840404,1.3457874,1.4094698,2.2748315,0.43832147,0.5460069,Medullary_cords,275.98007174431996
ACTTGACTCCCTCTTT-1,1,42,72,4651,12618.0,4651,4142.663,Low,4,2,1,4,0,7,4,7,1200.9679429526834,0.6931471805599453,-0.15547938644886017,0.41197854683692614,-0.5170140266418457,0.003438961499113675,0.278707355260849,0.13585357472651677,0.18343311548233032,0.3319073285866431,-0.08613076061010361,0.6508695631261284,-0.09644855558872223,0.6121491057436982,0.29939774,0.0,0.18758512,0.0,0.3024169,0.0,0.21060032,0.11871749,0.5792488,2.457924,2.8544762,0.07295271,0.41592672,0.7271547,2.210549,0.62813675,2.2410684,0.0,0.25556028,Medullary_cords,0.0
ACTTGCCATATTGTAC-1,1,4,56,4777,13031.0,4777,4105.921,Low,3,8,7,1,6,5,0,3,4629.625578813043,1.0114042647073518,-0.29153671860694885,0.11802019294756891,-0.13088063895702362,0.4905862960851385,0.07549133896827698,0.6917508507272437,0.1367739737033844,0.47108954577608525,-0.19672681391239166,0.2974313065317065,-0.09601988643407822,0.6137385110639079,0.076231316,0.0,0.24958876,0.12458694,0.0,0.32143447,0.2281585,0.07119292,0.38587248,2.2736392,2.7014742,0.11627024,0.5954496,0.21357876,1.4215946,0.8555763,2.3633132,0.28477168,0.8067081,Medullary_cords,137.0
ACTTGGGACCCGGTGG-1,1,29,49,6202,20279.0,6202,4403.681,Medium-High,1,3,3,6,1,2,7,5,2892.5784345458983,0.6931471805599453,-0.1473378837108612,0.43717840367427685,0.018872644752264023,0.9211493869951141,-0.28000226616859436,0.13396929436745755,-0.03438086062669754,0.8568675038972524,-0.5888355374336243,0.0006190239556001142,0.16754740476608276,0.37616744587364725,0.06979295,0.0,0.0,0.12609492,0.124326825,0.13334471,0.5464406,0.38648057,0.39701214,2.192856,2.9342418,0.25559494,0.513536,0.4498574,1.6605945,0.96694756,1.9972152,0.0,0.59883636,Medullary_cords,137.55726080436466
ACTTGGGCTTTCGCCA-1,1,77,75,4555,14564.0,4555,3631.74,Low,2,6,5,2,2,1,3,4,4756.675835076425,0.5623351446188083,-0.4570433497428894,0.011113655881510623,0.03844134882092476,0.8401672537842043,0.3435189723968506,0.06308438653855981,-0.12403871864080429,0.5137246035678787,-0.2729661166667938,0.1444412370682227,0.46627214550971985,0.009400403235701545,0.008600904,0.1877375,0.28033954,0.13269554,0.14886531,0.007620058,0.23414107,0.23045364,0.40265515,2.0439,2.7268584,0.1733821,0.42122203,0.23872675,1.234557,0.84022784,2.6670694,0.1306893,0.47936904,Medullary_cords,137.00364958642524
ACTTGTAGTCCCTTCA-1,1,44,10,6398,23726.0,6398,4270.2183,Medium-High,5,7,4,1,3,6,1,1,5416.688379443662,0.37677016125643675,-0.3234487771987915,0.08123954978522906,0.19117021560668945,0.3115560089370077,0.2857018709182739,0.12590225186677986,-0.3707194924354553,0.043722482057693204,-0.41294175386428833,0.02333180006675535,0.5679907202720642,0.001060015856854123,0.27057582,0.13175437,0.06418703,0.1594923,0.21681798,0.0,0.15717252,0.08792439,0.3857568,2.4025614,2.9479747,0.0,0.5103978,0.46203068,2.1900642,0.9296517,1.8912998,0.08792439,0.3494755,B_cell_zone,0.0
ACTTGTGGATGGAACG-1,1,52,108,6310,22805.0,6310,4184.9766,Medium-High,2,10,0,2,0,4,2,3,2170.123729191495,1.0114042647073518,-0.14371629059314728,0.44865165519905764,-0.24840973317623138,0.18562203351951356,0.10886149108409882,0.5668957816933564,-0.09580738842487335,0.6145270413246348,-0.11582782864570618,0.5421831252325874,-0.10782995074987411,0.5705979898546496,0.048270617,0.058887564,0.16131888,0.15369485,0.18055023,0.16166136,0.23561655,0.40336144,0.619344,2.1054208,2.7318354,0.09091031,0.4012323,0.3295316,1.5407609,0.99824667,2.624815,0.09091031,0.581054,Medullary_cords,238.40302011509837
ACTTGTTACCGGATCA-1,1,75,57,4620,12370.0,4620,4037.348,Low,3,4,0,0,2,1,0,3,4918.749637865298,0.45056120886630463,-0.2918540835380554,0.11760222445534957,-0.15155915915966034,0.4240093739722109,-0.44932126998901367,0.012741732231906522,-0.07838734984397888,0.680532775593859,-0.2835548222064972,0.12889801014425992,0.41767287254333496,0.0216422292194588,0.1780767,0.0027465003,0.009100221,0.253962,0.5171914,0.03892315,0.0,0.22795162,0.6724715,2.2912521,2.6635976,0.07405582,0.67066735,0.49052384,1.454815,1.0045443,2.0940983,0.0,0.40267658,Medullary_cords,600.6013652998134
ACTTTACCCTCATGAA-1,1,32,106,6778,24556.0,6778,4539.56,Medium-High,4,0,1,4,0,4,4,7,1432.64964314378,0.8675632284814612,-0.623289167881012,0.00023385516080513713,-0.3707111179828644,0.04372760980133867,0.11703826487064362,0.5379416041281091,0.010592369362711906,0.9556979043302042,-0.3581600785255432,0.051969264805359766,0.040810294449329376,0.8304549392194707,0.23447652,0.13895762,0.22219291,0.33767515,0.06669783,0.0,0.0,0.042703122,0.5310483,2.1186013,2.622144,0.2025832,0.19165076,0.75771874,2.107295,0.9474004,1.876376,0.17081249,0.19859686,B_cell_zone,0.0
ACTTTCCTATAGCTTC-1,1,28,62,5723,17945.0,5723,4298.609,Medium-Low,5,3,4,1,4,2,1,1,2152.7919081973528,0.6931471805599453,-0.20376236736774445,0.2801374892712886,-0.02233189344406128,0.9067540584560704,0.11368700861930847,0.5497231993907105,-0.30126452445983887,0.10570157517531446,-0.1740167886018753,0.35774356193894347,0.10630550235509872,0.5760890908907126,0.14714572,0.192736,0.08120265,0.09729816,0.12313959,0.0,0.35847795,0.093614295,0.3480796,2.3286133,2.9779027,0.11074665,0.68777406,0.5552591,1.995144,0.85394204,1.8763605,0.0,0.14766221,B_cell_zone,0.0
ACTTTGACTGCATCCT-1,1,39,11,4498,14613.0,4498,3681.065,Low,5,7,3,5,3,6,3,1,5301.668510950114,0.5982695885852573,-0.17389647662639618,0.358081210463724,0.07753697037696838,0.6838200361762974,0.02818327210843563,0.8824722112033583,0.24992206692695618,0.18287145528019672,-0.16080023348331451,0.3959597343749051,-0.07435883581638336,0.6961553596566246,0.17864712,0.008039486,0.0,0.0,0.30198225,0.0011604073,0.51017076,0.23814243,0.23172934,2.4413986,2.8507547,0.06517388,0.4556874,0.17296855,1.9722893,0.6876155,1.6197877,0.26069552,0.26069552,B_cell_zone,0.0
ACTTTGGTCGTGCTCC-1,1,61,13,4553,12479.0,4553,4001.9487,Low,3,1,6,0,5,0,0,6,5852.021872823101,1.2424533248940002,0.060256946831941605,0.7517714097216179,0.09416649490594864,0.620630146930726,0.23096418380737305,0.21945618734393585,0.295166015625,0.1133057110865283,0.08157729357481003,0.6682530724875864,0.1921846717596054,0.3089466133112498,0.17161098,0.0,0.0,0.37215644,0.20846875,0.0,0.24776384,0.4130981,0.68202186,2.0733998,2.8133812,0.19316699,0.7730447,0.34032732,1.4577873,1.3713906,1.7635208,0.0,0.20418875,Medullary_cords,137.55726080436466
AGAAATTATGACTCGC-1,1,53,115,7144,31704.0,7144,4093.3086,High,1,10,3,5,0,4,3,5,2584.962862402476,0.5623351446188083,0.33840516209602356,0.06737645541114896,-0.2065921574831009,0.2733677418298252,0.11569119989871979,0.5426628777670583,-0.14709381759166718,0.4379465520425468,0.0018386244773864746,0.9923064116306752,-0.20212945342063904,0.28409248699749223,0.059474915,0.09648224,0.25293142,0.100964315,0.32711205,0.0055167563,0.1575183,0.48294997,0.5011985,2.1845746,2.6196637,0.20482582,0.5545864,0.3760719,1.5993426,1.01958,2.7143562,0.23502076,0.44938123,Medullary_cords,275.0018181758077
AGAACCCTCAATTGGG-1,1,61,9,5501,17053.0,5501,4174.3037,Medium-Low,3,1,6,0,5,0,5,6,6095.702174483265,0.45056120886630463,0.35978400707244873,0.05083855741356643,0.006386086344718933,0.9732822235305127,-0.01262931153178215,0.9471893093844146,0.2866755425930023,0.12456072075843108,0.10542895644903183,0.5792570654373044,0.022081727162003517,0.9077941848853945,0.040078674,0.09547291,0.0962845,0.369697,0.15263934,0.0,0.24582759,0.2855335,0.84446263,1.7686633,2.7188158,0.115373366,0.7595303,0.40639395,1.1073401,1.2757143,2.1150203,0.23074673,0.41524422,Medullary_cords,239.26763257908496
AGAACGTGGTACATTC-1,1,27,73,6398,21672.0,6398,4395.7583,Medium-High,3,3,2,0,4,2,5,6,1673.4545108845953,0.0,-0.32059404253959656,0.08411776790725238,-0.23823972046375275,0.20487127537665878,0.14796759188175201,0.43519991581700607,-0.18100962042808533,0.33844515264532543,0.17268069088459015,0.3615038666160209,-0.45408689975738525,0.011715035572071974,0.06673545,0.00076374266,0.17811987,0.4462668,0.2942803,0.0,0.013833809,0.35298574,0.9622393,1.7421768,2.6301365,0.17658544,0.48547345,0.26465875,0.9532004,1.5459237,2.2257109,0.09485662,0.1264755,Medullary_cords,364.34324475691875
AGAACTGTACTTTGTA-1,1,74,96,5350,16515.0,5350,4133.261,Medium-Low,5,6,3,5,2,1,3,5,4347.348847286125,0.9502705392332347,-0.09593255817890167,0.6140625146840714,0.22433596849441528,0.23334287973422185,0.3114273250102997,0.09388884994478011,-0.5063773989677429,0.004299958493893488,-0.5799870491027832,0.0007812285414059834,0.2129172384738922,0.25862152759680934,0.08937875,0.0,0.088949144,0.0,0.2729563,0.2426867,0.30602914,0.19165222,0.45378232,2.1588511,2.692795,0.12943822,0.48616374,0.3759041,1.8230898,0.6522634,2.1879358,0.0,0.5818894,Medullary_cords,0.0
AGAAGAGCGCCGTTCC-1,1,38,88,233,253.0,233,875.32745,Low,3,0,0,0,0,4,5,6,0.0,1.5607104090414068,0.06561949849128723,0.7304609561464827,-0.02911600098013878,0.8786106645930428,0.2892342805862427,0.12108553495527664,0.1413593292236328,0.45620441502071385,0.23527653515338898,0.2107287908044743,0.1620810329914093,0.3921576308943901,0.0,0.0,0.9180585,0.0,0.081941456,0.0,0.0,0.46274203,0.0,0.41132626,1.0105755,0.0,0.0,0.0,0.0,0.0,0.74038726,0.0,0.0,Medullary_cords,137.92751719653333
AGAAGGTACACTTCAC-1,1,52,14,7172,33077.0,7172,4068.5706,High,2,7,5,2,3,0,2,4,5363.226640745289,0.0,-0.2523598372936249,0.17849805655318157,-0.167138010263443,0.37735164542449223,-0.2602313458919525,0.16487984178318563,0.05563383176922798,0.7702887661121295,0.46239471435546875,0.010090938093828862,0.13097818195819855,0.4902602976240416,0.02040816,0.0,0.24236393,0.18822083,0.19103889,0.12296657,0.23500162,0.3459869,0.6365382,2.0159683,2.5800986,0.21276528,0.5078562,0.44470206,1.0649463,1.0625794,2.9050984,0.2503019,0.63585013,Medullary_cords,600.0833275470999
AGAAGGTTGCCGAATT-1,1,42,44,4241,12048.0,4241,3829.1663,Low,5,9,7,1,3,7,1,1,3065.92530894019,0.8675632284814612,-0.23631906509399414,0.20865504677769248,0.031748466193675995,0.8677271145344898,0.14102573692798615,0.4572788243885126,0.09667661041021347,0.611304233658586,-0.296004980802536,0.11223613067544728,0.09715953469276428,0.6095167639575628,0.34017324,0.011027315,0.0,0.5934098,0.0,0.02200848,0.033381224,0.1978324,0.69639957,2.4508967,2.8715472,0.0755404,0.42961198,0.42961198,2.1631522,1.1163266,1.4282218,0.0,0.40975994,B_cell_zone,0.0
AGAAGGTTGTAGGTCG-1,1,64,78,6460,21777.0,6460,4404.722,Medium-High,1,6,0,3,2,1,6,3,3189.5480871120285,1.0986122886681096,0.09627654403448105,0.6127866777757671,0.07804521918296814,0.6818546438015255,-0.22863122820854187,0.22427844022609683,0.14592687785625458,0.4416293805334828,0.0001748926006257534,0.9992681642024789,0.061569564044475555,0.7465379095327921,0.03396839,0.106383756,0.19196914,0.027790235,0.09206395,0.16524892,0.38257557,0.23694184,0.4220377,2.139566,2.8406768,0.22315277,0.5349107,0.3176285,1.5722677,0.9635405,2.0527258,0.42355502,0.49169233,Medullary_cords,138.92443989449805
AGAAGTGATTCGTGAT-1,1,48,28,6973,26067.0,6973,4392.0713,High,2,9,0,2,3,6,0,3,4300.161973693549,0.6931471805599453,-0.2673291862010956,0.15324886869987409,-0.11241953819990158,0.5542101873008604,-0.10507548600435257,0.580536746262853,-0.0003740750253200531,0.9984346886958464,-0.007398318499326706,0.9690491703821233,0.12320195138454437,0.5165907686944939,0.03858576,0.0032481737,0.28439566,0.18898135,0.064537905,0.14248037,0.2777708,0.27819496,0.6280372,1.883307,2.6441343,0.26412225,0.6381095,0.41647765,1.2487396,1.0885447,2.4611337,0.31367686,0.42053646,Medullary_cords,365.7608508301565
AGAATAAATCTTCAGG-1,1,37,11,5198,17922.0,5198,3856.1602,Medium-Low,5,7,3,5,3,6,3,5,5302.0797806143955,0.6730116670092565,-0.1667383760213852,0.37850970514567006,-0.08014842867851257,0.67374335185446,0.09042610973119736,0.6346341666335221,-0.0021880408748984337,0.9908443603354969,-0.22145116329193115,0.2395667274054337,-0.11747128516435623,0.5364280804628704,0.16344538,0.12855338,0.1337178,0.13723981,0.162123,0.0,0.2749206,0.25995752,0.47544688,2.1088946,3.0623126,0.110846475,0.70114744,0.0,1.8939774,0.7689804,2.0588408,0.0,0.44534552,Medullary_cords,0.0
AGAATGCGGGTTCGGA-1,1,12,108,5762,19477.0,5762,4165.965,Medium-Low,5,12,4,1,4,3,1,1,3404.3868757824807,0.45056120886630463,0.14817242324352264,0.4345574081019965,-0.09205448627471924,0.6285219458722654,-0.1482781320810318,0.43422602708318886,-0.20542338490486145,0.27615088137634325,-0.2516152262687683,0.1798260221940093,0.10435827076435089,0.5831371430694431,0.21474439,0.30039704,0.0,0.043858103,0.19102003,0.028981544,0.2209989,0.13954875,0.43644428,2.4373562,2.9567022,0.05179918,0.46686083,0.15539755,2.172419,0.83785224,1.6202834,0.0,0.459953,B_cell_zone,0.0
AGAATTATGGATTCGA-1,1,32,98,6496,21156.0,6496,4511.769,Medium-High,1,0,0,3,0,4,0,3,995.1728493080989,1.2424533248940002,-0.423189252614975,0.01980062169736571,-0.1095239445567131,0.5645239848248368,0.017695706337690353,0.9260529028506923,-0.06977952271699905,0.7140627900495586,-0.5274561643600464,0.0027422654277444486,-0.13875317573547363,0.4646337396062746,0.018948557,0.0033514192,0.12141843,0.17111625,0.20415364,0.044216145,0.4367956,0.30219862,0.87453526,1.8022888,2.7981186,0.22834556,0.49859983,0.43550056,1.2325685,1.3612528,2.0247555,0.2631419,0.9232914,Medullary_cords,238.40302011509837
AGAATTGTTTGACATA-1,1,17,23,6886,28470.0,6886,4159.0234,High,2,11,0,2,1,5,0,3,5132.291496008386,1.3296613488547582,-0.6105556488037109,0.00033952921724765317,-0.1089935302734375,0.5664226787740313,-0.15509629249572754,0.4131457161689215,-0.0283636637032032,0.881725171754658,-0.2962205708026886,0.11196249842693326,-0.03336172550916672,0.861068889910535,0.052907616,0.0022435521,0.29195642,0.15374535,0.22690225,0.0,0.27224475,0.23371461,0.70456564,2.0961719,2.7511528,0.24590898,0.42115974,0.23172662,1.5211703,0.99137557,2.6874473,0.17991574,0.4698797,Medullary_cords,138.0
AGACATAGATCCTTCC-1,1,7,47,6548,24745.0,6548,4263.097,Medium-High,3,8,2,0,1,5,5,6,4663.581992417417,0.0,-0.4454815983772278,0.013622707151267448,-0.16568291187286377,0.38157815552413743,0.0754580870270729,0.6918800339886865,0.2238718718290329,0.23433676156335398,-0.08536459505558014,0.6537822877129378,0.056974709033966064,0.7649047810827236,0.04804713,0.0,0.20429687,0.43597203,0.10313884,0.0,0.20854513,0.1678207,0.80673033,1.6380508,2.5046375,0.19051561,0.46086454,0.3149867,1.0793815,1.2819238,2.2300897,0.2545592,0.28763852,Medullary_cords,600.204131941792
AGACCAAACCACACCT-1,1,51,9,7834,37098.0,7834,4315.0986,High,2,7,0,2,3,0,2,3,5656.535777311056,1.0042424730540764,-0.38267800211906433,0.036874983585121736,-0.24108584225177765,0.19935145200774548,0.10164835304021835,0.5930084648950554,-0.11960576474666595,0.5289972300375457,0.1117669939994812,0.5565268529210802,-0.13706453144550323,0.4701388789277932,0.014908742,0.003162122,0.3120455,0.10171111,0.023445236,0.09568357,0.44904366,0.18376715,0.4653,1.9681687,2.6092446,0.30288607,0.69377863,0.5861883,1.1890887,0.9288127,2.6473737,0.81863254,0.5909797,Medullary_cords,413.90457837525787
AGACCATGGGATACAA-1,1,22,28,6449,21677.0,6449,4447.401,Medium-High,5,11,4,1,1,5,1,1,4553.137489687742,1.3296613488547582,-0.45035305619239807,0.012513292626077888,0.4934987425804138,0.00558377461588724,-0.06626173108816147,0.7279215514216545,-0.22598882019519806,0.2298261979654827,-0.16193458437919617,0.39259130627202865,0.13678769767284393,0.47104462020205135,0.12311025,0.15799515,0.07261145,0.25109836,0.16196688,0.0,0.23321784,0.23120877,0.6829119,2.2542417,2.7889285,0.047419205,0.6708096,0.3889795,1.888493,1.27001,1.9218653,0.16342995,0.28323483,Medullary_cords,0.0
AGACCCACCGCTGATC-1,1,49,65,2806,6303.0,2806,3350.9822,Low,2,2,5,2,0,7,2,4,2060.117472378699,0.0,-0.040741659700870514,0.8307359942060214,0.18724901974201202,0.32177083572258197,0.06594416499137878,0.7291768651927039,0.07560011744499207,0.6913283073374296,0.49441418051719666,0.005482823664118523,0.024606376886367798,0.8973044880147086,0.06453524,0.0,0.22580275,0.27289057,0.34997255,0.0,0.08679885,0.3680631,0.3890833,2.1105757,2.8671184,0.11879043,0.48685354,0.35637128,1.3766186,1.1149268,3.2784972,0.0,0.47516173,Medullary_cords,479.00104384019875
AGACCCGCCCTCCTCG-1,1,26,56,6033,19362.0,6033,4371.53,Medium-Low,5,3,4,6,1,2,7,1,2630.030418075046,0.6365141682948128,0.1372336894273758,0.46958587790891276,0.3159386217594147,0.0889779584425167,0.007123754359781742,0.9701972932803034,-0.12656955420970917,0.5051036529931772,-0.05696403235197067,0.7649476088260885,0.1405119001865387,0.45893637608752225,0.100916766,0.07418874,0.0,0.0779283,0.18640889,0.336367,0.22419034,0.16904444,0.4004762,2.3878517,2.986071,0.0,0.5095411,0.26607788,2.0013227,0.90234125,1.7722714,0.104106024,0.58800524,B_cell_zone,0.0
AGACCGCTCCGCGGTT-1,1,51,111,4993,17407.0,4993,3602.547,Medium-Low,2,10,5,2,0,4,2,4,2221.1449750072597,0.6365141682948128,0.31365978717803955,0.09143359621369208,-0.09684240818023682,0.610690311326403,0.19233420491218567,0.30856314069617236,-0.10499519109725952,0.5808276149491161,0.05041401460766792,0.7913454398705001,-0.1542937457561493,0.4155968207632313,0.05405689,0.0027880974,0.475058,0.05185451,0.0753953,0.0,0.34084722,0.24326634,0.38219118,2.3046515,2.4400601,0.056740753,0.37612477,0.056740753,1.4724336,0.77975506,3.3308094,0.6000142,0.5269465,Medullary_cords,239.00209204105306
AGACCGGGAAACCCTG-1,1,41,17,4881,16598.0,4881,3757.425,Medium-Low,5,7,3,5,3,6,3,5,4900.140814303197,0.8675632284814613,-0.15664808452129364,0.40842932709223456,0.1384028196334839,0.46577313809982174,-0.19108650088310242,0.3117719525593187,0.40489763021469116,0.026452026293343565,-0.1792270392179489,0.3433035029291816,-0.14568710327148438,0.44238817237256145,0.07028933,0.0019714083,0.19774699,0.13185075,0.2354678,0.029367879,0.33330584,0.3155802,0.57120144,2.0564654,2.872977,0.11789411,0.28682935,0.37597266,1.5356522,0.92474484,2.14998,0.11789411,0.42270082,Medullary_cords,137.00364958642524
AGACGAAGTGCCGGTC-1,1,49,97,6716,25085.0,6716,4342.83,Medium-High,1,10,0,3,0,4,6,3,1456.016826825844,0.6931471805599453,-0.15516804158687592,0.41292697800342054,0.36798200011253357,0.04542440633433017,0.16290774941444397,0.38971464817052365,0.0022711483761668205,0.9904966205142287,-0.08746536076068878,0.6458078609484273,0.30941909551620483,0.0961398921731911,0.016308937,0.043553643,0.1666768,0.11286758,0.089301236,0.19345267,0.37783912,0.500271,0.5049885,1.9720919,2.8123186,0.1571659,0.50016296,0.1465743,1.5070422,1.1824973,2.3064613,0.3579731,0.59129727,Medullary_cords,238.76766950322232
AGACGACGATGCCGCT-1,1,53,33,5599,18400.0,5599,4059.9817,Medium-Low,2,9,5,2,5,0,2,4,4190.178635810173,0.0,-0.23992228507995605,0.20159552879701934,-0.08012716472148895,0.6738251816650851,0.06516531854867935,0.7322584849707546,-0.1051739901304245,0.5801800027115638,-0.35281866788864136,0.05582917150488224,0.3506447374820709,0.05746328662626755,0.06269283,0.0025116594,0.35992208,0.15252894,0.0845384,0.020588899,0.31721723,0.19863251,0.7502534,2.1638393,2.7558975,0.2004813,0.5577214,0.16277161,1.4825367,1.0603085,2.7168381,0.80464745,0.546198,Medullary_cords,138.06158046321215
AGACGGGATTGGTATA-1,1,1,79,6265,21283.0,6265,4366.231,Medium-High,0,5,7,4,6,3,4,0,4474.5726052886885,0.6931471805599453,-0.48252397775650024,0.006922792391130516,-0.03086971864104271,0.8713576355454398,-0.018257800489664078,0.9237106899490485,0.08027391135692596,0.6732605328242045,-0.1853637397289276,0.3267547320143415,0.17859965562820435,0.34502337755279827,0.15291783,0.00056664285,0.07866791,0.25350592,0.5143417,0.0,0.0,0.1580771,0.7148326,2.2348948,2.8092272,0.09629155,0.3865679,0.50469,1.9114444,0.9834765,2.0924482,0.16563554,0.17461807,Medullary_cords,0.0
AGACGGGCCGATTTAA-1,1,8,102,7121,29534.0,7121,4278.0264,High,1,12,3,6,4,3,3,5,3719.6841263741735,0.6365141682948128,0.018732987344264984,0.9217311014115419,-0.040483370423316956,0.8317938557616251,0.13078758120536804,0.49089740702893647,-0.3306148946285248,0.0743472669613071,-0.07104668766260147,0.709092141204048,0.25636735558509827,0.1714692725302226,0.04037502,0.07806711,0.016640788,0.16202731,0.20307502,0.12275809,0.37705666,0.28436765,0.5133246,2.0493965,2.8911886,0.17400166,0.7448766,0.24458486,1.7172493,0.9814638,1.8176517,0.2187206,0.52661014,Medullary_cords,137.0
AGACTAGCCTTCCAGA-1,1,28,46,6580,22438.0,6580,4405.677,Medium-High,1,3,3,6,1,2,7,5,3129.1110558751348,0.45056120886630463,-0.11947652697563171,0.5294457381957274,0.05095946788787842,0.7891380650877965,-0.1717221736907959,0.36421588105946084,0.05617271363735199,0.7681237363015084,-0.2757830321788788,0.1401799125230179,0.08159296214580536,0.6681929597298962,0.110055245,0.0,0.120429955,0.17652056,0.31637618,0.0,0.27661812,0.2566475,0.4929462,2.1714861,2.8812153,0.17181683,0.5806554,0.15933257,1.5987211,0.9882905,2.4105885,0.15933257,0.51206464,Medullary_cords,137.55726080436466
AGACTGTTACCGGGTC-1,1,63,45,6552,22810.0,6552,4450.7974,Medium-High,0,4,7,4,2,0,4,0,4210.262224612619,0.8675632284814612,-0.15560296177864075,0.41160244556943365,-0.003764466382563114,0.9842486049014896,0.20618398487567902,0.2743376352417698,0.1170843094587326,0.5377805695478423,-0.022134847939014435,0.9075733099342579,-0.2896447777748108,0.1205347540619152,0.25823915,0.0,0.20185326,0.44782102,0.03619021,0.055896383,0.0,0.19583416,0.59638166,2.247311,2.7724485,0.13633537,0.5323185,0.661606,2.0582213,1.0678718,2.0888247,0.0,0.3754003,Medullary_cords,0.0
AGAGAAACACCAGAAA-1,1,68,34,7084,30050.0,7084,4167.5093,High,3,1,0,0,5,0,0,3,5170.190808858025,0.45056120886630463,-0.2137928307056427,0.2566220761741684,-0.17531128227710724,0.35412263505025243,-0.01355377770960331,0.9433295059868845,0.13306774199008942,0.48330331266280935,-0.13542941212654114,0.47550179750992205,0.30269619822502136,0.10397325257720533,0.04117899,0.0,0.17128916,0.3533673,0.26124635,0.103700295,0.069217905,0.32350805,0.9145356,1.8431405,2.692357,0.35930526,0.5612918,0.36892924,1.0931301,1.3659023,2.7967803,0.14363717,0.3069048,Medullary_cords,477.6703884479338
AGAGAACCGTCTAGGA-1,1,26,88,6931,25222.0,6931,4499.888,Medium-High,0,0,7,4,4,2,4,0,1437.0031315205963,1.0114042647073518,-0.48688986897468567,0.0063606771256795504,-0.29897210001945496,0.108513726034522,-0.03567313775420189,0.8515456113895593,0.10252778977155685,0.5897970445488088,-0.13419918715953827,0.4795575377089555,0.22945821285247803,0.22256093064200094,0.10713487,0.079313725,0.063013725,0.23588026,0.31021267,0.0,0.20444478,0.22320917,0.6118973,2.304956,2.5544775,0.18146068,0.3910514,0.8127006,1.8370442,1.046067,2.0115771,0.31297392,0.33926752,Medullary_cords,0.0
AGAGAAGGAGTACAAT-1,1,58,34,7216,29118.0,7216,4348.722,High,2,1,0,2,5,0,2,3,4422.16530672475,1.0114042647073518,0.12993866205215454,0.4937401361101732,-0.0006649862043559551,0.9972173788975809,-0.3794500529766083,0.03863193840762974,0.06135823577642441,0.7473797515217506,-0.3913727402687073,0.032460462851084136,0.09236887842416763,0.6273446050111489,0.09731638,0.059752878,0.16202857,0.20292784,0.24482471,0.0,0.2331496,0.29229143,0.5599892,2.3100028,2.9846947,0.2614415,0.59410274,0.35264435,1.5758034,1.0365466,2.6286447,0.07380874,0.27270597,Medullary_cords,138.42326394071193
AGAGATCTCTAAAGCG-1,1,40,18,3931,11778.0,3931,3557.7383,Low,5,7,6,5,3,6,3,5,4824.585785329141,0.8675632284814612,-0.09747061133384705,0.6083665262571691,0.09509514272212982,0.6171730869836408,-0.27140769362449646,0.14683868391710123,0.11981633305549622,0.528266863183606,-0.2075382024049759,0.2711282947103294,-0.10260865837335587,0.5895021192043788,0.06949386,0.11306778,0.17876644,0.034552433,0.054513734,0.022453107,0.52715266,0.2305147,0.38349086,2.2443473,2.7149117,0.07683823,0.43768752,0.2009125,2.0335996,1.037794,2.0225866,0.15367647,0.4789163,B_cell_zone,0.0
AGAGCAGTTATGAGAC-1,1,29,19,6453,23571.0,6453,4194.8853,Medium-High,2,11,5,2,3,6,0,3,4870.098561630965,0.45056120886630463,-0.07120576500892639,0.7084689573394538,0.1516360193490982,0.42377164722244354,-0.11977573484182358,0.5284076423516904,0.4029588997364044,0.027252841452170933,-0.38874173164367676,0.03374859436763093,-0.3905380368232727,0.03286474610165756,0.07120102,0.061154343,0.088504486,0.1556058,0.39313123,0.015968742,0.21443444,0.30078495,0.65828663,2.2852695,2.7878635,0.27344865,0.7747654,0.4270472,1.601685,1.0238785,2.4855726,0.5356812,0.51625663,Medullary_cords,364.3295211755424
AGAGCCGCCGAGATTT-1,1,58,112,5199,16061.0,5199,4035.8289,Medium-Low,1,13,3,5,7,1,3,5,2910.4343318480833,0.0,0.08632287383079529,0.6501399954471037,0.057739026844501495,0.7618406194260233,0.22537028789520264,0.23113801842487725,0.1297302544116974,0.49443929029339995,-0.11280371248722076,0.5528483796028252,0.1680333912372589,0.3747645174754131,0.02000781,0.068068385,0.12365075,0.103729516,0.1161217,0.30065924,0.26776254,0.41650647,0.7051499,2.0171924,2.7720973,0.34312522,0.3178638,0.3644954,1.6477742,0.98125553,2.108382,0.121011496,0.5994139,Medullary_cords,137.55726080436466
AGAGCGGGCTAATCAT-1,1,16,64,6261,21370.0,6261,4344.729,Medium-High,5,3,4,1,6,3,1,1,3109.8432436378525,1.0114042647073518,-0.3469873368740082,0.06029705849888568,0.03903365135192871,0.8377366887743686,0.411738783121109,0.023778225690110663,-0.1763526052236557,0.35122581841735195,-0.41676926612854004,0.021956904201246883,0.02511257492005825,0.8952032635826364,0.10671638,0.15664251,0.06461952,0.19030254,0.27783573,0.0,0.20388332,0.2535913,0.56100535,2.2718318,2.6772768,0.2131325,0.65467656,0.27451327,1.7476244,1.043333,2.4376755,0.16514763,0.35634434,Medullary_cords,137.0
AGAGCGTACAAGCTCG-1,1,24,28,5476,18060.0,5476,4056.361,Medium-Low,5,11,4,1,1,6,1,1,4457.448261056992,0.0,-0.5105510950088501,0.003942343047842921,0.3894513249397278,0.03339718127409822,-0.05924367532134056,0.7558188031726779,-0.24312441051006317,0.19546150429589007,-0.06883198767900467,0.717787164151751,0.15018118917942047,0.4282838927157674,0.13808112,0.17289503,0.0,0.07500654,0.21484257,0.0,0.39917478,0.21553484,0.34930325,2.4499614,2.9201832,0.055083156,0.52101654,0.0,2.2144213,0.7381032,1.7558978,0.0,0.16313088,B_cell_zone,0.0
AGAGGCTTCGGAAACC-1,1,51,101,6245,22435.0,6245,4170.731,Medium-High,1,10,0,3,0,4,2,3,1796.169813798239,1.2424533248940002,-0.2855110168457031,0.1261664538797556,0.07755054533481598,0.6837675155709421,-0.011778514832258224,0.9507425678642311,0.037283755838871,0.8449216791387165,-0.13663174211978912,0.47155527407480063,0.4243124723434448,0.01944195932078987,0.1279489,0.0038157809,0.13298523,0.21905027,0.28263664,0.023088759,0.21047446,0.30160263,0.61654705,2.1597273,2.868733,0.32401884,0.60362774,0.21789986,1.796465,1.128758,2.0812294,0.21223801,0.4273645,Medullary_cords,138.00362314084367
AGAGGTATCTCGGTCC-1,1,3,51,5340,16660.0,5340,4079.0986,Medium-Low,3,8,2,0,1,5,5,6,4905.185521466034,0.0,-0.2738146483898163,0.14314785780354877,-0.14358079433441162,0.4490840193296744,-0.09210796654224396,0.6283216089343903,-0.03371236100792885,0.8596229692196994,-0.0038127917796373367,0.9840464256139345,0.009643889963626862,0.9596615216834742,0.05248306,0.0006208859,0.13130945,0.3258322,0.20421597,0.24892513,0.036613267,0.2495654,0.99798465,1.7129217,2.4016278,0.05876921,0.766049,0.33366132,1.1046253,1.4651744,1.9782928,0.11753842,0.23507684,Medullary_cords,413.0012106519786
AGAGTAAACTTCACTA-1,1,48,106,6089,20303.0,6089,4307.209,Medium-High,1,10,0,3,0,4,6,3,1723.539671722122,1.2424533248940002,-0.062490422278642654,0.7428729497259291,0.18943487107753754,0.31605142211547477,0.1660999357700348,0.3803640618067099,-0.1589188128709793,0.401582790988916,-0.277042418718338,0.13830462134822,0.22148367762565613,0.23949596868696124,0.09131965,0.00156956,0.30078,0.11876212,0.0,0.0,0.48756862,0.33535156,0.49523142,2.326719,2.865649,0.29923868,0.5181564,0.22147408,1.6521646,1.2085536,2.6020875,0.45364803,0.409575,Medullary_cords,138.42326394071193
AGAGTTAGAGACCGAT-1,1,6,98,6016,20684.0,6016,4173.53,Medium-High,5,12,7,1,6,3,1,1,3893.661130607028,1.0986122886681096,-0.13240869343280792,0.4854920642554844,0.09045250713825226,0.6345348927744823,-0.15521417558193207,0.41278636567117805,-0.264766126871109,0.15737874061227825,-0.07218868285417557,0.7046224912780742,-0.04118897765874863,0.828904624748327,0.16453797,0.11620378,0.12004005,0.25414523,0.13023019,0.0,0.21484283,0.26839688,0.48656744,2.259829,2.682336,0.19719045,0.5417569,0.37974507,1.6196604,0.95355415,2.0433302,0.19719045,0.24511677,Medullary_cords,137.0
AGATAACTTCAGGGCC-1,1,32,44,5786,22389.0,5786,3768.721,Medium-High,2,9,4,2,3,6,2,4,3112.301559939204,1.3296613488547582,-0.1550302505493164,0.41334711254764556,0.15073129534721375,0.42657460616818244,0.19980674982070923,0.2897794284462975,0.13342154026031494,0.48213041352887065,-0.34213921427726746,0.06422079740475466,-0.04218301922082901,0.8248380669342085,0.14360215,0.0017113945,0.37975264,0.04305973,0.31023967,0.0,0.121634446,0.19858477,0.1529851,2.3224573,2.7883027,0.09231572,0.34637207,0.19858477,1.9469165,0.55743575,3.3568444,0.09231572,0.22947767,Medullary_cords,0.0
AGATACCAATAGAACC-1,1,64,110,5593,18728.0,5593,3963.5593,Medium-Low,2,13,5,5,7,1,3,4,3463.351700304201,0.6931471805599453,-0.1250510811805725,0.5102674645872437,0.025475919246673584,0.8936954514201867,0.3533746302127838,0.05541719268866773,0.15441052615642548,0.41523965115252776,-0.2769061326980591,0.1385066720026759,0.2716251015663147,0.14650251280311466,0.05332223,0.000982175,0.34885037,0.20397383,0.16087097,0.004595039,0.22740538,0.1730237,0.5742813,2.0638769,2.5455353,0.19779722,0.56924653,0.34210825,1.4292252,1.1331614,2.865455,0.3209173,0.47851235,Medullary_cords,275.98007174431996
AGATACCAGCACTTCA-1,1,16,118,6415,26503.0,6415,4034.8452,High,5,12,7,5,4,3,1,1,3347.9965651117386,1.0397207708399179,-0.042157843708992004,0.8249410039110469,-0.03497501090168953,0.8544198788805287,-0.17648038268089294,0.3508713396723547,0.1958063691854477,0.2997426256158677,-0.10910609364509583,0.5660195000997282,-0.1125057265162468,0.5539045349838959,0.09798965,0.23067221,0.0,0.18295081,0.16149154,0.18473673,0.14215909,0.12005507,0.49086773,2.183415,2.8941293,0.12005507,0.3249898,0.37960342,1.9455025,0.7464573,1.6619936,0.080036715,0.44121104,B_cell_zone,0.0
AGATACCGGTGTTCAC-1,1,40,38,5469,17106.0,5469,4160.831,Medium-Low,1,9,3,6,3,6,7,5,3449.925361511463,0.8675632284814613,-0.3770098388195038,0.04000423924432817,-0.2476474940776825,0.1870192696669746,0.09401111304759979,0.6212093611100797,0.2487788051366806,0.18494812757685128,-0.04838823899626732,0.7995572039723835,0.2522552013397217,0.17868425035935565,0.043490026,0.0,0.0036023445,0.084212445,0.16586168,0.2607965,0.44203702,0.36832422,0.36041108,2.0312595,2.9454994,0.11508146,0.6136882,0.1543344,1.7104679,0.8969102,1.8472961,0.3086688,0.74152994,Medullary_cords,138.0
AGATACGACTTCATAT-1,1,15,35,6640,25033.0,6640,4266.1187,Medium-High,3,11,2,0,1,5,5,6,4571.601579315503,0.0,-0.5330731868743896,0.0024206190336506775,-0.18349812924861908,0.33173301181686227,0.016275331377983093,0.9319741778949969,0.16870732605457306,0.37282409418644685,-0.23999936878681183,0.20144632629455547,0.3414173126220703,0.06482170756764556,0.06765405,0.003214506,0.17357409,0.37470794,0.38084948,0.0,0.0,0.37703818,0.7852163,1.6926935,2.6766133,0.24146369,0.6088341,0.41726524,1.1591468,1.2188647,2.317461,0.0,0.19574538,Medullary_cords,238.76766950322232
AGATACTCAAGATCGA-1,1,46,82,5576,16300.0,5576,4353.8643,Medium-Low,0,10,7,1,0,4,1,0,1043.8869670610895,1.3296613488547582,0.14072418212890625,0.458251204403853,-0.378161758184433,0.03935164613822874,0.1659146100282669,0.38090332876026717,-0.7226059436798096,6.5032204188727014e-06,0.08432802557945251,0.6577309458259024,-0.2263966053724289,0.22896408568800153,0.10594303,0.09398101,0.059608903,0.18876614,0.14388637,0.21913046,0.18868409,0.34526545,0.78000844,2.2754736,2.818619,0.17941894,0.48531565,0.5051618,1.7789665,1.0377792,2.1322503,0.11961263,0.37267864,Medullary_cords,137.00364958642524
AGATATAATACGACTA-1,1,64,72,4932,13946.0,4932,4099.987,Low,2,6,0,2,2,1,0,3,3303.411115801362,1.0114042647073518,0.22006121277809143,0.24260461488878793,-0.06337565183639526,0.7393549746122109,-0.17470698058605194,0.3558102408920057,0.22244980931282043,0.23739979711155443,-0.14734551310539246,0.4371544035342269,0.15004058182239532,0.428721390704704,0.08226791,0.0,0.18540016,0.10275345,0.026496466,0.24024074,0.36284128,0.20852506,0.71582854,2.4137306,2.6206186,0.25794262,0.5383221,0.34621665,1.7786508,0.92209685,2.4203484,0.35756475,0.3715158,Medullary_cords,137.00364958642524
AGATCGTGCATAAGAT-1,1,21,97,7808,34177.0,7808,4484.088,High,1,0,3,3,4,2,7,5,2127.8143716029367,0.45056120886630463,-0.16572535037994385,0.3814545004502522,-0.2768333852291107,0.13861461159926536,-0.01381835900247097,0.9422250618298825,0.4025067090988159,0.027442438364202203,0.058925919234752655,0.7570893537574777,0.16890159249305725,0.3722658478495067,0.04165855,0.068430275,0.048765108,0.1661054,0.2502459,0.17274186,0.2520529,0.43129504,0.7266589,2.037897,2.8718276,0.0575893,0.60587615,0.2515311,1.393137,1.2087182,2.1847086,0.19249351,0.6526328,Medullary_cords,365.3833603217311
AGATCTCAGGTGTGAT-1,1,29,75,5551,15599.0,5551,4387.978,Low,1,3,0,3,4,2,0,3,1400.851526750783,1.3296613488547582,-0.2665780484676361,0.15445102326913002,-0.12147226929664612,0.5225401446379335,0.17760515213012695,0.34776027335975473,-0.16027943789958954,0.3975117332105867,0.051460471004247665,0.7871119823565493,-0.23810352385044098,0.20513802418040067,0.079379745,0.0022529666,0.11659906,0.18404828,0.18952116,0.033148736,0.39505002,0.4720062,0.5942682,2.371642,2.865292,0.18575493,0.19600317,0.19600317,1.7577924,1.1393,2.1924703,0.24767324,0.6106824,Medullary_cords,137.0
AGATGACTCGCCCACG-1,1,21,55,6083,19194.0,6083,4462.878,Medium-Low,0,3,7,4,1,2,4,0,3049.766548442684,0.6365141682948128,-0.09939979016780853,0.6012537121315727,0.09181743860244751,0.6294102370375425,0.37639617919921875,0.04035541880100153,0.059910766780376434,0.753153465415221,-0.05681320279836655,0.7655527091685264,0.10181059688329697,0.5924154330456487,0.221686,0.13413887,0.08389188,0.35517547,0.13072361,0.0009910858,0.073393025,0.11765469,0.7805187,2.4414597,2.9695392,0.08924739,0.4653434,0.5649183,2.0020633,1.071656,1.9950442,0.10485029,0.37779343,B_cell_zone,0.0
AGATGAGGGTTGCGAT-1,1,14,98,7290,33734.0,7290,4147.604,High,1,12,3,7,4,3,8,2,2955.757094214611,0.8675632284814613,-0.014366422779858112,0.9399376103935542,-0.11971689760684967,0.5286116995603717,-0.0759073942899704,0.6901352002701219,-0.2061285525560379,0.2744695237929109,-0.06337501853704453,0.7393574895634044,-0.14024831354618073,0.4597878960203832,0.060591448,0.04699931,0.14448467,0.06958237,0.22911856,0.21489146,0.23433219,0.35088474,0.5048326,2.0706058,2.7470968,0.223989,1.5927155,0.3115309,1.4085023,0.94348264,2.39587,0.12983014,0.50293595,Medullary_cords,364.9465714320385
AGATGATGGAGTCTGG-1,1,34,106,6742,25075.0,6742,4451.8735,Medium-High,4,0,1,4,0,4,4,7,1328.5209821451824,1.0114042647073518,-0.7178491353988647,7.984335908886208e-06,-0.18696193397045135,0.3225267273147787,0.6371111869812012,0.0001531098575443115,-0.07491808384656906,0.6939791219674937,-0.6464683413505554,0.00011359009260814477,0.07915682345628738,0.6775632024754771,0.3211602,0.00069227006,0.15996183,0.2702089,0.16941398,0.009255714,0.06930712,0.14031765,0.51021206,2.2519565,2.5465918,0.20978212,0.3578967,0.73162264,1.9002707,0.79243124,1.9398286,0.0,0.1536935,Medullary_cords,0.0
AGATGCAAGACGTGCA-1,1,58,24,7511,33915.0,7511,4293.7324,High,5,1,0,1,5,0,1,1,5015.341364254282,0.8675632284814613,-0.19648119807243347,0.2980469653824044,-0.3439399302005768,0.06274081845911252,0.12835955619812012,0.4990500693862499,0.31924566626548767,0.0855040594659239,-0.4020267724990845,0.027644843406431033,-0.10854066908359528,0.5680460481084438,0.08770402,0.12316385,0.17634527,0.1217777,0.03271275,0.12965882,0.32863754,0.32091826,0.41309935,2.3663657,2.884751,0.21945414,0.509207,0.3996813,2.0474741,0.9965291,2.1548405,0.50643444,0.52294254,Medullary_cords,0.0
AGATTATAGGACGTTT-1,1,36,54,4724,14812.0,4724,3767.5913,Low,1,9,3,5,3,7,3,5,2352.665934636705,0.5982695885852573,0.2110217809677124,0.2629847550622962,-0.04245604947209358,0.8237218911804806,0.009790774434804916,0.9590476395361417,0.10476520657539368,0.5816610916678611,0.10322769731283188,0.587246635628141,0.07961101084947586,0.6758126071339345,0.054772075,0.0,0.13842663,0.17218119,0.060825285,0.17855167,0.3952431,0.19346885,0.6488962,2.2073193,2.861568,0.19346885,0.36477888,0.44247162,1.8260127,1.1133913,2.6870625,0.12897924,0.47604528,Medullary_cords,0.0
AGATTCACAACCGATA-1,1,53,13,8404,44290.0,8404,4259.0054,High,2,7,0,3,5,0,0,3,5466.357470930711,0.0,-0.20054130256175995,0.2879731624448232,-0.1502538025379181,0.428058053371431,-0.18650859594345093,0.3237225854484457,0.04134063050150871,0.8282839401119438,0.2807517349720001,0.13288747731229714,0.2729998826980591,0.144389607855561,0.020487932,0.034202795,0.28001404,0.17102534,0.18215176,0.024752993,0.28736514,0.4039867,0.7068958,2.1052759,2.5383255,0.19495952,0.418154,0.40562916,1.1736822,1.1238453,2.6623483,0.2398074,0.5756219,Medullary_cords,477.6703884479338
AGCAAAGGCCGCTAGT-1,1,60,72,6934,24311.0,6934,4503.824,Medium-High,3,6,0,0,2,1,0,3,2856.2333588136667,1.0114042647073518,-0.3680858910083771,0.04535886762223824,0.030788162723183632,0.8716947126600942,0.18639808893203735,0.32401450473212373,0.02691807970404625,0.8877143808528968,-0.20491904020309448,0.2773574725052278,0.06838271021842957,0.7195553151180516,0.046466473,0.060279064,0.043664865,0.24655007,0.2493089,0.13695331,0.2167772,0.25559288,0.8816496,1.9846809,2.8477771,0.33280942,0.33668503,0.43391553,1.265775,1.1561121,2.1155863,0.08613427,0.39821336,Medullary_cords,364.6601157242179
AGCAACATATCTTATT-1,1,41,93,5186,13869.0,5186,4317.831,Low,3,10,2,0,0,4,0,3,497.90159670360566,0.45056120886630463,-0.3489042818546295,0.058798457364425245,0.1038055419921875,0.5851446591819,-0.007268731482326984,0.9695910466259826,0.009391115978360176,0.9607180063010642,0.15330074727535248,0.4186408006381077,-0.04819411784410477,0.8003452171005878,0.022403758,0.0,0.12385392,0.19234842,0.2041396,0.24324673,0.21400756,0.44474965,0.6843216,1.8527739,2.6265454,0.21180953,0.836253,0.0,1.2270678,1.130206,2.215477,0.0,0.53694236,Medullary_cords,137.0
AGCAACCGAAAGTAAT-1,1,56,20,7470,32141.0,7470,4226.8013,High,2,1,5,2,5,0,2,4,5153.236749849554,0.0,-0.012937980704009533,0.9459004285737275,-0.17946265637874603,0.34265893473413883,-0.08412136137485504,0.658519287370911,0.2503318786621094,0.18213104768284255,-0.10853695869445801,0.5680593574076133,0.3059249222278595,0.10015350638052112,0.032583278,0.000511768,0.30218068,0.13431813,0.048179463,0.11309027,0.36913645,0.23861691,0.56109047,2.1548896,2.6004007,0.3942567,0.61122906,0.30963954,1.2559757,0.8835847,2.8726108,0.18868178,0.51969254,Medullary_cords,364.34324475691875
AGCACACGTTTAGACT-1,1,68,26,6181,21418.0,6181,4291.3765,Medium-High,3,1,2,0,5,0,5,6,5579.238030412397,0.0,-0.5705146789550781,0.0009950519813902254,0.12671531736850739,0.5046093348822667,0.2061503380537033,0.2744176852926126,0.025507310405373573,0.8935652008483573,-0.01943375915288925,0.9188125844655319,0.23395714163780212,0.21337339847275266,0.05319391,0.0,0.073956676,0.43553135,0.23102851,0.0,0.20628953,0.24227102,1.0061411,1.5263019,2.5166495,0.28769237,0.7098714,0.42552927,1.0991343,1.431975,1.8854434,0.095787324,0.39360023,Medullary_cords,275.98007174431996
AGCACCAGTACTCACG-1,1,27,65,5142,14355.0,5142,4250.3003,Low,3,3,0,2,4,2,0,3,2058.971830793224,1.0114042647073518,-0.6391646862030029,0.00014352017020067003,-0.03078595921397209,0.8717038202453232,-0.014919575303792953,0.9376293950039645,-0.1310674399137497,0.4899620851351789,-0.10382941365242004,0.5850578944026874,-0.1545903980731964,0.4146898534247218,0.0323659,0.0027147026,0.17250301,0.21471593,0.37827465,0.04040897,0.15901686,0.23252961,0.80242777,1.9760106,2.70866,0.13217402,0.50023794,0.4803164,1.4168216,1.262126,2.5622368,0.0,0.5979973,Medullary_cords,138.0
AGCACTACCGGCCTGT-1,1,34,20,4193,12603.0,4193,3641.3545,Low,5,7,3,5,3,6,3,5,4705.232512852048,1.3296613488547582,-0.30334022641181946,0.10320273533842092,-0.021404718980193138,0.9106097539070808,0.28075161576271057,0.1328876488745188,-0.16390830278396606,0.3867697037322385,-0.24161306023597717,0.19834034206285647,0.02059529349207878,0.9139774157851145,0.06703516,0.0,0.09206213,0.111908615,0.1250841,0.39587796,0.20803207,0.34407586,0.45215532,2.1157374,2.780675,0.14603694,0.54990894,0.60892147,1.7413466,0.74657893,2.231501,0.14603694,0.55612576,Medullary_cords,138.0
AGCACTACCTCACCAG-1,1,53,81,4875,14429.0,4875,3893.3738,Low,2,6,5,2,0,4,2,4,1860.1970325747754,0.0,-0.06862398982048035,0.718605571759016,0.07893013954162598,0.678437537520184,-0.31815388798713684,0.08663926844927648,-0.033141907304525375,0.8619755822648831,0.206472247838974,0.2736524390927267,0.140867218375206,0.4577898395625443,0.039090678,0.089473374,0.36919984,0.110058546,0.00554431,0.2193725,0.1672607,0.3367225,0.6741603,2.1553857,2.4821808,0.24035223,0.78763413,0.24035223,1.4028666,0.95300597,2.9879208,0.4128146,0.5824881,Medullary_cords,414.2764777295472
AGCACTTAAGGACGCC-1,1,31,35,5943,18938.0,5943,4337.708,Medium-Low,3,7,2,0,3,6,1,6,3742.9588563060643,0.6931471805599453,-0.3013140857219696,0.1056413870387159,-0.2440868765115738,0.19364335124236895,-0.12926845252513885,0.49599029820871454,0.41607579588890076,0.022200942875394435,-0.11398185044527054,0.5486818583716159,-0.05673455074429512,0.7658683003790518,0.11494693,0.0020931838,0.0,0.32008132,0.29578456,0.0032234495,0.2638705,0.26751027,0.74006164,1.9684072,2.825571,0.14310384,0.5007175,0.3745458,1.6253508,1.4682686,1.7683121,0.0,0.310943,Medullary_cords,137.92751719653333
AGCAGAAGGAGAAAGA-1,1,64,68,7289,26838.0,7289,4626.0586,High,0,4,7,4,2,1,4,0,3405.3024828934067,0.6365141682948128,0.17123855650424957,0.36558877065384615,0.17610402405261993,0.35191604370117774,-0.15859153866767883,0.40256552780163574,0.23105694353580475,0.21926591759788264,-0.07840447127819061,0.6804666489405805,0.27567628026008606,0.1403397172317262,0.12749818,0.068068035,0.039777167,0.16701198,0.34907505,0.19946001,0.049109638,0.13923094,0.6256849,2.3500412,2.7746093,0.039592683,0.3063894,0.5381952,2.0896528,1.01704,2.2450304,0.07918537,0.5475799,Medullary_cords,0.0
AGCAGCCAGATGAATA-1,1,56,58,6333,30520.0,6333,3445.9775,High,2,2,5,2,2,7,2,4,2985.5520427552424,0.0,-0.35813215374946594,0.05198888063471046,-0.33073121309280396,0.07423924385054552,0.17975464463233948,0.34186116984686654,0.14488457143306732,0.4449329900306742,0.048618730157613754,0.7986218013845697,-0.05486958101391792,0.7733621458427979,0.0823153,0.0,0.3258185,0.2533752,0.2003434,0.00064518064,0.13750255,0.33521485,0.5094986,2.068851,2.3917644,0.20312425,0.3050151,0.2824387,1.1169018,1.0664427,2.971996,0.0,0.36001235,Medullary_cords,364.90683742566404
AGCAGTCGAAGCATGC-1,1,74,84,4416,11245.0,4416,4089.463,Low,5,6,7,1,2,1,1,1,4321.133416130541,1.0114042647073518,-0.1774732917547226,0.34812413317127544,-0.012923792004585266,0.9459596720799942,0.18825560808181763,0.3191291515813253,0.08121570944786072,0.6696408546317457,-0.021987751126289368,0.9081849515468279,0.2997826039791107,0.10751314811005759,0.1108425,0.0046368493,0.08369419,0.16505344,0.49735537,0.0587072,0.07971044,0.3486363,0.5805401,2.2402859,2.768653,0.1590495,0.44584098,0.41453344,1.6609538,1.058883,2.047228,0.0,0.49295667,Medullary_cords,137.92751719653333
AGCATATCAATATGCT-1,1,51,95,6233,21518.0,6233,4235.81,Medium-High,2,10,0,3,0,4,0,3,1630.1325099512617,0.45056120886630463,-0.08498780429363251,0.655216563795455,0.21882054209709167,0.24533776912848146,-0.13784103095531464,0.4676031978442755,0.14155295491218567,0.4555814157602009,-0.14411136507987976,0.447392261501969,0.045715101063251495,0.8104251512345664,0.056400854,0.0,0.2937257,0.25598317,0.27306205,0.040322017,0.0805062,0.321699,0.7649527,2.1018982,2.7070196,0.2744309,0.63626754,0.38356107,1.0831629,1.0999262,2.7441843,0.1908345,0.62254244,Medullary_cords,275.0
AGCATCATTTCGAAAG-1,1,53,19,6281,23811.0,6281,4080.3198,Medium-High,2,7,5,2,5,0,2,4,5078.140013823959,0.0,0.16384853422641754,0.3869452601363823,-0.2733365297317505,0.1438755958859419,-0.3648490905761719,0.047436460365229215,0.07128208875656128,0.7081700252978643,0.03516722470521927,0.8536283290176917,0.364820271730423,0.04745529198159298,0.06634594,0.0,0.21916871,0.20315954,0.13905878,0.17026456,0.20200251,0.2596325,0.7094223,2.3238592,2.6407053,0.29820824,0.5490661,0.13150342,1.4700662,1.3229915,2.8560727,0.1753379,0.47554746,Medullary_cords,690.3832269109672
AGCATCGTCGATAATT-1,1,22,52,6663,22908.0,6663,4481.1357,Medium-High,5,3,4,1,1,2,1,1,3132.6329181696346,1.0114042647073518,-0.3911152780056,0.0325847313913215,0.07948396354913712,0.6763021249542356,0.3213881254196167,0.08330943844431284,0.08388909697532654,0.659405711825668,-0.12739278376102448,0.5023150509069865,0.15043339133262634,0.42749978453832116,0.09938212,0.12186361,0.0,0.1588257,0.30747893,0.0,0.3124496,0.35463214,0.61399686,2.4368963,2.8347669,0.2499986,0.7979282,0.1358361,1.8707479,1.0322123,2.086237,0.24745041,0.24410675,Medullary_cords,0.0
AGCATTACGAGGCAAG-1,1,67,105,5063,19270.0,5063,3473.7695,Medium-Low,2,13,5,2,7,1,3,4,3665.7716786510314,0.0,-0.05966239422559738,0.7541455051055526,0.07259514182806015,0.7030339677416431,-0.056197188794612885,0.7680254445417499,-0.0019491054117679596,0.9918441271077484,-0.437347412109375,0.015657701833067993,-0.06809680163860321,0.7206812604217089,0.07970334,0.0008332153,0.3606999,0.17222476,0.12756798,0.0,0.2589708,0.1567551,0.5518931,2.2186887,2.4549212,0.28248125,0.4596627,0.08898892,1.3919214,0.7567622,2.8575873,0.17797785,0.36970472,Medullary_cords,633.1082056015385
AGCCAAGCTTTGTGTC-1,1,64,58,5584,16271.0,5584,4357.1865,Medium-Low,5,4,4,1,2,1,1,1,3737.0642220866366,0.0,-0.13707421720027924,0.47010720567078096,0.16895219683647156,0.37212051104940946,0.04279746115207672,0.822326639468234,0.0833192989230156,0.6615822290686759,-0.35055628418922424,0.05753056281277254,0.19536620378494263,0.3008519108907343,0.27083948,0.0022369905,0.12904127,0.13457456,0.26095775,0.0067789056,0.19557098,0.21999475,0.54271436,2.301748,2.8687797,0.059891008,0.32020748,0.41053712,2.2218242,1.0346828,2.1952872,0.119782016,0.23956405,B_cell_zone,0.0
AGCCACAGGTTACCCG-1,1,63,89,5423,15879.0,5423,4253.9697,Low,5,6,4,1,2,1,1,1,2995.9641186102344,1.0114042647073518,0.3217102885246277,0.08298319621449891,-0.43701088428497314,0.015747056590910025,-0.1234104335308075,0.5158759262635625,-0.35306116938591003,0.05564917779963111,-0.41981276869773865,0.020911793876530072,0.24606649577617645,0.18994071376346544,0.07424696,0.0,0.051323302,0.14615668,0.21596952,0.23540117,0.27690235,0.3176264,0.41147554,2.0961025,2.7605298,0.28505722,0.38695157,0.22400293,1.903147,1.1161762,1.9427418,0.0,0.5358076,Medullary_cords,0.0
AGCCACTCCCGTGCTT-1,1,23,81,5089,14461.0,5089,4194.9976,Low,5,5,0,1,4,2,1,1,1859.6292641276648,1.3296613488547582,-0.2265038788318634,0.22873765723435371,-0.0768180713057518,0.6866034693032981,-0.24822285771369934,0.18596391190155517,-0.01341160386800766,0.9439230262508566,-0.26413604617118835,0.15840608323956232,0.05092368647456169,0.7892828187444717,0.12361831,0.14657772,0.18048492,0.23664343,0.3078817,0.0,0.0047939974,0.33627272,0.5009874,2.1004503,2.9152417,0.0,0.8415093,0.30567148,1.757163,0.96468765,2.134277,0.47992975,0.37707984,Medullary_cords,138.00362314084367
AGCCATATAGTATGTG-1,1,71,65,4925,13293.0,4925,4187.5063,Low,1,4,0,3,2,1,0,3,4258.189521381123,0.8675632284814613,-0.3824021816253662,0.03702255199865138,-0.26524490118026733,0.15660129915234314,-0.1411580890417099,0.45685239384920495,-0.0105788204818964,0.9557545169190922,-0.18043658137321472,0.3400023744216061,0.5131901502609253,0.003729642499537753,0.07423126,0.0032015697,0.19002566,0.1491181,0.26029393,0.30622444,0.016904993,0.24368533,0.5121401,2.0124993,2.797877,0.2549925,0.48006642,0.35057205,1.2921122,0.7853434,2.2467606,0.22952738,0.5864942,Medullary_cords,237.9012400135821
AGCCCATACATGTAAG-1,1,42,26,5519,18972.0,5519,4016.0117,Medium-Low,1,7,3,3,3,6,3,5,4295.042374645447,0.8675632284814613,-0.14367146790027618,0.44879465821688364,0.059097807854413986,0.7564019782772154,-0.39363253116607666,0.0313861132921556,-0.060535166412591934,0.7506612177519347,0.030098706483840942,0.8745451648627456,-0.22031524777412415,0.24204749090878497,0.03395746,0.0,0.2720479,0.2428777,0.0,0.17963618,0.27148077,0.2841171,0.5941084,1.856668,2.7207463,0.39052403,0.46465462,0.1185396,1.3695254,1.2123566,2.4922771,0.64007586,0.5391495,Medullary_cords,275.0
AGCCCGCAACAAGCAG-1,1,68,54,7273,33687.0,7273,3969.2153,High,2,4,5,2,2,0,2,4,4287.932135657,0.6365141682948128,-0.3448733687400818,0.06198420070122355,-0.11316249519586563,0.551577981715092,-0.06749245524406433,0.7230631376950191,-0.1332869976758957,0.4825762717319753,0.2574547529220581,0.16959634723389005,-0.09699835628271103,0.6101130967824233,0.038828366,0.0,0.24430193,0.109833434,0.1956695,0.112397894,0.29896888,0.6013262,0.57790834,2.1467068,2.7890887,0.42375648,0.5549967,0.32333165,1.2511753,0.88782525,2.786981,0.39136526,0.6134769,Medullary_cords,414.2764777295472
AGCCCGGCATTAGAGG-1,1,64,26,6974,28138.0,6974,4296.274,High,3,1,2,0,5,0,5,6,5283.296792723271,0.0,-0.3346822261810303,0.07064146422035077,0.15605604648590088,0.4102251316807264,-0.06075321510434151,0.7497914692352087,-0.253799170255661,0.17595067935833072,-0.0002646602224558592,0.9988925329535796,0.3837841749191284,0.03628791185468286,0.022650301,0.0,0.09575599,0.60200906,0.21395297,0.007577894,0.05805377,0.16828918,1.0247636,1.3146576,2.5797822,0.19584778,0.7090496,0.20475194,0.7265004,1.766776,1.7412106,0.0,0.29118252,T_cell_zone,551.0009074402691
AGCCCGGTAGCCTGTA-1,1,61,49,5662,17007.0,5662,4273.9473,Medium-Low,1,4,0,3,2,0,6,3,3847.119441868162,0.6931471805599453,0.04132845252752304,0.8283337783769661,-0.0574868768453598,0.7628511049960197,0.19627955555915833,0.29855300201279905,0.17602325975894928,0.35214047326140907,0.05062688887119293,0.7904837776524094,-0.12543407082557678,0.5089625906040122,0.06294094,0.0,0.18589467,0.059074145,0.06638229,0.23774186,0.38796613,0.46602362,0.35012916,2.226788,2.8376937,0.32462025,0.47644857,0.25217938,1.6449485,0.83973736,2.3446014,0.0,0.6444977,Medullary_cords,238.40302011509837
AGCCCTAAGCGAAGTT-1,1,15,65,5782,17979.0,5782,4317.354,Medium-Low,5,3,4,1,6,3,1,1,3177.436230674032,1.0114042647073518,-0.4360595643520355,0.0160019455249816,-0.04337114840745926,0.819983341716979,0.12818649411201477,0.4996337498658316,-0.3335489332675934,0.07165931904825013,-0.3091315031051636,0.09646556930009094,-0.06837828457355499,0.7195727395101015,0.15053612,0.11749313,0.11477908,0.29762715,0.18077959,0.031043282,0.107741654,0.2040411,0.6513986,2.4117246,2.9124763,0.18695726,0.57433146,0.39910102,2.0364425,1.0711085,2.0466516,0.11056246,0.39669293,Medullary_cords,0.0
AGCCCTCCCTGGTGGC-1,1,67,29,6020,20281.0,6020,4242.851,Medium-High,3,1,2,0,5,0,5,6,5344.629547499059,0.0,-0.5858017802238464,0.0006709429688877437,0.0675458163022995,0.7228527261991443,0.32240238785743713,0.0822856427104687,-0.09367876499891281,0.6224489938294877,-0.2690585255622864,0.15050675251430903,0.3543585538864136,0.05469395701932975,0.022901371,0.089918055,0.0,0.55372816,0.31451127,0.018941114,0.0,0.2997737,1.1747108,1.5442781,2.4938662,0.085777484,0.7490897,0.3056761,0.89218843,1.7681872,1.5945852,0.0,0.24798739,T_cell_zone,365.3833603217311
AGCCCTTCTAATCCGA-1,1,17,103,5156,15567.0,5156,4054.4233,Low,1,12,3,6,4,3,7,5,2719.3846730464597,0.0,0.09383966028690338,0.6218487401094885,0.18584303557872772,0.3254832038228951,-0.015330102294683456,0.9359166519444427,-0.027766581624746323,0.8841981907205461,0.09489670395851135,0.617911141191378,-0.007249142043292522,0.9696729622552227,0.04362038,0.0,0.021221053,0.11174399,0.25993925,0.16033627,0.403139,0.32030976,0.6061191,2.2129443,2.6170683,0.062018648,0.49582803,0.36157423,1.738011,0.953823,2.4189672,0.124037296,0.6531109,Medullary_cords,275.0
AGCCGTGGCTAAATGT-1,1,50,22,6097,29544.0,6097,3360.021,High,2,7,5,2,3,6,2,4,4765.627031147108,0.0,0.1460755169391632,0.4411593504943832,0.1389254629611969,0.4640739797723931,0.09586625546216965,0.6143085573316763,-0.010714925825595856,0.9551858245319639,-0.28329163789749146,0.12926879874492186,0.08044114708900452,0.6726172586315571,0.11320453,0.0,0.45862412,0.12393463,0.30423668,0.0,0.0,0.30972362,0.48345062,2.1050267,2.2959015,0.2103892,0.50945586,0.19692934,1.254426,0.6945551,3.1911232,0.14576665,0.3675248,Medullary_cords,601.1222837326861
AGCCTAATACCCACGT-1,1,50,14,7279,30365.0,7279,4284.225,High,2,7,0,3,3,6,6,3,5292.504133205755,0.45056120886630463,-0.21616271138191223,0.2512613585607065,-0.20562537014484406,0.27566860348469596,-0.07435358315706253,0.6961758109123848,-0.15464720129966736,0.4145163128596139,0.1225980594754219,0.5186641246624714,-0.08266454935073853,0.6640865861115802,0.021378743,0.0009867316,0.21188174,0.12141385,0.15307102,0.20608088,0.28518707,0.40273944,0.6311265,2.1333718,2.7324896,0.19264203,0.38258135,0.3046222,1.2506163,1.0723131,2.668194,0.6750632,0.7042246,Medullary_cords,632.3606565876786
AGCCTTAAAGCGGAAG-1,1,21,15,7520,34359.0,7520,4273.6235,High,5,11,4,1,1,6,1,1,5421.943931838469,0.5004024235381879,-0.34740692377090454,0.059966509340956285,-0.11281924694776535,0.5527933462353549,-0.015830669552087784,0.9338286355226678,-0.04135487228631973,0.8282256565459554,-0.2688285708427429,0.15086932632606256,0.088609978556633,0.6414790056721718,0.11741518,0.23610558,0.038208026,0.22520211,0.03419933,0.15483561,0.1940342,0.26069796,0.56814337,2.2044635,3.000302,0.095796816,0.6118977,0.19230387,1.944797,1.1131742,1.7466223,0.063864544,0.30009973,B_cell_zone,0.0
AGCGACAGGAACGGTC-1,1,51,37,6062,20852.0,6062,4112.6753,Medium-High,2,9,5,2,5,0,2,4,3840.7557849985724,0.0,0.025183051824569702,0.8949107692420699,-0.5190707445144653,0.0032908312037107203,0.025914140045642853,0.8918773991457758,0.20785658061504364,0.2703773198580111,-0.002536080777645111,0.9893880975460211,0.2850259244441986,0.12683981061569455,0.05170654,0.06457279,0.19932036,0.16753161,0.108025484,0.18751366,0.22132955,0.20938647,0.6826884,2.3695543,2.713181,0.2660839,0.66172624,0.2799605,1.2506914,1.1507034,2.5672467,0.2660839,0.6504234,Medullary_cords,364.6601157242179
AGCGACATCCCATTCA-1,1,17,59,5549,17108.0,5549,4240.983,Medium-Low,5,8,4,1,6,3,1,1,3210.623615436727,0.45056120886630463,0.32238656282424927,0.08230154209957735,-0.039165325462818146,0.8371965505897294,-0.005111606791615486,0.9786129670329314,-0.3454303741455078,0.061536119324051036,-0.5093380808830261,0.004043546582147965,0.31035253405570984,0.09508857002007963,0.053761933,0.11515271,0.03617209,0.10485783,0.24641667,0.037903372,0.40573537,0.3049959,0.5030459,2.3445375,2.8072453,0.21185647,0.54856366,0.32328075,2.0605478,1.2420366,1.9991776,0.23014134,0.90742886,B_cell_zone,0.0
AGCGACCAACGATATT-1,1,25,55,6813,25430.0,6813,4400.0186,High,5,3,4,1,1,2,1,1,2753.4026222112884,0.6931471805599453,-0.13653966784477234,0.4718568933502033,0.3326405882835388,0.07248330712145415,0.10050829499959946,0.5971828222567211,-0.010048840194940567,0.9579691472704355,-0.07414592057466507,0.6969845134257051,-0.030444558709859848,0.8731150966883744,0.1514275,0.0056220554,0.0,0.103375494,0.37107083,0.22914043,0.13936369,0.113984056,0.5213319,2.4120233,3.0318193,0.124361,0.8588692,0.21138299,2.102707,0.7422312,1.7132187,0.082907334,0.596846,B_cell_zone,0.0
AGCGACTTTGAAGACA-1,1,77,45,6577,25269.0,6577,4206.351,High,2,4,0,3,5,0,0,3,5530.257227290607,1.0397207708399179,-0.3313247263431549,0.07368994347080794,0.16472689807415009,0.3843698943937687,-0.08396045863628387,0.6591333157367973,-0.05825646221637726,0.7597682118701699,-0.0007742308080196381,0.9967602493065141,0.12945504486560822,0.4953633138484383,0.06514904,0.10156963,0.12457916,0.09575493,0.20565426,0.15307312,0.25421983,0.4470584,0.5054785,2.2752366,2.7689826,0.083359316,0.5365931,0.32070282,1.7035685,0.9028922,2.257421,0.083359316,0.4413529,Medullary_cords,137.92751719653333
AGCGAGACGTGAAGGC-1,1,68,22,7936,36138.0,7936,4430.434,High,3,1,2,0,5,0,0,6,5792.510768224777,0.8675632284814613,-0.4729078412055969,0.008311008654031704,-0.1328158974647522,0.48413910963090384,-0.030911600217223167,0.8711845442289978,0.05864715203642845,0.7582045182736508,-0.08912988752126694,0.639516538194897,0.23082856833934784,0.21973456479969156,0.009033755,0.03415356,0.10707457,0.2292329,0.20925744,0.22279963,0.18844812,0.38346702,0.79445726,1.7147429,2.6323671,0.14667842,0.47808373,0.4195312,1.0490711,1.4766452,2.3977783,0.12215497,0.698382,Medullary_cords,138.42326394071193
AGCGATGCGCCTAATA-1,1,64,108,5394,22640.0,5394,3372.8833,Medium-High,2,13,5,2,7,1,3,4,3405.3701707743903,0.45056120886630463,-0.1690843552350998,0.3717411060170835,0.17705386877059937,0.3492830228259628,0.38550472259521484,0.03538975693812674,0.030512290075421333,0.8728350792623155,-0.39715829491615295,0.02976761274398937,0.18813341856002808,0.31944910743352195,0.014622512,0.053395133,0.26154146,0.11269417,0.26226312,0.1331813,0.16230229,0.23008502,0.30329126,2.062461,2.393459,0.13719276,0.34120268,0.2374185,1.2125692,1.015003,2.8656347,0.2743855,0.4787432,Medullary_cords,239.00209204105306
AGCGCATAATGAATCG-1,1,57,55,6575,24078.0,6575,4236.4116,Medium-High,2,2,5,2,2,7,2,4,3215.9415417572504,0.45056120886630463,-0.21658684313297272,0.2503098150920526,0.06693840026855469,0.7252490354383037,0.14836859703063965,0.4339425429452983,-0.0973043367266655,0.6089812299244041,-0.070469930768013,0.7113531213169973,0.048228662461042404,0.8002049730124545,0.08532659,0.1306073,0.2540847,0.092429824,0.28712216,0.0,0.15042947,0.24838209,0.6926572,2.3349512,2.7765946,0.26357883,0.533026,0.19459721,1.7251558,0.96492434,2.6703436,0.5782764,0.26631394,Medullary_cords,137.92751719653333
AGCGCGGGTGCCAATG-1,1,24,92,6550,22646.0,6550,4479.1177,Medium-High,3,5,2,0,4,2,5,6,1698.9152421471767,0.0,-0.3741818070411682,0.04164322760235963,-0.4146970510482788,0.022692757557310237,-0.0052541932091116905,0.9780165242938557,0.41503825783729553,0.022570220000932506,-0.021885838359594345,0.9086087440811804,0.06567290425300598,0.7302496814233815,0.049245026,0.0,0.037960093,0.62064,0.27754554,0.008028286,0.006581046,0.38513345,1.1584805,1.5348067,2.6351585,0.29542047,0.88376224,0.56060946,0.8981805,1.8577268,1.7580591,0.24969801,0.3421908,T_cell_zone,237.9012400135821
AGCGCTTATGGGCAAG-1,1,8,96,7099,29397.0,7099,4344.4004,High,4,12,7,4,4,3,4,7,3634.6389091627793,1.0114042647073518,-0.2523093819618225,0.17858782194360498,-0.12704788148403168,0.5034824327694649,0.027943041175603867,0.8834672112481867,-0.22274285554885864,0.23676641734019235,-0.17833030223846436,0.3457633586428768,-0.2488500326871872,0.18481826703804882,0.22846165,0.09881935,0.13472667,0.13478594,0.36675543,0.015990932,0.02046003,0.15280513,0.57818925,2.3314235,2.7306952,0.189408,0.53679967,0.6098788,2.0077782,0.7082045,2.212973,0.07320574,0.2832714,Medullary_cords,0.0
AGCGGACACTTCGTAG-1,1,62,62,6856,26642.0,6856,4218.099,High,1,4,3,5,2,1,3,5,3386.403697139489,0.45056120886630463,0.05307551473379135,0.7805899910067579,0.07818275690078735,0.6813231369617545,-0.11590711772441864,0.5419048045583386,-0.019175410270690918,0.9198884163730219,-0.23527005314826965,0.21074172837293834,0.5282608270645142,0.0026940397096726055,0.03756583,0.0438352,0.04293355,0.16506681,0.20902874,0.105259486,0.3963104,0.18725026,0.6103497,2.239219,2.7392912,0.27412415,0.5097919,0.29935625,1.4677656,0.9862995,2.2906728,0.18856546,0.68703747,Medullary_cords,138.0
AGCGGCGGTTAGCGGT-1,1,50,12,6136,21874.0,6136,4142.9443,Medium-High,2,7,0,2,3,6,2,4,5425.355656544555,0.0,-0.30883246660232544,0.09680508984412908,-0.15139688551425934,0.4245115245785638,-0.09577792882919312,0.6146363922472761,-0.19132614135742188,0.31115404425910526,0.22985418140888214,0.22174172894025032,-0.20743079483509064,0.27138194680249245,0.050010905,0.07035371,0.23658687,0.11847934,0.26316482,0.015355032,0.24604927,0.35902038,0.7167548,2.2407813,2.7011487,0.30353692,0.5204634,0.26942667,1.4905957,1.0378249,2.7663836,0.25647363,0.47981113,Medullary_cords,551.9601434886399
AGCGGGAAGGGTCCAT-1,1,13,37,7267,29557.0,7267,4330.2993,High,1,11,0,3,1,5,6,3,4614.381865428998,0.8675632284814613,-0.3079645335674286,0.09779564033788661,-0.06449329107999802,0.7349207457522846,0.10522989928722382,0.579977564753515,0.3216720223426819,0.08302189563239422,-0.33802157640457153,0.06770733382279075,0.1456540822982788,0.4424927259066004,0.014068428,0.04831602,0.23777582,0.17905657,0.0,0.0011224741,0.51966065,0.53283775,0.5666804,1.8861251,2.6729279,0.28088394,0.57133377,0.3625179,1.3129051,1.0651925,2.4012027,0.69319963,0.59611976,Medullary_cords,275.0018181758077
AGCGGGTCTGACACTC-1,1,66,66,5837,18860.0,5837,4210.457,Medium-Low,3,4,0,0,2,1,0,6,3680.244557091281,1.0114042647073518,0.03419134020805359,0.8576485154882774,0.18706215918064117,0.32226271187484434,-0.2552125155925751,0.17347433323106826,0.12694816291332245,0.503820199813042,-0.04637446254491806,0.8077411476072053,0.3621237874031067,0.0492437512785489,0.05734953,0.00022197921,0.09610016,0.22561674,0.28404328,0.19381513,0.1428532,0.5112412,0.89664674,1.8649322,2.797597,0.14354764,0.65454346,0.24990554,1.2267487,1.2733743,2.3434384,0.0,0.35765564,Medullary_cords,138.42326394071193
AGCGGTTGAGATGTAC-1,1,0,90,7146,27367.0,7146,4423.7505,High,1,12,3,6,6,3,7,3,4553.771294213182,0.0,0.1603865921497345,0.39719212485891636,-0.110629603266716,0.5605754570235475,-0.35259073972702026,0.055998765781798576,0.15614531934261322,0.40995406039677806,-0.13546179234981537,0.47539528891669447,0.15843673050403595,0.4030308590686127,0.047844347,0.06441869,0.13489245,0.1969954,0.32108173,0.001986956,0.23278037,0.3820262,0.59039617,2.0183635,2.9585724,0.07786496,0.6720513,0.34492156,1.2625755,0.84917194,2.1982262,0.07786496,0.5900498,Medullary_cords,366.3659372812926
AGCGGTTGCCGCTCTG-1,1,18,116,7220,28803.0,7220,4492.326,High,4,12,1,4,4,3,4,7,3074.749420684554,0.6365141682948128,-0.08093740046024323,0.6707097485986407,-0.10380249470472336,0.5851557353672787,-0.04584527388215065,0.8098951004462083,0.17938071489334106,0.3428830157056709,-0.05291098356246948,0.7812537540254805,0.023939598351716995,0.9000733180487241,0.1874755,0.0,0.16151226,0.14088497,0.430343,0.02526311,0.054521147,0.08921638,0.5129296,2.237185,2.786644,0.23822987,0.46571404,0.8363037,2.0754805,0.9150833,2.077605,0.13183162,0.2565141,Medullary_cords,0.0
AGCGTACGAGAGCTAG-1,1,8,24,6893,26289.0,6893,4351.617,High,3,8,2,0,1,5,5,6,5684.550993702142,0.6365141682948128,-0.7471377849578857,2.1048055090404443e-06,-0.28168371319770813,0.1315511514455968,0.17873592674732208,0.3446493706625052,0.008276849053800106,0.9653759079448039,-0.2672710120677948,0.15334173219283878,-0.21441170573234558,0.25521498501804407,0.061405566,0.0003746814,0.0,0.36300159,0.29712638,0.0016023971,0.2764894,0.27680743,0.855176,1.6476214,2.6562426,0.14144665,0.63191533,0.5684142,1.355932,1.3328085,1.8055241,0.0,0.3661669,Medullary_cords,239.26763257908496
AGCGTAGCGCTAGACC-1,1,3,25,6931,28439.0,6931,4302.817,High,5,8,7,1,1,5,1,1,6031.34893701235,1.0114042647073518,-0.607503354549408,0.0003704011789319556,-0.35217997431755066,0.056305427036853636,0.06783559918403625,0.7217104104920979,0.11234773695468903,0.5544648778531094,-0.25751519203186035,0.1694926743930969,0.16230696439743042,0.39148912366505023,0.18533741,0.09602622,0.0,0.37384707,0.14876473,0.0,0.19602452,0.19783702,0.80104965,2.1751823,2.667458,0.06656979,0.49830493,0.4864477,1.7874817,1.2091634,1.586747,0.15066013,0.13897976,B_cell_zone,137.0
AGCGTCTGAACCCGCA-1,1,6,36,5902,22832.0,5902,3952.9814,Medium-High,3,8,2,0,1,5,5,6,5244.415792059207,0.0,-0.36766764521598816,0.045623173940470475,0.012256070040166378,0.9487479929777219,0.008640808053314686,0.9638543423214504,-0.09442176669836044,0.6196790575110442,0.1083623543381691,0.5686858289068742,-0.01697993092238903,0.9290363710859953,0.05230178,0.0,0.08477059,0.51508576,0.053300276,0.0,0.29454163,0.17532854,0.9304222,1.3332908,2.3197815,0.22702537,0.5492328,0.21485554,0.8359854,1.5085108,1.5070853,0.1816203,0.1816203,T_cell_zone,551.9601434886399
AGCGTGGTATTCTACT-1,1,45,71,3698,8142.0,3698,3921.1597,Low,5,2,7,1,0,7,1,1,1439.8569373378732,1.3296613488547582,-0.10386250913143158,0.5849376137562274,-0.27203798294067383,0.14586561970056333,-0.10478691756725311,0.581582387237133,-0.04796040803194046,0.8012941908284923,0.14095132052898407,0.45751868230722315,0.16235744953155518,0.3913398328977063,0.090959355,0.0006276953,0.31251404,0.27622664,0.3196723,0.0,0.0,0.25517762,0.8629336,2.1781774,2.6221542,0.1550284,0.45547605,0.29318425,1.9334784,1.0975978,2.7134883,0.40059692,0.26706463,Medullary_cords,0.0
AGCGTTCCGATTTAAA-1,1,2,92,7584,33332.0,7584,4353.8774,High,1,12,3,6,6,3,7,3,4320.135298807203,0.8675632284814613,0.1648343801498413,0.38405543877105414,0.15815843641757965,0.40386813701237495,-0.2981646955013275,0.10951738451254023,0.23276233673095703,0.2157877339478933,-0.3178998529911041,0.08690505055407466,0.09502142667770386,0.6174472167900785,0.06523883,0.048659787,0.10307543,0.26384947,0.31918117,0.0,0.19999525,0.29765657,0.6047105,2.0596392,3.130732,0.31780848,0.64396626,0.31323814,1.4079868,1.2509788,2.3560314,0.0656003,0.55694586,Medullary_cords,238.40302011509837
AGCTAACAAGCAATGT-1,1,61,33,6901,28384.0,6901,4107.251,High,2,1,0,3,5,0,0,3,4681.937312694394,1.0986122886681096,-0.37762176990509033,0.039656492349300417,-0.03526093065738678,0.8532424918179354,-0.19290675222873688,0.30709761465834495,-0.2863614857196808,0.12499227397971514,-0.16237704455852509,0.39128189678830927,0.10360640287399292,0.5858686773657594,0.046281163,0.0,0.27513516,0.06511486,0.26009473,0.002972522,0.35040158,0.34295908,0.34262538,2.0947123,2.6376235,0.07545836,0.61852056,0.2033441,1.4401911,0.7290659,2.5531182,0.15091673,0.5281197,Medullary_cords,137.92751719653333
AGCTAAGCTCCGTCCG-1,1,76,36,6538,26614.0,6538,4044.9548,High,2,4,3,2,5,0,2,4,5790.798304206424,0.6931471805599453,-0.4089100956916809,0.02485559049606942,-0.0458628311753273,0.8098236151947471,-0.0776623785495758,0.6833348953851467,0.11792366951704025,0.5348490406764025,0.18037915229797363,0.3401586756843308,0.17165599763393402,0.3644035611245668,0.051427055,0.0030033265,0.17786284,0.23335214,0.27435112,0.0123224715,0.24768107,0.2409091,0.6984621,2.1674147,2.7078316,0.2198642,0.6706013,0.37838516,1.3105543,1.1536205,2.6350894,0.2198642,0.58171785,Medullary_cords,364.9465714320385
AGCTAAGTACGCAGGC-1,1,64,86,6123,20413.0,6123,4280.771,Medium-High,5,6,4,1,2,1,1,1,3117.711500443875,1.3296613488547582,0.027798235416412354,0.8840670587685997,-0.12001596391201019,0.5275748821380787,-0.31850412487983704,0.08627385346004941,-0.24874162673950195,0.1850159357692572,-0.036959338933229446,0.8462550787722559,0.022125322371721268,0.9076129165241359,0.0791737,0.16856211,0.029809536,0.13710754,0.15259317,0.0,0.43275392,0.22121935,0.54301584,2.288209,2.9269707,0.09967858,0.65429074,0.50615954,1.9006494,1.0269941,1.9900084,0.09967858,0.35004154,Medullary_cords,0.0
AGCTAGAAGCAGAAGT-1,1,21,99,8288,38608.0,8288,4535.2886,High,1,0,3,6,4,2,7,5,2172.660350814181,0.410116318288409,-0.11560193449258804,0.5429764285908885,-0.14452917873859406,0.44606245112780574,0.1960023194551468,0.2992496309658832,0.2107437252998352,0.26362883712254753,0.10540244728326797,0.579352994021716,-0.03059249371290207,0.8725035180023786,0.038508534,0.0,0.004161126,0.21120338,0.3187375,0.06557034,0.36181915,0.43923858,0.76707035,1.9195349,2.8891976,0.23011546,0.61425424,0.19863944,1.3512927,1.2669393,2.2452824,0.26629376,0.54979014,Medullary_cords,366.3659372812926
AGCTATTTAATCCAAC-1,1,16,74,7598,32372.0,7598,4550.9775,High,3,5,0,7,6,3,8,2,2805.0532971763655,0.6365141682948128,-0.48285454511642456,0.006878805433109588,-0.021517809480428696,0.9101393538103749,0.17295636236667633,0.360726107485577,-0.09039375931024551,0.6347558367182129,-0.05398738756775856,0.7769140021981912,-0.25870612263679504,0.16745899309721998,0.06126283,0.00042095105,0.11037705,0.40765077,0.2988047,0.0,0.12148367,0.33094323,0.89013964,1.7314473,2.916295,0.5008122,1.4662987,0.56236744,1.0486773,1.3088952,2.169124,0.067300305,0.34514967,Medullary_cords,275.0
AGCTCCTTCGCACATC-1,1,52,86,5983,20123.0,5983,4145.3296,Medium-Low,2,10,5,3,0,4,6,4,1683.2626057748685,0.45056120886630463,0.20824354887008667,0.2694663747581069,0.167385071516037,0.3766367454378516,0.06076638400554657,0.7497389509863195,0.09092486649751663,0.6327595224853915,-0.2413097470998764,0.19892160855486635,-0.12416049838066101,0.5133081265609244,0.045386236,0.0048301057,0.30902958,0.11316197,0.0,0.1658148,0.3617773,0.16451104,0.5922562,2.3046207,2.7215095,0.2879849,0.42850626,0.28811103,1.5001116,0.9668186,2.77401,0.93130696,0.617862,Medullary_cords,277.34635386101615
AGCTCTAGACGTTCCA-1,1,38,76,3973,9981.0,3973,3848.9968,Low,5,2,5,1,0,4,1,1,826.0024213039572,1.0114042647073518,0.13814868032932281,0.4666005456316013,-0.01766272634267807,0.926190347535634,-0.12375052273273468,0.5147108723105491,-0.009397946298122406,0.9606894576889768,-0.5426106452941895,0.0019488473490015543,-0.13920417428016663,0.4631692008498534,0.1346957,0.00029798382,0.057324395,0.17153296,0.11556015,0.35636854,0.16422032,0.26028696,0.4553957,2.6820436,2.901341,0.08676232,0.59914196,0.36173248,2.157537,1.2808752,2.3086746,0.0,0.597993,Medullary_cords,0.0
AGCTCTTCCCAGTGCA-1,1,18,88,6162,20467.0,6162,4417.2144,Medium-High,3,5,7,7,4,2,8,2,2395.007515645828,1.0114042647073518,-0.7743142247200012,5.150389653272698e-07,-0.3481028378009796,0.059421403010817817,-0.21371537446975708,0.2567985405323578,0.3510439097881317,0.05716045099525783,0.09297405928373337,0.6250808389882919,-0.005480489227920771,0.9770699460660969,0.16331299,0.0,0.19845515,0.4227136,0.0,0.00071781286,0.21480043,0.09945758,0.8363111,2.0503645,2.7457407,0.14918637,1.6585648,0.51809955,1.4551393,1.4568992,1.9678068,0.26987582,0.15041764,Medullary_cords,137.92751719653333
AGCTCTTCGTAACCTT-1,1,39,107,5430,18684.0,5430,3864.4102,Medium-Low,2,0,0,2,0,4,2,4,1313.2223726391505,0.45056120886630463,-0.3574862778186798,0.05244421309451509,-0.06346301734447479,0.7390080549637466,0.06390514969825745,0.7372531631356571,0.09393570572137833,0.6214905356788198,0.06292400509119034,0.7411492167501099,0.22155247628688812,0.23934629279378633,0.06691646,0.16216867,0.3421847,0.13694152,0.18605869,0.0,0.10573006,0.32726508,0.43178138,2.3788075,2.6124585,0.16075197,0.60992163,0.30530575,1.4654522,0.83579546,2.903464,0.52852833,0.38547683,Medullary_cords,276.3494165001982
AGCTCTTTACTCAGTT-1,1,41,45,4603,13177.0,4603,3977.0486,Low,0,9,7,4,3,7,4,0,2981.672349538091,1.0114042647073518,-0.07566685974597931,0.6910690958879087,-0.0031395629048347473,0.9868630995094246,0.1263987123966217,0.505683325676632,0.10140006244182587,0.5939165113461747,-0.14603395760059357,0.441290743129723,0.12617948651313782,0.5064276519353669,0.1652388,0.1635374,0.0,0.19153938,0.3784404,0.0112605365,0.08998347,0.25659487,0.39981005,2.2408812,2.7656548,0.07058594,0.5461211,0.4426038,2.0995398,0.86593705,1.6205417,0.0,0.18822917,B_cell_zone,0.0
AGCTGAAGTAAACCAA-1,1,20,84,7324,27524.0,7324,4645.5776,High,0,5,7,4,4,2,4,0,2173.1141249368384,1.0114042647073518,-0.6408584713935852,0.00013601609481288108,-0.13758322596549988,0.46844427187487253,-0.11793053895235062,0.5348250801238225,0.03232460469007492,0.8653482402011682,-0.03068317472934723,0.872128668836077,0.28003373742103577,0.13392373826118983,0.14727938,0.074672446,0.014957216,0.2372285,0.34063205,0.0,0.18523045,0.23860404,0.56705886,2.3799896,2.7325733,0.0387403,0.91654867,0.607176,2.0478654,1.2433851,2.252037,0.0774806,0.20661494,Medullary_cords,0.0
AGCTGCTGTGCCGAAT-1,1,1,113,5460,18509.0,5460,3999.1746,Medium-Low,5,12,3,5,6,3,3,5,4754.176690027412,0.0,0.34845051169395447,0.05915053094556289,0.32875537872314453,0.07609070016089196,-0.32410913705825806,0.08058464621276767,-0.1757032573223114,0.3530305445678637,-0.3383430540561676,0.06742994390162671,0.01942591555416584,0.918845245191256,0.17162573,0.00020299072,0.15524545,0.23433314,0.12063618,0.0,0.3179565,0.14387468,0.55283314,2.3074272,2.9102066,0.10800016,0.7842135,0.36158678,1.7282184,0.9473196,2.2161112,0.10800016,0.3621314,Medullary_cords,137.92751719653333
AGCTGTAACCTCAATC-1,1,54,28,6804,31447.0,6804,3790.2075,High,2,9,5,2,5,0,2,4,4552.90610489608,0.0,-0.3157867193222046,0.08914006744903817,-0.006874199956655502,0.9712408856788712,0.1252802610397339,0.5094864332256483,-0.09004870057106018,0.6360541840395247,-0.1923265904188156,0.308582660609601,0.11494959890842438,0.5452703876243539,0.03737036,0.0,0.32669607,0.1016705,0.039731387,0.0,0.49453175,0.27850768,0.5895345,2.0627124,2.5478978,0.06903181,0.5883784,0.19959778,1.2743263,0.9510775,2.9283261,0.5951147,0.577765,Medullary_cords,239.0
AGCTTATAGAGACCTG-1,1,5,47,5424,16401.0,5424,4197.5864,Medium-Low,3,8,2,0,1,5,5,6,4857.07113392423,0.0,-0.09662628173828125,0.6114906437165417,-0.1099168136715889,0.5631195227178087,-0.024320140480995178,0.8984929555943734,-0.0698307603597641,0.7138615782651869,0.038652028888463974,0.8393025435023802,-0.2810347080230713,0.13248068810631394,0.06236175,0.001871752,0.056383707,0.5845168,0.09905118,0.0,0.19581479,0.05950745,1.0969539,1.5891337,2.4479258,0.17852235,0.5909587,0.31832838,1.025677,1.7942797,1.7728882,0.1190149,0.15868653,T_cell_zone,689.0007256890227
AGCTTCAATACTTTGA-1,1,0,76,6510,23771.0,6510,4296.862,Medium-High,5,5,7,1,6,3,1,1,4625.361607485408,1.0397207708399179,-0.6840952634811401,3.06957756027287e-05,0.055851854383945465,0.7694126263312361,0.13450205326080322,0.4785574127423973,-0.14238318800926208,0.4529152418104022,-0.045439790934324265,0.8115464571910731,0.035046979784965515,0.8541234897301834,0.07147566,0.0029461666,0.086673394,0.24288765,0.22130606,0.22673993,0.14797117,0.16411924,0.74173474,2.0037625,2.6944454,0.24044201,0.42551205,0.44453248,1.671272,1.3143907,1.8316569,0.24044201,0.6116618,Medullary_cords,138.00362314084367
AGCTTGATCTTAACTT-1,1,41,23,3572,9909.0,3572,3516.637,Low,5,7,6,5,3,6,3,5,4488.276840837695,1.3296613488547582,-0.017870264127850533,0.9253254651530083,0.15554635226726532,0.41177471259542653,-0.21228574216365814,0.26006989264055064,-0.1729937493801117,0.3606207030096548,-0.1540205180644989,0.41643314980262724,-0.05634261667728424,0.7674414817382665,0.07445634,0.19992897,0.088091195,0.1903835,0.03343336,0.3321834,0.0815233,0.26136088,0.38737154,2.1532013,2.7549934,0.3633951,0.34886426,0.22530557,1.6964307,0.880508,2.0545247,0.0,0.30040744,Medullary_cords,138.42326394071193
AGGAAGCTGTCCGCCG-1,1,61,65,6197,22251.0,6197,4029.7212,Medium-High,2,4,0,2,2,1,2,4,3177.3978347068846,1.2424533248940002,0.1015038937330246,0.5935367072034736,0.15967242419719696,0.399325034214834,0.2633058428764343,0.15976703956771066,-0.02304680459201336,0.9037824824378374,-0.4058000445365906,0.026085881132501827,0.20294946432113647,0.2821019378255535,0.077508315,0.0,0.17352001,0.22702657,0.3840056,0.0,0.13793948,0.36694333,0.55994874,2.0419092,2.5995827,0.30260935,0.41423917,0.27965468,1.1406959,1.0349674,2.8001928,0.09279053,0.41788605,Medullary_cords,138.42326394071193
AGGACAGTCGAATCCC-1,1,43,85,5180,13924.0,5180,4362.297,Low,0,10,7,4,0,4,4,0,634.0544140686981,0.45056120886630463,0.04624989256262779,0.8082480605605933,-0.11520865559577942,0.5443588624063089,-0.1847388744354248,0.3284170156189688,-0.21374353766441345,0.25673436863775134,-0.358862966299057,0.05147744347634076,0.12681232392787933,0.5042804958520739,0.12751433,0.0,0.0,0.11342486,0.39770797,0.26992747,0.09142539,0.143612,0.6539983,2.3142145,2.9573972,0.24664344,0.2706491,0.301836,2.1452603,1.1085932,2.100558,0.0,0.18043274,B_cell_zone,0.0
AGGACATCGCACGTCG-1,1,16,38,6364,22686.0,6364,4295.8916,Medium-High,3,11,2,0,1,5,5,6,4334.118134061415,0.0,-0.2881298065185547,0.12257668956184176,0.05218150094151497,0.7841984921997237,0.13292120397090912,0.48378953860538637,0.19468441605567932,0.3025752181491003,-0.05147659778594971,0.787046787358277,0.2894309163093567,0.12082146902836947,0.032635767,0.0,0.13435192,0.57237035,0.07082814,0.0,0.18981381,0.18874526,1.1570631,1.4525793,2.537945,0.21597259,0.58162194,0.2756494,0.8093024,1.7608393,2.0286558,0.18260618,0.2434749,Medullary_cords,478.0345175821512
AGGACGACCCATTAGA-1,1,43,45,5030,14524.0,5030,4149.6206,Low,5,9,4,1,3,7,1,1,3019.4370336206716,0.6365141682948128,-0.13911975920200348,0.4634431388615675,-0.13027015328407288,0.4926290994892086,0.4046483337879181,0.026553911849230356,0.14855016767978668,0.43337387202889965,-0.3619920611381531,0.04933246961510401,0.10001590847969055,0.5989896074499503,0.12022899,0.207306,0.00526505,0.27296367,0.27076948,0.027043773,0.096423104,0.23919398,0.6192483,2.2945423,3.028628,0.06548122,0.56562656,0.37015644,2.209555,1.2904493,1.7798165,0.0,0.1746166,B_cell_zone,0.0
AGGACGCTCGATGTTG-1,1,18,98,6245,22307.0,6245,4249.0254,Medium-High,5,5,3,1,4,3,1,1,2492.4080725274503,0.6931471805599453,0.01126069575548172,0.9529056396506733,-0.08506155014038086,0.6549357510640903,-0.07410827279090881,0.6971311604628763,-0.04492602497339249,0.8136399417764594,0.09054931998252869,0.6341708577594437,0.20233486592769623,0.28359301353949606,0.09122956,0.18546614,0.041528612,0.2657586,0.05387776,0.0,0.36213928,0.28950733,0.5651154,2.061369,2.7789187,0.13889897,0.50615597,0.30384046,1.6783481,1.0775135,1.822927,0.0,0.29466608,Medullary_cords,600.4839714763417
AGGAGCGTTTATTATC-1,1,77,115,4059,10723.0,4059,3825.635,Low,1,13,5,5,7,1,3,5,5027.702159038461,0.0,0.19612669944763184,0.298936966687823,0.09750394523143768,0.608243325005517,-0.04035508632659912,0.8323193692560823,0.1757248342037201,0.3529704872648988,-0.3371005952358246,0.06850692310571742,-0.12202555686235428,0.5206334564277192,0.0,0.06688482,0.061858088,0.07341625,0.2733204,0.19994125,0.32457918,0.3807781,0.29286367,2.0342119,2.3680527,0.37869644,0.24918535,0.41392115,1.5451792,0.6644943,2.1629443,0.0,1.020425,Medullary_cords,479.00104384019875
AGGAGGCCTTCGCGCG-1,1,52,98,5236,14423.0,5236,4280.4277,Low,2,10,0,3,0,4,0,3,1813.622066473608,1.3296613488547582,-0.14680115878582,0.43886860264744076,-0.31365251541137695,0.09144151369504273,-0.35043805837631226,0.05762058012300045,0.395316481590271,0.03060442046287686,-0.17376135289669037,0.3584606531803265,0.1854051649570465,0.32664471441663695,0.07551652,0.0,0.12289874,0.19650228,0.23785986,0.009695314,0.3575273,0.33684924,0.84066576,2.1155424,2.9016817,0.26340735,0.6594418,0.37216508,1.5510118,1.2099519,2.453797,0.43503097,0.6158484,Medullary_cords,137.00364958642524
AGGATAAAGTCGGGAT-1,1,53,65,5493,17971.0,5493,3957.1372,Medium-Low,2,2,5,2,2,7,2,4,2395.1705576012746,0.0,-0.07199136912822723,0.7053940728275082,0.11573611199855804,0.5425051532151334,-0.01987515762448311,0.9169748125388916,0.4566614031791687,0.011189860261841626,-0.07544473558664322,0.6919319065070184,-0.2817121148109436,0.1315105826843106,0.032586407,0.0,0.14913796,0.127994,0.33796304,0.16457927,0.18773937,0.3458339,0.55790985,2.1089942,2.6097915,0.055306084,0.44646397,0.2570197,1.2988575,0.9146058,2.9296129,0.29764265,0.36207962,Medullary_cords,365.0986168146902
AGGATATAGGGATTTA-1,1,46,96,5607,16586.0,5607,4339.6396,Medium-Low,3,10,0,0,0,4,5,6,1105.2863882270512,1.2424533248940002,-0.2622741162776947,0.1614699741115737,-0.03819012641906738,0.8411986033711844,0.06388147920370102,0.737347082284856,0.03461918607354164,0.8558855554170071,-0.07448864728212357,0.6956500044424332,0.30614182353019714,0.09990074445789363,0.10858117,0.0,0.0,0.3354897,0.29316956,0.23523062,0.027529012,0.6676922,0.8866425,2.0682273,2.8214371,0.27583563,0.8194305,0.30604067,1.495014,1.1979717,2.0580008,0.23592424,0.38871545,Medullary_cords,238.40302011509837
AGGATATCCGACTGCA-1,1,71,95,6320,25651.0,6320,3935.2266,High,2,6,7,5,2,1,3,4,3982.5077526603764,1.0397207708399179,0.10222054272890091,0.5909181507694243,0.08968248963356018,0.6374332775155513,0.0408925898373127,0.8301179718028476,-0.156930074095726,0.4075755381189019,-0.7196317315101624,7.396981534017587e-06,0.2008855640888214,0.28712909869858827,0.08484379,0.07604213,0.24380143,0.1981633,0.31281915,0.005463185,0.07886706,0.2511762,0.48968172,2.0837924,2.6876802,0.113208205,0.46370554,0.6040402,1.4605787,0.820051,2.5901103,0.24690418,0.5839156,Medullary_cords,138.42326394071193
AGGATCACGCGATCTG-1,1,48,16,6468,23233.0,6468,4262.761,Medium-High,2,7,0,2,3,6,0,3,5098.657568419358,0.45056120886630463,-0.18677902221679688,0.32300890112452235,-0.21349923312664032,0.2572913846819223,0.12975771725177765,0.4943471308918117,-0.09404356777667999,0.6210883618451821,-0.13740648329257965,0.46902134180133237,-0.02120637707412243,0.9114348287832713,0.12482815,0.0022861368,0.19179077,0.273927,0.23551272,0.0026391612,0.16901599,0.32530627,0.588803,2.242042,2.810592,0.28264195,0.6056113,0.45205477,1.669374,0.83321095,2.8385618,0.17899778,0.43305916,Medullary_cords,552.4608583420187
AGGCAAAGAGGAATCA-1,1,1,39,6828,25795.0,6828,4385.0366,High,0,8,7,4,1,5,4,0,5569.0560241391,0.9743147528693494,-0.6973885297775269,1.8456160639052456e-05,-0.16813679039478302,0.37446642341846753,0.09004990011453629,0.6360496687010319,0.030929023399949074,0.8711125381110553,-0.08159437775611877,0.6681875288142441,-0.11920548975467682,0.5303869419166118,0.14603074,0.0,0.13281682,0.21729136,0.034418013,0.24802601,0.22141702,0.11270619,0.58499074,2.0571492,2.630715,0.07175139,0.40810466,0.6734477,1.8057294,1.0526526,2.005667,0.0819096,0.42913726,Medullary_cords,137.0
AGGCAGATGCGTAAAC-1,1,26,86,4082,9179.0,4082,4159.013,Low,4,0,7,4,4,2,4,7,1443.9009661330656,0.6365141682948128,-0.3199598491191864,0.0847676370117216,-0.18046458065509796,0.339926186240627,0.20032556354999542,0.2885029187912238,-0.023559974506497383,0.90165024017397,-0.516041100025177,0.003511008086099438,0.25802910327911377,0.1686129627141049,0.1415655,0.0,0.0,0.21513678,0.23069812,0.41259953,0.0,0.27353257,0.50267494,2.2153974,2.5040486,0.09211931,0.27635792,0.6548033,1.9308255,1.0438818,1.9778168,0.0,0.4384191,Medullary_cords,0.0
AGGCAGGGAGCGTACT-1,1,59,49,5488,20333.0,5488,3705.562,Medium-High,2,2,5,2,2,0,2,4,3678.6095199137403,0.0,-0.16636861860752106,0.3795830275429591,0.035774365067481995,0.851129000856751,0.14878959953784943,0.43262460571527594,0.027506276965141296,0.8852766665283295,-0.33168357610702515,0.07335935235155425,0.25758427381515503,0.1693742315577133,0.04615504,0.06379618,0.23842134,0.12964702,0.28261113,0.0,0.23936939,0.32708722,0.5808606,2.2354584,2.5115225,0.29891533,0.6256108,0.27156875,1.1428554,1.0384101,3.3064234,0.09999777,0.35106483,Medullary_cords,364.3295211755424
AGGCATTGTCGTAGGG-1,1,49,99,5368,16205.0,5368,4203.031,Medium-Low,2,10,0,3,0,4,6,3,1520.1897907827167,0.6365141682948128,-0.18420077860355377,0.32985261857200504,0.28896817564964294,0.12144357158880745,0.17484399676322937,0.3554271824313321,0.062038205564022064,0.7446720619558708,-0.22144882380962372,0.23957181919785778,0.27961546182632446,0.13453013723889234,0.033993706,0.0,0.1904271,0.14550896,0.1854921,0.0,0.44457814,0.35363904,0.6906061,2.0823653,2.670362,0.12016937,0.76907736,0.28074723,1.4037305,1.3082131,2.4876966,0.32115576,0.47527748,Medullary_cords,240.0
AGGCCACCCGTTATGA-1,1,28,38,5771,18733.0,5771,4239.6416,Medium-Low,1,11,4,6,1,6,7,5,3644.4129842815564,0.6730116670092565,0.21830466389656067,0.24648021584883853,0.07149140536785126,0.7073504273463529,-0.2158627063035965,0.25193586120899636,0.008523118682205677,0.9643463407044868,-0.30666637420654297,0.09929145647196283,0.15841586887836456,0.40309358942407086,0.035095733,0.0,0.07033586,0.13531317,0.1514229,0.14324582,0.46458647,0.24980685,0.5789834,2.1274602,2.9682555,0.090811,0.5348071,0.21598433,1.7701446,1.0714619,2.1390498,0.21390767,0.7734866,Medullary_cords,137.0
AGGCCCATTGTACAGG-1,1,15,55,6675,25978.0,6675,4182.298,High,1,8,5,3,1,5,6,3,3570.193972321392,0.6365141682948128,0.2422133833169937,0.19719335201741237,-0.0993061363697052,0.601598189542526,-0.25190696120262146,0.1793049075273696,-0.42834964394569397,0.01819680875378586,-0.4384070038795471,0.015379107138484066,0.24900312721729279,0.18453936424121,0.007257644,0.0,0.29241645,0.036904722,0.042879604,0.19050904,0.43003252,0.3773312,0.57472545,2.0152757,2.7112112,0.15277854,0.6795856,0.30555707,1.4064541,0.69866997,2.6354752,1.04542,0.63038284,Medullary_cords,138.42326394071193
AGGCCCTAGAACGCCA-1,1,45,25,6576,23288.0,6576,4392.081,Medium-High,1,7,0,3,3,6,0,3,4416.373738713697,1.0114042647073518,-0.12022952735424042,0.5268350905944802,0.021021036431193352,0.9122059018133793,0.03054557926952839,0.8726974594070299,-0.2795710563659668,0.1345946320681862,0.01672808825969696,0.9300863185652861,-0.023015910759568214,0.9039108686749212,0.0821389,0.07456509,0.16070446,0.21908155,0.22433354,0.030091273,0.20908521,0.27525502,0.68921167,2.2519815,2.8326805,0.48410723,0.481116,0.45559716,1.6859562,1.3213364,2.1881552,0.24431539,0.5552392,Medullary_cords,137.0
AGGCCTATCATACCAA-1,1,72,52,4523,12035.0,4523,4016.451,Low,3,4,0,0,2,1,5,6,4767.521892975427,1.0114042647073518,-0.21224193274974823,0.26017056792030596,0.10265146195888519,0.5893460418436187,-0.34948283433914185,0.05835195395612216,-0.17435409128665924,0.35679795206280024,-0.02617083117365837,0.8908127102203948,0.2106470763683319,0.2638529532794488,0.0476405,0.0,0.17437206,0.34208417,0.27899912,0.0,0.15690406,0.29926828,0.9003651,1.70275,2.3607297,0.38314033,0.41494927,0.47155738,1.2401907,1.3419923,2.2761874,0.15120326,0.16316834,Medullary_cords,497.24139007126104
AGGCCTGAGAATCTCG-1,1,62,88,7533,31599.0,7533,4471.4224,High,0,6,7,4,2,1,4,0,2875.008521726501,1.0114042647073518,0.22345983982086182,0.23522151677701986,-0.06375405192375183,0.7378527484791042,-0.046153441071510315,0.8086406031479789,-0.15193277597427368,0.4228544779443128,-0.29888829588890076,0.10861757918248788,0.2465483397245407,0.18904699430196006,0.18192163,0.0,0.08971422,0.21944161,0.24360572,0.19108458,0.07423226,0.17098622,0.54958886,2.1714368,2.7560916,0.03436978,0.5594828,0.3950664,2.1533918,1.0137435,2.125718,0.06873956,0.30094215,B_cell_zone,0.0
AGGCGGTTTGTCCCGC-1,1,59,17,7280,29473.0,7280,4402.8467,High,1,1,0,3,5,0,6,3,5496.812258027374,0.6931471805599453,0.4664776623249054,0.009364942623776218,0.5076320171356201,0.004189650477320603,0.4174344539642334,0.0217248944813982,0.4089938998222351,0.024823107650091533,0.2697719931602478,0.14938581138728363,0.3598004877567291,0.05082718289883762,0.042725585,0.048222408,0.14200118,0.11107998,0.11095744,0.12548901,0.41952434,0.4005803,0.52081656,2.164075,2.8584332,0.4507903,0.52145547,0.5020285,1.5258994,1.0413566,2.192221,0.48051202,0.5226231,Medullary_cords,364.9465714320385
AGGCGTCTATGGACGG-1,1,16,112,6463,22225.0,6463,4371.9927,Medium-High,5,12,7,1,4,3,1,1,3110.2470962931548,1.2424533248940002,-0.03511550650000572,0.8538412945327436,-0.19169674813747406,0.31019994654156313,-0.07727914303541183,0.6848178272393569,0.170784592628479,0.3668802547084913,-0.15344318747520447,0.418203398089986,0.11635919660329819,0.5403192050553807,0.21673113,0.0027127913,0.030293819,0.15765268,0.23402552,0.0627966,0.29578748,0.22755195,0.6426706,2.3456328,2.8811162,0.2533387,0.51540005,0.29256552,2.0552044,0.9038967,1.7001495,0.27865404,0.4007513,B_cell_zone,0.0
AGGCTATGGTTAGCTT-1,1,26,30,5471,17444.0,5471,4146.9663,Medium-Low,5,11,4,1,1,6,1,1,4243.152719382134,0.0,-0.29150596261024475,0.11806075694570743,-0.045396510511636734,0.8117227665933235,-0.2130945920944214,0.2582157114150619,-0.2958672046661377,0.11241126043655573,0.040708694607019424,0.8308709914744288,0.0351368710398674,0.853753318289478,0.1716848,0.13122392,0.009209985,0.2926959,0.21101476,0.05564373,0.12852688,0.11329318,0.5140615,2.251521,2.9834745,0.11329318,0.49208394,0.32207152,1.9253564,1.0890186,1.6832302,0.22658636,0.3301559,B_cell_zone,0.0
AGGCTTAAGTTGCACA-1,1,77,69,4878,16863.0,4878,3649.2402,Medium-Low,2,4,5,2,2,1,3,4,4851.313327337248,0.6931471805599453,-0.03191303461790085,0.8670474954984391,-0.35254377126693726,0.0560337638829858,-0.036745987832546234,0.8471322092886198,-0.03173551708459854,0.8677805944626673,-0.053890034556388855,0.7773062331213028,0.1737840473651886,0.35839690785052125,0.027700989,0.06278536,0.111077465,0.09103394,0.2565164,0.26369905,0.18718687,0.43744352,0.4123447,2.0987978,2.7206564,0.11641252,0.11641252,0.23282504,1.2762378,0.95439196,2.543071,0.23282504,0.7317742,Medullary_cords,276.0018115882575
AGGCTTCCCGAAGAAG-1,1,50,42,5662,19204.0,5662,3981.671,Medium-Low,2,9,0,2,3,7,2,4,3477.4407255911638,0.0,-0.09206487238407135,0.6284830375105561,-0.4387882351875305,0.015279885164670848,0.1440587341785431,0.4475599252129191,0.28605175018310547,0.12541896716077758,-0.24654090404510498,0.1890607636283298,0.023742465302348137,0.9008921442310877,0.07012756,0.00029493988,0.32940507,0.24847844,0.3406027,0.011091258,0.0,0.37445754,0.71810997,2.1029398,2.6094477,0.11760704,0.5635232,0.34001085,1.3958194,1.1490165,2.9909387,0.44480762,0.41431898,Medullary_cords,551.8305899458637
AGGCTTGCTAGACACC-1,1,24,18,6982,28129.0,6982,4330.3457,High,3,11,0,0,1,6,0,6,5101.363445197764,0.6365141682948128,-0.15287905931472778,0.41993720258508255,0.17483848333358765,0.35544259166978515,0.031834475696086884,0.8673719091080077,-0.09717587381601334,0.6094563256437722,-0.6558459401130676,8.336503519652514e-05,0.0858658105134964,0.6518762543345662,0.046980765,0.0,0.122432634,0.29648,0.3568687,0.0128181735,0.1644198,0.39353696,0.6964382,2.0102353,2.7868037,0.33016115,0.7016499,0.42053074,1.2042087,1.2879485,2.4461565,0.07604352,0.48157072,Medullary_cords,238.76766950322232
AGGGAAACGAGGTACT-1,1,13,89,7362,30002.0,7362,4584.2896,High,0,5,7,7,4,3,8,2,2994.6418817614904,1.0114042647073518,-0.5396926403045654,0.002083889127435766,-0.010916177183389664,0.9543449705113504,0.2620496153831482,0.16184223751321647,0.16509363055229187,0.38329757378658597,-0.14155709743499756,0.45556809195590015,-0.001325284130871296,0.994454407378125,0.15888022,0.0,0.07846601,0.2344706,0.2338636,0.25530288,0.03901672,0.3318507,0.7639034,2.1579766,2.8005326,0.13577372,1.7466071,0.9014503,1.9520152,1.1127074,1.8778647,0.14384104,0.4634643,B_cell_zone,0.0
AGGGACAGCACGGCGG-1,1,4,46,5301,16181.0,5301,4138.8335,Medium-Low,3,8,2,0,1,5,5,6,4993.998998798458,0.0,-0.05661306530237198,0.7663558326475228,-0.15383926033973694,0.4169884833007422,0.15998278558254242,0.3983973205021713,-0.06387631595134735,0.7373675693907572,0.04591042175889015,0.8096298556925259,-0.11224767565727234,0.5548199015853932,0.028719522,0.0,0.14143449,0.45391026,0.094999395,0.0,0.28093633,0.120299056,0.77233547,1.342592,2.2806406,0.120299056,0.6645715,0.35197744,0.7713492,1.4830296,1.8400915,0.0,0.16039875,Medullary_cords,715.9357513073362
AGGGACCGGCTGCGTT-1,1,36,110,6214,20639.0,6214,4385.897,Medium-High,3,0,0,0,0,4,0,6,1533.3769921320718,1.3296613488547582,-0.41458824276924133,0.022731948522605613,-0.04700898379087448,0.8051602768517035,0.19591717422008514,0.29946378646189636,0.13569092750549316,0.4746419460121513,-0.37129825353622437,0.04336926284267509,-0.09869542717933655,0.6038465606359152,0.097596064,0.0,0.04086561,0.39286938,0.34561202,0.012175901,0.110881016,0.2031864,0.7805945,1.9958723,2.6904287,0.31754565,0.646984,0.47134563,1.3891575,1.3349578,2.1997316,0.19754562,0.17877284,Medullary_cords,138.42326394071193
AGGGACTCTACGCGAC-1,1,55,53,5767,23805.0,5767,3600.2083,Medium-High,2,2,5,2,2,7,2,4,3154.200374104347,0.0,-0.2592200040817261,0.1665868408990146,0.17824500799179077,0.3459978823862622,0.012186035513877869,0.9490404830792993,-0.3437461853027344,0.06289876285910202,-0.19899260997772217,0.29178980412733607,0.3851659595966339,0.03556516497262583,0.08150285,0.0019846566,0.4998321,0.118792444,0.034402087,0.0,0.26348582,0.3532944,0.44631442,2.099914,2.4215064,0.18961209,0.46531716,0.26584363,1.3156508,0.91239935,3.244231,0.24014135,0.432541,Medullary_cords,365.3833603217311
AGGGAGACATACTTCG-1,1,29,113,6444,22458.0,6444,4425.639,Medium-High,5,0,7,1,0,2,1,1,2031.1782295012913,1.3296613488547582,-0.43593814969062805,0.016034721563553518,-0.17459939420223236,0.3561111943921353,0.2752458453178406,0.14098541016562313,-0.03885732591152191,0.8384601036203242,-0.312906950712204,0.09225605003567719,-0.03280801326036453,0.8633531360741917,0.07086699,0.0,0.020435581,0.17636698,0.30451974,0.17085963,0.25695103,0.19245754,0.74577904,2.0736861,2.8319125,0.29019576,0.34336713,0.51991814,1.5006564,1.1226618,1.876124,0.09207501,0.50706846,Medullary_cords,137.0
AGGGCAGCGGCGTGGT-1,1,8,74,6171,21682.0,6171,4205.089,Medium-High,1,5,3,6,6,3,7,5,3720.2237835915194,0.45056120886630463,-0.33931705355644226,0.0665949115307045,0.016731975600123405,0.9300701111264528,-0.37707874178886414,0.039964961526050384,-0.015062709338963032,0.9370321999226401,0.01691623032093048,0.9293019318294319,0.19726207852363586,0.29609240174438883,0.0126966825,0.052999023,0.092011325,0.11812517,0.28484702,0.014946093,0.42437473,0.37498632,0.6919754,1.9730612,2.7920918,0.20340194,0.59377396,0.3193941,1.5106752,1.0368578,2.2853086,0.16340226,0.57031214,Medullary_cords,239.26763257908496
AGGGCGAGCAGCTGAT-1,1,44,20,6654,25231.0,6654,4276.7256,Medium-High,3,7,0,0,3,6,5,6,4735.603551818923,1.3296613488547582,-0.24308745563030243,0.19553154914230564,-0.16557244956493378,0.38190012374067317,-0.13208238780498505,0.4865776245637672,-0.026764988899230957,0.8883490132842102,0.18268944323062897,0.3339052627863359,-0.3149282932281494,0.09006040126055777,0.034869097,0.051102802,0.13892376,0.2526111,0.1448111,0.14923279,0.22844931,0.22025254,0.94457227,1.8808398,2.808906,0.2961081,0.7163119,0.22940496,1.3124367,1.4647152,2.3531914,0.08346887,0.42396462,Medullary_cords,239.00209204105306
AGGGCGTGATCGGCTA-1,1,17,45,7092,26369.0,7092,4473.574,High,1,11,0,3,1,5,6,3,3884.2270788407827,0.6829081047004717,-0.04489210247993469,0.8137782130293106,-0.11311519145965576,0.5517453997907978,-0.30277496576309204,0.1038787837182456,0.06261563301086426,0.7423750418108912,-0.11571203172206879,0.5425897168449655,0.0633101761341095,0.7396150049203367,0.009714428,0.0010946537,0.22133407,0.14204694,0.06720097,0.1285528,0.4300562,0.29717124,0.5925619,1.8333567,2.6367686,0.5557626,0.6543746,0.33225876,1.1230463,1.1892595,2.1987824,0.61065704,0.5409186,Medullary_cords,479.00104384019875
AGGGCTGCAGTTACAG-1,1,35,65,4874,15057.0,4874,3842.0264,Low,2,9,5,5,0,7,3,4,1623.2932575477544,0.9502705392332347,-0.23930875957012177,0.20278577885944318,0.06277230381965637,0.7417521745535507,0.17046114802360535,0.36780206159507056,-0.12263922393321991,0.5185226648263646,-0.2658449709415436,0.15563078792887186,0.12105560302734375,0.5239782560043819,0.06186085,0.0,0.09420885,0.23050813,0.3431119,0.0,0.27031025,0.32812816,0.69161487,2.2370028,2.5693672,0.12732756,0.56097114,0.25465512,1.5054277,1.1070637,2.8569593,0.0,0.14085539,Medullary_cords,239.00209204105306
AGGGTCAGAGCACTCG-1,1,68,40,6272,22082.0,6272,4282.9604,Medium-High,1,4,0,3,5,0,6,3,4881.744462791964,0.45056120886630463,-0.34356775879859924,0.06304449401052675,-0.35804426670074463,0.05205065530981467,0.025806980207562447,0.8923219252799545,0.25718024373054504,0.17006778585333904,0.059001464396715164,0.7567872293742681,0.19484467804431915,0.302169578320578,0.03189448,0.0019384965,0.24836046,0.11579522,0.02120555,0.28567573,0.29513007,0.39706528,0.5229428,2.0424585,2.882817,0.22069776,0.69204575,0.58187944,1.5136511,0.9035077,2.35461,0.6794466,0.7944003,Medullary_cords,366.3659372812926
AGGGTCAGTAACCCTA-1,1,15,113,6566,23648.0,6566,4397.7617,Medium-High,5,12,4,1,4,3,1,1,3248.585230527283,1.3296613488547582,-0.18706119060516357,0.3222652626795388,0.07510396838188171,0.693256304421105,-0.07575966417789459,0.6907087221260708,0.04530756175518036,0.8120851412438022,-0.2888576090335846,0.12159256571198156,0.12418541312217712,0.5132229406135745,0.13506816,0.32305807,0.098584294,0.16060467,0.0625354,0.0344973,0.1856521,0.16785043,0.6630106,2.2549403,2.8300085,0.1647842,0.4817864,0.48580104,1.6984634,0.9974954,1.7527435,0.26451573,0.44909495,Medullary_cords,137.0
AGGGTCGATGCGAACT-1,1,37,97,5117,14139.0,5117,4267.287,Low,3,0,0,0,0,4,0,3,631.6969209993033,0.45056120886630463,-0.14460043609142303,0.44583586700597144,0.00019344128668308258,0.9991905474924868,0.05963169410824776,0.754268152953347,0.020514458417892456,0.9143138159702119,0.14230947196483612,0.45315163280474213,0.18594013154506683,0.32522598812671843,0.04051487,0.23596528,0.2251049,0.16926727,0.16503063,0.00042326294,0.16369376,0.18901445,0.41336736,2.1909175,2.7944274,0.13372296,0.2524888,0.37763384,1.7131127,0.8821217,2.099132,0.26744592,0.4721318,Medullary_cords,601.4000332557357
AGGGTGCCGTTCTTTA-1,1,65,33,5461,17407.0,5461,4110.0293,Medium-Low,3,1,2,0,5,0,5,6,4979.640549276624,0.45056120886630463,-0.27934008836746216,0.13493045610040807,-0.31814390420913696,0.0866497021751764,-0.13531768321990967,0.4758694035041192,0.07636449486017227,0.6883616983820685,-0.0047968169674277306,0.9799297807298354,0.3106973469257355,0.09470242014132355,0.040819645,0.09005896,0.14348878,0.39012256,0.068769515,0.22370358,0.04303691,0.4422326,0.7087604,1.7075944,2.5048144,0.1523704,0.54953456,0.39564496,0.99388635,1.4543965,2.119596,0.2269735,0.24264681,Medullary_cords,496.9557324349926
AGGGTGCTCTCGAGGG-1,1,34,92,5504,16233.0,5504,4317.021,Medium-Low,3,0,2,0,0,2,5,6,551.8305899458637,0.0,0.34066662192344666,0.06545122184638515,-0.005596823990345001,0.9765833388178101,0.119859479367733,0.5281172679776611,-0.12857434153556824,0.498326146917054,0.08625678718090057,0.6503909298735636,0.08733370155096054,0.6463065172191452,0.08703852,0.0013984728,0.09116749,0.583921,0.14075841,0.0008618677,0.09485422,0.17577238,0.9588496,1.704122,2.4136934,0.26073894,0.5519441,0.38167077,1.2027528,1.880781,1.9603039,0.11999886,0.29382482,Medullary_cords,495.7428769029365
AGGGTTCAGACGGTCC-1,1,69,45,6767,25831.0,6767,4337.7344,High,2,4,0,3,5,0,0,3,4749.130657288763,1.0114042647073518,-0.1538032591342926,0.41709883212704635,-0.022284628823399544,0.906950560943683,0.15291211009025574,0.41983551360239113,0.027810445055365562,0.8840164787808098,0.3279743790626526,0.07683227315109399,-0.006920012645423412,0.9710493015747296,0.011686933,0.050523523,0.19577637,0.15860465,0.18628512,0.13152024,0.26560318,0.4955399,0.6249081,1.8587332,2.7328877,0.26606062,0.53890556,0.25592428,1.3818109,0.96288294,2.3201733,0.46775776,0.65977216,Medullary_cords,552.826374189944
AGGGTTCCCTTTGGTT-1,1,30,88,5936,18861.0,5936,4375.2754,Medium-Low,3,0,2,0,4,2,0,6,958.0020876803975,0.6931471805599453,-0.20112191140651703,0.28655053479340986,-0.16322128474712372,0.3887904311203365,-0.27518945932388306,0.14107015407900603,-0.18371883034706116,0.33114167904138886,0.25048476457595825,0.1818553673998616,-0.1462666094303131,0.4405554715284693,0.04930794,0.07484414,0.114711374,0.25349933,0.17984457,0.19461738,0.1331753,0.35858482,0.7923815,1.7743607,2.6610982,0.14353622,0.7347431,0.19671059,1.1803005,1.17624,2.1353898,0.0,0.4040791,Medullary_cords,414.40318531594323
AGGGTTTAGTTCGGGA-1,1,33,63,3647,10023.0,3647,3551.0354,Low,1,3,3,5,4,2,3,5,1821.5707507533161,0.6931471805599453,0.09737539291381836,0.6087185090239816,0.07603579014539719,0.6896368749688028,-0.006825871765613556,0.9714429910632754,-0.015973137691617012,0.9332344361756553,-0.06626170873641968,0.7279216397520963,0.11630365252494812,0.5405138993981268,0.10513797,0.0020158198,0.14895077,0.31113806,0.06540729,0.0,0.36735007,0.22364959,0.47457492,2.2561367,2.8424993,0.0,0.7262399,0.0,1.7069559,1.1735485,2.503079,0.17301224,0.29819947,Medullary_cords,364.6601157242179
AGGTAACCTCCTATTC-1,1,13,41,6917,28353.0,6917,4201.8335,High,2,11,0,3,1,5,6,3,4407.579834784618,0.45056120886630463,-0.1195269227027893,0.5292708225805518,-0.14709636569023132,0.4379385286331778,-0.3685288429260254,0.04508027965327256,0.005501253996044397,0.9769830902042412,0.07479256391525269,0.6944673588834736,0.12094281613826752,0.5243678662066008,0.054602563,0.0037662066,0.24769698,0.17716065,0.2566389,0.0,0.2601346,0.3296673,0.637409,2.1354697,2.849677,0.3220878,0.64202935,0.37142766,1.3825898,0.9200522,2.7405381,0.822139,0.4627328,Medullary_cords,551.0009074402691
AGGTACGATATTGCCA-1,1,12,76,6583,25367.0,6583,4256.561,High,3,5,0,0,6,3,0,3,3221.5575425560846,0.6931471805599453,-0.31362268328666687,0.09147400028846166,-0.1350327730178833,0.4768074699294008,-0.24391555786132812,0.19396612011320774,0.10003942251205444,0.5989032707681727,0.210898295044899,0.2632706682997032,0.09903337806463242,0.6026019283099339,0.020423604,0.120282196,0.2756484,0.24967241,0.25321597,0.0,0.080757424,0.36509395,0.6731411,1.8036705,2.4884088,0.13912028,0.85337067,0.74483025,1.0479032,1.0148724,2.6143723,0.16618174,0.2761223,Medullary_cords,364.6601157242179
AGGTAGATCGAGATAT-1,1,63,35,6835,24526.0,6835,4458.2905,Medium-High,3,1,0,3,5,0,0,3,4720.2645053005235,1.2424533248940002,-0.31625837087631226,0.08863745846813369,-0.23919568955898285,0.20300566349599153,-0.06965217739343643,0.7145629604032662,-0.22014597058296204,0.24241863794424565,-0.27463677525520325,0.14190275648393164,0.08084982633590698,0.671046222684534,0.05425919,1.0662922e-05,0.027280334,0.21788615,0.37838265,0.026585428,0.29559556,0.28859934,0.71618074,2.000877,2.8123784,0.21139525,0.63341975,0.34172145,1.5327368,1.1174921,2.0124445,0.08549767,0.65469015,Medullary_cords,364.9465714320385
AGGTAGGTACAAAGCT-1,1,35,31,4134,11856.0,4134,3682.6316,Low,5,7,6,5,3,6,3,5,3939.578150005404,1.0114042647073518,0.14814412593841553,0.43464613923918116,-0.20291146636009216,0.2821939785662652,-0.026287436485290527,0.8903291226655385,-0.04608137160539627,0.8089339444079948,-0.0014136796817183495,0.9940845263253164,0.444820761680603,0.01377933934032893,0.07358094,0.0,0.018491318,0.2779523,0.53894126,0.0,0.09103416,0.406501,0.6135817,1.867178,2.5572348,0.0,0.6471062,0.20000413,1.277725,1.2996699,2.1277604,0.15291035,0.2666722,Medullary_cords,414.77222664976017
AGGTATAATTGATAGT-1,1,35,109,6784,23969.0,6784,4547.8438,Medium-High,4,0,7,4,0,4,4,7,1489.8973118977026,1.3296613488547582,-0.448874831199646,0.012841649797734108,-0.14632196724414825,0.44038061683164775,0.4162810444831848,0.022128482919066918,0.08296790719032288,0.6629258272991768,-0.5052820444107056,0.004398288216266665,-0.12224332988262177,0.5198839177196728,0.12398896,0.08285988,0.055966955,0.2640238,0.45594472,0.017215589,0.0,0.34809026,0.7484654,2.3001363,2.7216823,0.32604617,0.522665,0.75459826,1.8859822,1.1106772,2.1611645,0.087177895,0.30338073,Medullary_cords,0.0
AGGTCAGGTGAGAGTG-1,1,46,20,7084,27872.0,7084,4368.119,High,2,7,0,3,3,6,6,3,4777.508137094064,0.45056120886630463,-0.18187759816646576,0.3360946994747039,-0.13598524034023285,0.4736752240433524,0.13468311727046967,0.47796001774168034,-0.11688610911369324,0.5384739105309166,0.05714122951030731,0.764236899768978,0.1095159649848938,0.5645525273819683,0.037704397,0.001323504,0.30354542,0.07027893,0.11835083,0.010261751,0.45853516,0.41390818,0.51907885,2.1744606,2.7082305,0.19726896,0.55001897,0.35588095,1.5985329,0.79172117,2.6649148,0.5708826,0.5338695,Medullary_cords,479.00417534714666
AGGTCGCCACTTCGGT-1,1,3,27,5936,19654.0,5936,4233.147,Medium-Low,3,8,0,0,1,5,0,3,5933.363717150669,1.2424533248940002,-0.6010004878044128,0.0004445554492017827,-0.22898970544338226,0.22353284650275812,-0.23678450286388397,0.20773375213051498,0.028442364186048508,0.8813992876626706,-0.09105079621076584,0.632286550599742,0.18313385546207428,0.3327104344448248,0.038678262,0.00063116406,0.095087536,0.12923533,0.10808673,0.34757137,0.28070965,0.43355992,0.72990716,1.9612069,2.729288,0.15424356,0.46457508,0.35746384,1.4533167,1.1869595,1.9821994,0.20565808,0.8209602,Medullary_cords,238.76766950322232
AGGTCGCGGAGTTACT-1,1,26,104,7003,26525.0,7003,4412.4473,High,1,0,4,6,4,2,7,5,1810.857255556053,0.8675632284814612,-0.6172248721122742,0.0002798568788296289,0.07108823210000992,0.7089293735245858,0.05608369782567024,0.768481251796161,-0.15138567984104156,0.42454621229891365,-0.32403185963630676,0.08066107510200367,0.15342018008232117,0.41827403150690756,0.06392648,0.003591226,0.0,0.16706258,0.35595682,0.1393031,0.2701598,0.42086133,0.51776123,2.0539434,2.8165586,0.17455682,0.44457254,0.19020963,1.548559,0.7415502,1.9933001,0.0799799,0.53296757,Medullary_cords,138.0
AGGTGGTGACCTTCGC-1,1,64,56,5568,17238.0,5568,4232.844,Medium-Low,5,4,4,1,2,1,1,1,3814.7640818273417,0.45056120886630463,-0.2052336484193802,0.2766044081260288,0.14652825891971588,0.43972934975102507,0.18607307970523834,0.32487399964556457,-0.15471151471138,0.41431987680153975,-0.752504825592041,1.616746782564029e-06,0.18217873573303223,0.3352815554609705,0.11858988,0.089331955,0.0,0.22215466,0.3107167,0.23573987,0.023466948,0.20269047,0.61276835,2.3445354,2.8209732,0.057187103,0.6220402,0.1715613,2.2230544,1.1310508,2.2816687,0.30692756,0.28086787,Medullary_cords,0.0
AGGTGTATCGCCATGA-1,1,37,17,3470,9989.0,3470,3399.526,Low,5,7,6,5,3,6,3,1,4889.1929804416595,1.0114042647073518,-0.06934333592653275,0.715776468754719,0.17674686014652252,0.35013277096740686,0.17354059219360352,0.3590810882187055,-0.06393106281757355,0.7371503500131129,-0.2418634444475174,0.19786139344571846,-0.02897041104733944,0.8792132370780563,0.110540524,0.0020418547,0.12455317,0.17891239,0.0,0.0,0.583952,0.17343694,0.687868,2.0397587,2.7749727,0.08671847,0.44825262,0.08671847,1.6802168,1.079699,1.8359445,0.17343694,0.3468238,Medullary_cords,138.42326394071193
AGGTTACACCATGCCG-1,1,43,115,5408,18632.0,5408,3820.6003,Medium-Low,2,10,5,2,0,4,2,4,1952.8504807076245,0.0,-0.2067873179912567,0.27290478850860583,0.1457362323999405,0.4422326406900421,-0.09589046984910965,0.6142186954425715,0.20413491129875183,0.27924014848727663,-0.022091465070843697,0.907753694382717,0.1333203911781311,0.48246558986205157,0.06096378,0.00380422,0.39022422,0.06472304,0.1151785,0.0,0.36510628,0.16298968,0.5392574,2.3219838,2.5813336,0.33476087,0.47202992,0.18230705,1.4583158,0.7024246,3.1172435,0.57481635,0.41046816,Medullary_cords,479.00417534714666
AGGTTCTCCTTTCCGG-1,1,66,8,5568,19093.0,5568,4090.071,Medium-Low,0,1,7,5,5,0,4,0,6447.921370488322,0.9002560512685369,0.5965542197227478,0.000502507983139067,0.15875491499900818,0.4020747722012092,0.184908926486969,0.3279641260489056,0.04971586912870407,0.7941730463005039,0.21804015338420868,0.24706735627688298,0.05734650045633316,0.7634138259852812,0.21442981,0.0029751072,0.09959852,0.33907992,0.32649243,0.017424213,0.0,0.17071506,0.9097573,2.3462932,3.0022295,0.10530746,0.5196013,0.43101788,2.1437433,1.26926,2.0985215,0.0,0.34573132,B_cell_zone,0.0
AGGTTGAGGCACGCTT-1,1,22,74,4887,13907.0,4887,4065.0916,Low,2,3,0,2,4,2,8,3,2144.858969722718,0.8675632284814613,-0.22983711957931519,0.22177698524865047,0.0345604233443737,0.8561276500746438,0.2321317344903946,0.21706945608799932,0.2990897595882416,0.10836804331306944,-0.36787691712379456,0.04549077376139151,-0.30745089054107666,0.09838544227671374,0.06642905,0.0,0.24576215,0.15631455,0.11400885,0.013268514,0.4042169,0.21144246,0.7777739,2.0266113,2.7811177,0.13545227,0.89595115,0.61663294,1.3981445,1.123163,2.3023264,0.35827017,0.29709053,Medullary_cords,137.55726080436466
AGGTTTCACACACCTT-1,1,41,67,3641,8352.0,3641,3883.1445,Low,0,2,7,4,0,7,4,0,1488.927466332729,1.0114042647073518,0.10350527614355087,0.5862364983125375,-0.42910900712013245,0.0179701419963568,0.19833345711231232,0.29342394005206224,0.054772812873125076,0.7737515327534861,-0.04106363281607628,0.8294177122635462,-0.22398442029953003,0.23409547452808557,0.07154621,0.16795976,0.009134002,0.2990971,0.45226294,0.0,0.0,0.09841285,0.7554673,2.0854821,2.867312,0.15278512,0.44802368,0.44802365,1.8382425,1.0333154,2.0923529,0.3936514,0.26243427,Medullary_cords,0.0
AGTAACGTTCATCCTG-1,1,5,91,5664,19181.0,5664,4019.5503,Medium-Low,2,12,0,2,6,3,0,3,3957.905759363151,1.0114042647073518,-0.06602150946855545,0.7288710651981842,0.2406967133283615,0.2001000111080089,-0.4555230736732483,0.01141957994456717,-0.0028398423455655575,0.9881171305845236,-0.20271721482276917,0.28266480594569166,-0.19747298955917358,0.29556588015055635,0.09998646,0.10757309,0.2950362,0.26952437,0.1931404,0.00091334386,0.03382604,0.31899217,0.60300815,2.0527434,2.6228154,0.335055,0.6732905,0.32753596,1.2809609,0.93536276,2.7638526,0.17858788,0.3976233,Medullary_cords,238.76766950322232
AGTAATCTAAGGGTGG-1,1,74,88,5299,15358.0,5299,4297.2637,Low,0,6,7,4,2,1,4,0,4312.014030589418,1.0114042647073518,-0.08323878794908524,0.6618899838889873,0.1205989196896553,0.5255566850164314,0.11491433531045914,0.5453945226068689,0.26140135526657104,0.1629206068101833,0.017040608450770378,0.9287834201454598,0.10532419383525848,0.5796362104820724,0.22369237,0.0070952848,0.0,0.31645364,0.33966085,0.0,0.11309784,0.16691825,0.41116452,2.542801,2.7991028,0.0,0.4276514,0.48368847,2.1497474,0.9077643,2.0329826,0.0,0.26406798,B_cell_zone,0.0
AGTAATGTCTTGCCGC-1,1,16,60,5274,15247.0,5274,4227.696,Low,5,8,4,1,6,3,1,1,3264.545297587399,0.6365141682948128,0.031118296086788177,0.8703303816106855,-0.10586632043123245,0.5776753970689243,-0.16061151027679443,0.39652173957257814,-0.41940638422966003,0.02104892587948252,-0.22163397073745728,0.23916907708888757,0.16685634851455688,0.37816762962309597,0.15058596,0.12413992,0.039719958,0.09015615,0.15502219,0.30764508,0.13273072,0.27253997,0.6589108,2.4878008,3.0048387,0.23083083,0.53863657,0.33497894,2.1932838,1.1438872,1.8270679,0.12608114,0.30777448,B_cell_zone,0.0
AGTAATTTGCAAGCGT-1,1,69,9,6855,28592.0,6855,4142.5195,High,5,1,3,5,5,0,3,5,6585.178053781082,0.6730116670092565,-0.22566945850849152,0.2305028930136563,0.16952237486839294,0.3704852458664024,0.01626727543771267,0.9320077720365233,-0.4192291796207428,0.021108953838879195,-0.3080865442752838,0.09765593210633927,0.17185170948505402,0.36384867357838774,0.09463351,0.0,0.09584882,0.17109357,0.24254094,0.0,0.39588314,0.25897586,0.61440164,2.3037748,2.8649745,0.10378125,0.608874,0.3925302,1.8485601,1.0693351,2.3063614,0.074979514,0.3079399,Medullary_cords,0.0
AGTACAGAAGCTTATA-1,1,71,77,5962,21232.0,5962,4043.2568,Medium-High,1,6,3,2,2,1,7,3,4024.9265831813627,1.0114042647073518,-0.18149711191654205,0.3371238177261516,-0.004731243010610342,0.9802040931805621,0.06527025252580643,0.7318430591875192,0.07560553401708603,0.6913072693656889,-0.15076304972171783,0.42647605409461753,0.4096180498600006,0.02458227551250973,0.03369512,0.08626953,0.08863965,0.13603441,0.28518665,0.22986291,0.14031167,0.31184167,0.4545666,2.3631213,2.9118085,0.14472516,0.4207583,0.21416801,1.497874,1.0065615,2.8057876,0.33185259,0.6088933,Medullary_cords,137.00364958642524
AGTACATCATTTATCA-1,1,29,109,6482,21980.0,6482,4525.9917,Medium-High,4,0,7,4,0,2,4,7,1803.0002773155638,1.2424533248940002,-0.46575814485549927,0.009489586424141373,-0.17095890641212463,0.3663840309853399,0.15609589219093323,0.41010413032320864,-0.10723300278186798,0.5727454021841153,-0.22322918474674225,0.23571777624405793,0.1335432529449463,0.481727254570872,0.11070748,0.16159719,0.007519549,0.21382949,0.4766099,0.029736442,0.0,0.18847331,0.75755155,2.1263316,2.730535,0.09374444,0.51321226,0.7136966,2.0367336,1.0981312,1.7487838,0.09374444,0.2156868,B_cell_zone,0.0
AGTACCTTCGAGTGCT-1,1,10,108,5321,15861.0,5321,4233.7837,Low,5,12,4,1,4,3,1,1,3625.4117007589634,0.6931471805599453,0.10069851577281952,0.5964854456341393,0.2175350785255432,0.2481910531591318,0.030646715313196182,0.8722793782880713,-0.3351247310638428,0.07024708903190463,-0.32912731170654297,0.07573948848939073,0.20557056367397308,0.27579941055210105,0.23320527,0.00922952,0.0,0.32005137,0.43751386,0.0,0.0,0.12222429,0.6586921,2.4290628,3.0234895,0.0,0.48394144,0.22420208,2.2243137,1.290393,1.6314914,0.24444859,0.16296573,B_cell_zone,0.0
AGTACGGCCCGTATCG-1,1,35,11,7660,35265.0,7660,4343.609,High,5,7,3,1,3,6,1,1,5312.279830731811,0.6829081047004717,-0.3050247132778168,0.10120770067783756,-0.17946094274520874,0.3426636200094689,0.28216224908828735,0.1308688356785924,-0.32011881470680237,0.08460438293309719,-0.2810066342353821,0.13252100493187768,0.0208628848195076,0.9128639220825608,0.119815715,0.2486861,0.111799866,0.11767435,0.1843866,0.006322398,0.2113149,0.21784218,0.40958014,2.3597877,2.9633448,0.26209068,0.9510397,0.37384057,1.9327568,0.98514843,1.9647008,0.062412344,0.37315744,Medullary_cords,0.0
AGTACGGGCACCTGGC-1,1,25,79,5285,15524.0,5285,4218.8604,Low,5,3,4,1,4,2,1,1,1675.1579030049675,1.0986122886681096,-0.055748216807842255,0.7698290668604246,-0.10249865800142288,0.5899033029791972,0.26226064562797546,0.16149229365517717,-0.11374612897634506,0.5495143205914694,-0.11271927505731583,0.5531475574238321,-0.3294898271560669,0.07539837395230894,0.12342158,0.118233666,0.14559755,0.109031044,0.13568209,0.038066216,0.32996786,0.124308,0.4415545,2.4381123,2.7701726,0.186462,0.5278989,0.26896313,2.0603743,0.8087632,1.917455,0.124308,0.5850576,B_cell_zone,0.0
AGTACGTGGCCTGTCT-1,1,6,88,5603,18114.0,5603,4113.015,Medium-Low,3,12,0,0,6,3,0,6,3833.0105661216226,0.0,0.17736829817295074,0.34841401940133687,0.16791220009326935,0.3751140812760315,-0.350850909948349,0.057306715034058577,0.2040298581123352,0.27949300122163473,-0.23334859311580658,0.2146007760210796,-0.2640543580055237,0.15853962584448847,0.1394344,0.0,0.16151688,0.4175299,0.007827299,0.0,0.27369148,0.17705883,0.7667918,1.8683445,2.5656204,0.16484345,0.67653006,0.47834057,1.2367792,1.3981214,2.3450725,0.0,0.2197913,Medullary_cords,239.00209204105306
AGTACTCTTATGCCCA-1,1,56,88,6088,18957.0,6088,4407.999,Medium-Low,3,6,0,0,0,4,0,3,2156.0083487778984,0.8675632284814612,-0.11000408232212067,0.5628077636754666,0.05422601103782654,0.7759528264541264,0.10871148109436035,0.5674334920247982,0.4214227795600891,0.020375715123574455,-0.22057358920574188,0.24148179567140066,-0.07714610546827316,0.685332885769428,0.033091135,0.0,0.15759693,0.34813243,0.27005017,0.021407187,0.16972212,0.23966885,0.8061006,1.8120693,2.9270258,0.55216277,0.57498753,0.33894944,1.1873351,1.4273584,2.3373244,0.105914235,0.48846442,Medullary_cords,275.0
AGTAGAAGGCGCCTCA-1,1,70,62,6232,19576.0,6232,4434.106,Medium-Low,3,4,0,0,2,1,0,3,4230.678905329498,1.0114042647073518,-0.34253159165382385,0.06389601086847571,-0.3055173456668854,0.10062977122510824,-0.14228864014148712,0.453218447767763,0.1392720639705658,0.46294895180194945,-0.023293498903512955,0.9027573745680998,0.39924925565719604,0.02884023676375,0.03950703,0.18810193,0.14350325,0.33134937,0.19802907,0.03278817,0.066721134,0.41623554,0.87448084,1.8578949,2.7604525,0.3302731,0.613343,0.44687703,1.1856505,1.4563575,2.0442586,0.20632944,0.4880026,Medullary_cords,476.6686480145301
AGTAGCGTGAACGAAC-1,1,2,72,6887,28980.0,6887,4181.859,High,3,5,2,0,6,3,5,6,4450.1713450158295,0.0,-0.5895028114318848,0.0006080899005572086,0.21559631824493408,0.25253578191047804,0.28934982419013977,0.12093031755790566,-0.27295124530792236,0.1444639800356743,-0.046613436192274094,0.8067689052634242,0.1497846096754074,0.42951847514062286,0.032750748,0.0,0.16855897,0.33086687,0.07677008,0.11017276,0.2808806,0.35909045,0.8585825,1.7343402,2.6222591,0.3306527,0.73586273,0.28518328,1.0265222,1.3253982,2.4608917,0.0,0.34279275,Medullary_cords,275.0018181758077
AGTAGGAAGGAAGTTG-1,1,16,98,7456,31702.0,7456,4371.6025,High,1,12,3,6,4,3,7,5,2723.7644905534694,0.0,-0.013385765254497528,0.9440308955407076,-0.16291876137256622,0.38968216652399146,0.09325915575027466,0.6240155503065846,0.036838725209236145,0.8467509246878561,0.19615055620670319,0.2988770195435069,0.14264774322509766,0.45206741417818264,0.009733936,0.11717592,0.14521463,0.04453965,0.18223858,0.082473405,0.41862383,0.35866457,0.33505732,1.9482745,2.8835428,0.18343705,1.0767938,0.28231752,1.2692478,0.77866447,2.5760434,0.2726022,0.4210584,Medullary_cords,497.1810535408605
AGTAGGTAACATACAT-1,1,13,51,7767,29654.0,7767,4682.7646,High,1,8,0,3,1,5,0,3,3930.783636884635,1.0114042647073518,0.18755744397640228,0.3209599794396862,-0.2688802480697632,0.15078779114630506,0.05610156059265137,0.7684095055702799,-0.17082197964191437,0.3667737907499734,-0.5287903547286987,0.00266270444606774,-0.2371741384267807,0.20696464894176816,0.011386313,0.0,0.094032995,0.1255788,0.18534774,0.2578988,0.32575533,0.32854977,0.5902984,1.7014599,2.836868,0.3260688,0.57267755,0.35061303,1.1445782,0.96369624,1.9979672,0.0,0.8038133,Medullary_cords,238.40302011509837
AGTATAATACTAGGCA-1,1,25,33,6855,28566.0,6855,4148.8667,High,5,11,4,5,1,6,3,5,4093.947239523245,0.6931471805599453,-0.16160157322883606,0.393578467934966,0.12694239616394043,0.5038397364211743,-0.07474227994680405,0.6946629828875768,-0.16490063071250916,0.3838616865422155,-0.023656070232391357,0.9012510325539352,0.213303804397583,0.2577375337312229,0.09640413,0.18966925,0.14590597,0.13164899,0.06808508,0.0,0.36828652,0.23033994,0.47981948,2.2529674,2.9315271,0.10386635,0.59743905,0.2077327,1.9341745,0.9717507,2.1136577,0.0,0.47681522,Medullary_cords,0.0
AGTATACACAGCGACA-1,1,64,48,6511,22395.0,6511,4417.601,Medium-High,3,4,2,0,2,0,0,6,4157.061101307028,0.8675632284814613,-0.16765150427818298,0.3758666775622137,-0.07673494517803192,0.6869255771191632,0.29164040088653564,0.11788352280781765,-0.03472905978560448,0.8554329246941104,0.09849447011947632,0.6045871784140052,-0.22083985805511475,0.24089966283520467,0.08351734,0.07908419,0.14170833,0.34945217,0.0,0.22975942,0.116478555,0.36207616,0.76968205,2.0912223,2.7882323,0.07977673,0.5366509,0.18459009,1.6910706,1.3067093,1.906989,0.3191069,0.451232,Medullary_cords,137.55726080436466
AGTATCCATAATAACG-1,1,4,24,7278,28255.0,7278,4517.035,High,3,8,0,0,1,5,5,6,5998.662017483565,1.3296613488547582,-0.5543097257614136,0.0014806797347063404,-0.43939900398254395,0.015122032214511583,0.01684144139289856,0.9296137280730893,0.039843447506427765,0.8344159911579999,-0.2019612193107605,0.28450197781982617,0.07881271094083786,0.67889062852898,0.11270272,0.00054299115,0.033033423,0.3365877,0.14018945,0.0,0.3769437,0.35528964,0.9992549,1.8380089,2.7360222,0.18053007,0.6600077,0.2907776,1.2149032,1.395274,1.6558466,0.0,0.2867022,Medullary_cords,138.42326394071193
AGTATGCTGGAGACCA-1,1,58,26,6064,22582.0,6064,4018.5054,Medium-High,2,1,0,2,5,0,2,4,4894.2292549491385,0.6365141682948128,-0.1391141414642334,0.4634613721859862,-0.34979334473609924,0.0581134145916315,0.049774475395679474,0.7939355822082581,0.10254140198230743,0.5897473967289857,-0.4026792645454407,0.02736996194310452,-0.019096579402685165,0.9202167162901085,0.092143424,0.08138653,0.22537464,0.25196525,0.18687253,0.0,0.1622576,0.2670819,0.66013306,2.293746,2.8381166,0.17093655,0.6006381,0.4123012,1.6495084,0.9350654,2.4605253,0.36987484,0.18330345,Medullary_cords,137.92751719653333
AGTATTTGGCACGACC-1,1,58,52,5208,15560.0,5208,4118.118,Low,2,2,5,2,2,7,2,4,3446.793872572017,0.45056120886630463,0.005457133054733276,0.9771676416876347,0.16928377747535706,0.3711690269948723,0.21996010839939117,0.24282658374295824,-0.21644483506679535,0.2506281462450272,-0.2843812108039856,0.127738824141481,0.21056246757507324,0.26404925187340306,0.051917754,0.0013330922,0.20445298,0.17679766,0.20659195,0.0016485644,0.3572579,0.371875,0.47755712,2.192626,2.707259,0.33062232,0.433937,0.4237275,1.4361206,1.1380785,2.655857,0.39266294,0.45456046,Medullary_cords,138.0
AGTCAAATGATGTGAT-1,1,67,35,6346,22114.0,6346,4316.0854,Medium-High,1,1,0,3,5,0,0,3,5037.944918317388,0.6365141682948128,-0.3152328133583069,0.08973309640754558,-0.2660077214241028,0.155368311957404,-0.04969983547925949,0.7942380154648863,0.17884530127048492,0.3443493605458252,0.06721072643995285,0.7241743688545997,0.3063952922821045,0.09960597884177129,0.025208568,0.0718544,0.28409246,0.18789472,0.015034581,0.019787915,0.39612734,0.3178118,0.59758556,1.8112679,2.8045793,0.26903617,0.3168074,0.13992657,1.2435108,1.0681543,2.1188169,0.32212764,0.6399301,Medullary_cords,478.17360864020924
AGTCAACACCACCATC-1,1,41,47,4574,13432.0,4574,3880.947,Low,5,9,7,5,3,7,1,1,2844.6435629090684,0.6365141682948128,-0.020054712891578674,0.916227349818603,0.07993420958518982,0.6745678950860559,0.023394007235765457,0.9023397683961334,0.025770720094442368,0.8924723486568943,-0.17954742908477783,0.34242720452512665,0.05935508385300636,0.7553734827169589,0.25843892,0.0,0.05402615,0.112891346,0.028473455,0.0033970927,0.542773,0.28581023,0.5020549,2.2743604,3.1326146,0.2530999,0.5506261,0.5020627,2.1373456,0.9503919,1.7302994,0.13911568,0.18548757,B_cell_zone,0.0
AGTCAAGATGACACTT-1,1,48,90,5836,19023.0,5836,4274.528,Medium-Low,5,10,4,1,0,4,1,1,1206.2690413004887,1.0114042647073518,-0.04292421042919159,0.8218087864156474,0.2975975573062897,0.11022651103267361,0.0778287798166275,0.6826913638497645,-0.1806187778711319,0.33950678923764893,-0.06028280407190323,0.7516682099194061,-0.45159077644348145,0.012243788280462539,0.15012059,0.1735413,0.10482771,0.15848093,0.21250671,0.0,0.2005228,0.2324486,0.60991216,2.492019,2.8963714,0.39087713,0.50759745,0.19543856,2.0050397,1.2557251,2.163296,0.10561902,0.19017208,Medullary_cords,0.0
AGTCACTAGCTCTCGA-1,1,55,99,5717,17971.0,5717,4248.297,Medium-Low,3,10,7,0,0,4,0,3,2172.986194157708,1.3296613488547582,0.2064037173986435,0.2738152345053045,0.04977510869503021,0.7939330162697226,-0.027490856125950813,0.8853405633787622,0.26582443714141846,0.1556639264136136,0.102017842233181,0.5916582864932924,0.2410392165184021,0.1994410428282585,0.050405808,0.0039729853,0.15670855,0.18175215,0.25988647,0.015947679,0.33132637,0.29052782,0.5916949,2.1859066,2.8432367,0.2594335,0.45859018,0.44283086,1.7268295,1.2197822,2.2228894,0.11061217,0.5100721,Medullary_cords,138.00362314084367
AGTCACTCCGCCTCAT-1,1,6,30,5946,20005.0,5946,4222.4194,Medium-Low,3,8,2,0,1,5,5,6,5534.558067271496,0.0,-0.44217976927757263,0.01442039114572534,0.14270590245723724,0.4518811434049436,0.24529889225959778,0.19137052570612137,-0.35324791073799133,0.05551088296860882,-0.22599872946739197,0.2298052226080048,0.1542498618364334,0.4157310828346569,0.06411113,0.004816645,0.07519043,0.5229622,0.07116963,0.26175004,0.0,0.40386117,1.0300559,1.5798978,2.3781052,0.101349615,0.7035651,0.23865531,1.0421014,1.7794441,1.5887773,0.20269923,0.2506407,T_cell_zone,498.20678437773205
AGTCAGCCACCGCCTG-1,1,16,28,6043,20132.0,6043,4291.335,Medium-Low,3,11,2,0,1,5,5,6,4898.685640046726,0.0,-0.37767764925956726,0.03962485851929156,-0.3591574728488922,0.05127247026159027,-0.44132667779922485,0.014632697474543332,0.029506046324968338,0.876996660320643,-0.21474143862724304,0.25446736947744564,0.33482104539871216,0.0705175596041993,0.060784344,0.0017737448,0.12063886,0.53844315,0.16388552,0.0,0.114474334,0.2508304,0.991962,1.6157253,2.4988074,0.050411705,0.46055806,0.43925333,1.2075794,1.6779186,1.8942944,0.10082341,0.18219697,Medullary_cords,364.24716882907956
AGTCCAGCGGGTACGT-1,1,4,20,6084,22076.0,6084,4192.494,Medium-High,5,8,4,1,1,5,1,1,6204.611349633432,1.0549201679861442,-0.4913339912891388,0.0058288155820626,-0.4364006519317627,0.01591016611528808,0.09724131971597672,0.6092142669256042,0.048537611961364746,0.7989509723823464,-0.3536868095397949,0.05518691351690162,0.005399085581302643,0.9774104475887373,0.15262419,0.17684834,0.0038146968,0.37529084,0.27376643,0.017655417,0.0,0.38198972,0.6558744,2.2066247,2.9964275,0.046703897,0.55845857,0.39477152,1.8970946,1.1513939,1.8090028,0.093407795,0.20531175,B_cell_zone,0.0
AGTCCATTGGCTGATG-1,1,42,100,4899,13410.0,4899,4148.7676,Low,2,10,0,3,0,4,0,3,954.7030952081385,0.8675632284814613,-0.6182771921157837,0.0002713424440335285,-0.08960883319377899,0.6377107998091064,-0.5839565396308899,0.0007043580259638266,0.17744310200214386,0.34820747192768015,0.300716757774353,0.10636850665896593,0.06951837241649628,0.7150886270306652,0.04337882,0.0006568619,0.25410363,0.048358444,0.0,0.23018248,0.42331973,0.35935766,0.32668748,1.9665086,2.7963686,0.2164919,0.8116833,0.32306033,1.2987719,0.8568795,2.5109262,0.2282248,0.6118638,Medullary_cords,138.0
AGTCCCGCCTTTAATT-1,1,17,93,6842,26696.0,6842,4382.4287,High,3,5,3,7,4,3,8,2,2538.6019774671254,0.6931471805599453,-0.5573318004608154,0.001376989090374274,-0.3610905408859253,0.04994305453594812,0.25715771317481995,0.17010652072487428,0.3515005111694336,0.05681558587137353,-0.017983635887503624,0.9248530406339424,0.2732861638069153,0.14395241299023592,0.052759677,0.0016441988,0.14445308,0.22415787,0.25374752,0.0,0.3232377,0.553485,0.6985771,1.8712225,2.9789073,0.6563387,1.5907301,0.3279104,1.5585891,1.2338091,2.112089,0.13978618,0.40510404,Medullary_cords,364.24716882907956
AGTCGACGGTCTCAAG-1,1,38,90,5405,15162.0,5405,4379.7075,Low,3,0,0,0,0,4,0,3,138.0,0.45056120886630463,0.16982389986515045,0.3696221829880161,0.12049135565757751,0.5259287914409259,0.2716234028339386,0.14650513734110215,0.05952466279268265,0.7546957919241879,0.30592864751815796,0.1001491611194039,0.000742373988032341,0.9968935527736985,0.019595645,0.00013677095,0.03844532,0.18697488,0.1372727,0.3485062,0.26906842,0.24208872,0.8320005,1.793154,2.868657,0.32989982,0.5406786,0.40024692,1.3102536,1.2492905,1.7774173,0.25327134,0.56600523,Medullary_cords,138.42326394071193
AGTCGGCCCAAACGAC-1,1,25,39,6773,25266.0,6773,4422.373,High,5,11,4,1,1,5,1,1,3715.310215850084,0.45056120886630463,-0.0240175798535347,0.8997494361086705,-0.07661060243844986,0.6874074966677929,0.059427835047245026,0.755082724228267,-0.26805341243743896,0.15209616709089183,-0.2964686155319214,0.11164828938220844,0.23805935680866241,0.20522457905701402,0.14066945,0.18815129,0.043292187,0.10154155,0.13893224,0.0,0.38741323,0.30717048,0.44327468,2.4488823,2.993034,0.19793448,0.7885587,0.22913909,2.0792427,0.95206004,2.029079,0.083364934,0.33468756,B_cell_zone,0.0
AGTCGGCTCAACTTTA-1,1,47,23,6652,30626.0,6652,3663.1501,High,2,7,5,2,3,6,2,4,4602.68454274242,0.0,0.000852659810334444,0.9964320669548958,0.014595013111829758,0.9389836812872391,0.30825668573379517,0.09746136352092138,-0.10736886411905289,0.5722563470121291,-0.17434048652648926,0.35683606344075613,-0.05678015202283859,0.7656853208616141,0.05827047,0.0,0.3581478,0.15257774,0.07976928,0.17112951,0.18010508,0.1713557,0.3434791,2.1161733,2.5678935,0.13346674,0.48769158,0.3572676,1.2948747,0.79308,3.0589685,0.14127947,0.6309853,Medullary_cords,365.0
AGTCGGTTGCGTGAGA-1,1,40,112,6202,22872.0,6202,4082.9243,Medium-High,2,10,0,2,0,4,2,4,1669.761959082791,0.6365141682948128,-0.09738869965076447,0.6086693144186296,0.09748333692550659,0.6083194915485486,-0.12825731933116913,0.49939483870815476,-0.022255588322877884,0.907071299389456,-0.1993967592716217,0.2907907237242912,-0.11712680757045746,0.5376319585862359,0.10110869,0.0,0.22848254,0.16997488,0.023144852,0.013400264,0.46388873,0.37127954,0.6100935,2.3581176,2.6288106,0.20241484,0.61613464,0.5880242,1.3398354,1.1132957,2.6018577,0.3434738,0.4129089,Medullary_cords,496.9557324349926
AGTCGTATAAAGCAGA-1,1,65,81,6720,23721.0,6720,4441.831,Medium-High,1,6,4,6,2,1,7,5,3269.541405151493,0.8675632284814612,-0.08580859750509262,0.6520937168665818,-0.10517144203186035,0.5801892297076029,-0.45747634768486023,0.011027793079760501,-0.21087440848350525,0.2633259974643502,0.03446754068136215,0.8565103404337844,-0.08191794157028198,0.6669466242479101,0.039312687,0.045681406,0.013201132,0.08410715,0.24573244,0.12447309,0.44749206,0.5617797,0.54421955,2.2117026,3.016972,0.25232217,0.60515016,0.28790152,1.6879581,1.0066414,1.9311922,0.17588629,0.63149005,Medullary_cords,137.00364958642524
AGTCGTCGACCACCAA-1,1,57,91,7074,25557.0,7074,4529.5557,High,1,6,0,3,0,1,6,3,2285.852138700139,1.0114042647073518,-0.06103871390223503,0.7486531316523148,0.13362881541252136,0.48144394276585384,0.19997873902320862,0.289355861832579,0.248519629240036,0.1854211899456937,0.07119634747505188,0.7085058452985755,-0.09784603118896484,0.6069795917600679,0.06623787,0.061024554,0.15308021,0.12924303,0.14141694,0.0,0.44899738,0.48510575,0.46740124,2.1419353,2.788042,0.34894782,0.73510134,0.33444208,1.6636729,0.96358347,2.1333957,0.42120662,0.37714946,Medullary_cords,138.00362314084367
AGTCGTGGGCATTACG-1,1,51,29,5048,17130.0,5048,3705.3123,Medium-Low,2,9,0,2,3,0,2,4,4349.107724579836,0.0,-0.3288589119911194,0.0759928091453279,-0.07664689421653748,0.6872668269248139,0.2358599156141281,0.20956663267298703,-0.2304292768239975,0.22055557970244055,-0.0559394508600235,0.7690606917903663,0.06778877973556519,0.7218949317404478,0.08608475,0.0,0.17432149,0.15650384,0.21465828,0.36843166,0.0,0.20804614,0.50691044,2.3442354,2.7213674,0.05747879,0.33456057,0.2806964,1.7382066,0.8805618,2.9322846,0.0,0.53527,Medullary_cords,138.42326394071193
AGTCTAAAGTATACTC-1,1,29,111,7249,27854.0,7249,4584.437,High,4,0,1,4,0,2,4,7,1915.79878901726,1.0114042647073518,-0.5247111916542053,0.0029124266495149076,-0.18462730944156647,0.3287143482149086,0.19166821241378784,0.3102733445483119,0.15055543184280396,0.42712063888643204,-0.3014422357082367,0.1054858783771081,0.07035242766141891,0.7118140476107855,0.18984136,0.15873347,0.065775275,0.052497074,0.23677391,0.24724224,0.049136642,0.18798774,0.5559148,2.2677684,2.74152,0.07669002,0.43183514,0.7475554,2.071753,0.78878856,1.8642213,0.0,0.28264606,B_cell_zone,0.0
AGTCTCACAAGACTAC-1,1,54,30,6717,27055.0,6717,4070.3672,High,2,9,5,3,5,0,6,4,4428.726679306367,0.0,-0.24457773566246033,0.1927206242017573,0.17365828156471252,0.35875024977362263,-0.08034870028495789,0.6729728283789598,-0.14712682366371155,0.4378426292721249,-0.14698195457458496,0.4382988631624499,0.178251251578331,0.3459807118685533,0.028355177,0.0006149361,0.2553106,0.122198045,0.047322437,0.124463886,0.4217349,0.32356974,0.7029706,2.1923766,2.5218403,0.25053373,0.39963004,0.3102622,1.4782697,1.1436611,2.6734984,0.7743961,0.5506872,Medullary_cords,239.0
AGTCTGGACATCCTTG-1,1,18,20,6453,23569.0,6453,4331.448,Medium-High,5,11,7,1,1,5,1,1,5258.462227685961,1.0114042647073518,-0.14794985949993134,0.4352555624808426,0.01698293350636959,0.9290238538304896,-0.2759653329849243,0.13990731912514112,-0.3224533498287201,0.08223445728054242,-0.19872525334358215,0.2924519219146825,0.09413917362689972,0.62073197587734,0.19432764,0.10502761,0.0,0.26031435,0.20487086,0.0,0.2354595,0.22924706,0.6405823,2.308969,3.0013528,0.16521938,0.59964454,0.2892436,1.8748589,1.1371224,1.7198254,0.0,0.32671303,B_cell_zone,0.0
AGTCTTCTCCTCAAAT-1,1,24,66,5952,20650.0,5952,4142.5444,Medium-High,3,3,0,0,4,2,0,6,2259.03806962167,0.6365141682948128,-0.5172256231307983,0.003423461869524813,-0.09108878672122955,0.6321438922163223,-0.06438405066728592,0.7353537911015925,-0.021596897393465042,0.9098104052066291,0.05418357253074646,0.7761237451642717,0.21292635798454285,0.2586006503742124,0.05962906,0.0,0.13972813,0.24195835,0.19099143,0.17249273,0.19520026,0.24736318,0.71589273,2.0190604,2.4782603,0.32304645,0.3174268,0.2186935,1.4539971,1.4108627,2.6946018,0.19746658,0.3770393,Medullary_cords,276.3494165001982
AGTCTTTAAAGTGTCC-1,1,67,77,5632,17235.0,5632,4255.984,Medium-Low,5,6,3,1,2,1,1,1,3555.7807862690297,1.0114042647073518,0.1999141424894333,0.2895149007793616,-0.19562307000160217,0.30020425436839543,-0.20383314788341522,0.27996685901767443,0.035214029252529144,0.8534356056818653,-0.042745742946863174,0.8225379629323939,0.18125323951244354,0.337784436159957,0.06925248,0.08941253,0.12888609,0.14626667,0.32275486,0.0,0.24342737,0.20722303,0.6288095,2.1757557,2.9873726,0.26787364,0.5068591,0.22878036,1.6914113,1.0232114,2.080493,0.25204822,0.30504048,Medullary_cords,138.42326394071193
AGTGAACAAACTTCTC-1,1,44,102,6432,22633.0,6432,4309.725,Medium-High,2,10,0,3,0,4,6,3,1203.014962500467,1.3296613488547582,-0.4331470727920532,0.016803689388158655,-0.21747152507305145,0.24833268666883607,-0.3451797068119049,0.06173745329289641,0.03572937101125717,0.8513141732864986,-0.13221552968025208,0.48613453571521653,0.34291571378707886,0.06357930060386767,0.07172547,0.0,0.23257582,0.23699263,0.029381063,0.0,0.429325,0.5189028,0.6626368,2.115537,2.6972857,0.38935825,0.676934,0.35528713,1.4752109,1.164953,2.6768448,0.21098986,0.2626361,Medullary_cords,137.92751719653333
AGTGACCTACTTTACG-1,1,44,52,5042,14160.0,5042,4171.463,Low,1,9,3,6,3,7,7,5,2579.961433820281,1.0114042647073518,-0.050951309502124786,0.7891710692203923,0.0892239511013031,0.6391617364786397,-0.13250432908535004,0.48517413657999514,-0.05100401118397713,0.7889578748610108,-0.16884037852287292,0.3724417001707475,0.27655869722366333,0.1390227341612716,0.077013925,0.10112864,0.16621375,0.0,0.0,0.24439925,0.41124436,0.22017924,0.4023576,2.2706442,2.7901065,0.13358393,0.55356354,0.3104655,1.655587,0.7884879,1.8675106,0.41795748,0.84819704,Medullary_cords,138.0
AGTGACTGTGACACAA-1,1,66,28,7241,31498.0,7241,4324.2266,High,3,1,2,0,5,0,5,6,5320.468024525662,0.0,-0.19500011205673218,0.3017764854796643,0.14564654231071472,0.4425166014660903,0.11170096695423126,0.5567615108353383,-0.1313188523054123,0.48912260779603794,-0.06485376507043839,0.7334923385998096,0.3488287329673767,0.05885696026906849,0.04388053,0.06740972,0.12174692,0.5128936,0.027992783,0.031626005,0.19445044,0.21183094,1.1347632,1.5236571,2.434443,0.21401773,0.7422923,0.1378606,0.86535835,1.6820405,1.5878694,0.19183503,0.5350639,T_cell_zone,479.00104384019875
AGTGAGACTTCCAGTA-1,1,35,87,4954,12686.0,4954,4301.674,Low,3,0,2,0,0,2,5,6,365.57078657901536,0.6365141682948128,0.03255347162485123,0.8644035680413403,0.0891093835234642,0.6395938882956225,0.20516707003116608,0.2767636639920207,0.1933671087026596,0.3059224244547495,0.3483264148235321,0.059247103212750604,0.0002584632020443678,0.9989184642847293,0.13981456,0.0,0.09853633,0.34275442,0.0,0.41889474,0.0,0.1516715,0.9246894,1.9072721,2.437346,0.11830598,0.6325617,0.6202774,1.2878919,1.3716207,1.7275311,0.0,0.35149097,Medullary_cords,138.0
AGTGAGCCTCGCCGCC-1,1,29,103,6107,20044.0,6107,4346.998,Medium-Low,5,0,7,1,0,2,1,1,1492.4141516348604,1.3296613488547582,-0.49248775839805603,0.005697098512802359,-0.14676566421985626,0.4389805034356176,-0.2777710556983948,0.13722802181835864,0.1631762981414795,0.3889229618624702,-0.05145200341939926,0.7871462144369076,0.008336696773767471,0.9651257004645508,0.12772654,0.10203552,0.031756073,0.2628309,0.17083004,0.030573593,0.27424732,0.05059164,0.69802195,2.2183135,2.6658583,0.20236656,0.89726394,0.47507325,1.818061,1.1147567,1.6768963,0.0,0.45069492,B_cell_zone,0.0
AGTGAGGGTTTCTGAC-1,1,8,88,5773,18612.0,5773,4238.284,Medium-Low,3,5,0,0,6,3,0,3,3593.0089061954745,1.0114042647073518,-0.24182412028312683,0.19793656187251565,0.0621812678873539,0.7441027556916835,-0.13077552616596222,0.49093771680159043,0.03433037921786308,0.857075524323001,-0.2739003598690033,0.14301768015904812,-0.261454313993454,0.16283231929191622,0.08995257,0.0020719352,0.3194637,0.3328075,0.25570422,0.0,0.0,0.20842876,0.54528606,2.0162845,2.7784555,0.05375481,0.5106214,0.71301425,1.5099462,1.1048782,2.5342524,0.28995574,0.26497692,Medullary_cords,238.40302011509837
AGTGATAACCTGCGCG-1,1,59,89,7263,28740.0,7263,4450.6426,High,1,6,4,6,2,1,7,5,2516.1180417460546,1.0114042647073518,-0.11027911305427551,0.5618257576930112,-0.0009704272379167378,0.9959392759612304,0.2339785397052765,0.21333032818301992,0.38085585832595825,0.03785868188774195,-0.2708432972431183,0.14771399432551433,0.08967132121324539,0.6374753547333748,0.07220633,0.0,0.09472512,0.113737114,0.15151905,0.15784757,0.40996483,0.6100078,0.421047,2.2909431,2.9234204,0.06602984,0.7194602,0.23003834,1.7612833,0.8476176,1.953091,0.20670986,0.8608978,Medullary_cords,137.92751719653333
AGTGATATGAGTAGTT-1,1,45,49,6113,20550.0,6113,4378.245,Medium-High,0,9,7,4,3,7,4,0,2811.9653269555083,0.8675632284814612,-0.09509328007698059,0.6171800130307709,-0.07725334912538528,0.6849176782418964,-0.21041207015514374,0.26439841983397755,0.1470792591571808,0.4379923949258394,-0.06473328918218613,0.7339696372275327,0.09679865837097168,0.6108522846877645,0.20555872,0.12712084,0.0,0.30441195,0.3629085,0.0,0.0,0.112516366,0.72285354,2.2655468,2.9318519,0.23365724,0.55149573,0.5570388,2.0805948,1.1409667,1.883869,0.09912992,0.26330498,B_cell_zone,0.0
AGTGATTCAAGCAGGA-1,1,33,87,4775,12604.0,4775,4173.6836,Low,3,0,2,0,0,2,5,6,602.0830507496453,0.6365141682948128,-0.12326787412166595,0.5163646807300807,0.00452651921659708,0.981060518702064,0.2237933874130249,0.23450511889160325,0.007060088217258453,0.9704635293173363,-0.03142823278903961,0.8690498484890055,-0.2101287692785263,0.2650569579359037,0.03309355,0.19601107,0.08865862,0.28088957,0.3805346,0.02081266,0.0,0.23761734,0.9485479,1.735811,2.4950798,0.11880867,0.55612075,0.41709432,1.1948456,1.1865029,1.9502895,0.14603694,0.38943183,Medullary_cords,275.4813968310746
AGTGCACGCTTAAGAA-1,1,52,96,6704,24169.0,6704,4366.6343,Medium-High,2,10,0,3,0,4,0,3,1765.5030444606998,0.8675632284814613,-0.05522166192531586,0.7719458572680721,-0.2525874376296997,0.17809352577168697,-0.3294775187969208,0.07540993622436606,0.4014197885990143,0.027902568829161128,-0.15576836466789246,0.4110993437118052,0.09717899560928345,0.6094447784367482,0.006318506,0.040924665,0.18968055,0.11870819,0.0,0.25649986,0.3878682,0.33237973,0.7165987,2.0309017,2.8343935,0.23072276,0.5782909,0.23072276,1.5879562,1.3115139,2.3298254,0.24411237,0.76222444,Medullary_cords,238.40302011509837
AGTGCGTAGCTCGTAA-1,1,46,42,6294,21580.0,6294,4303.5405,Medium-High,1,9,0,3,3,7,0,3,3308.1795598183603,1.3296613488547582,-0.2372640073299408,0.20678753394905453,-0.22545059025287628,0.23096742496835287,0.24697980284690857,0.18824921093017716,0.1636424958705902,0.3875508025709498,-0.46380752325057983,0.009834547984742228,-0.13886721432209015,0.46426318942006245,0.009921844,0.08999937,0.20095296,0.15541682,0.066182695,0.24698894,0.23053735,0.33722514,0.65068585,2.080444,2.8028162,0.12959003,0.52211285,0.30678022,1.213647,1.2117406,2.3824036,0.31306225,0.60576165,Medullary_cords,138.42326394071193
AGTGCTAAACACAGCA-1,1,61,91,7056,27461.0,7056,4397.6113,High,5,6,4,1,2,1,1,1,2763.2216704419498,1.0114042647073518,0.10765460133552551,0.571228401441817,-0.10788962990045547,0.5703835044308354,-0.05678997188806534,0.7656459193244027,-0.13399021327495575,0.4802482395568295,-0.3898186981678009,0.033216411956142854,0.15486621856689453,0.4138475693823591,0.16709897,0.15205774,0.07489345,0.17565398,0.24846311,0.0,0.1818328,0.31657895,0.50441027,2.2323077,2.85929,0.15527165,0.59982574,0.23832527,1.9088657,1.1003176,2.0489886,0.1367892,0.28590006,Medullary_cords,0.0
AGTGCTTGCACGAATA-1,1,41,89,6088,18575.0,6088,4595.332,Medium-Low,4,10,1,4,0,4,4,7,365.7608508301565,0.45056120886630463,0.11539006978273392,0.5437209591323731,-0.09969372302293777,0.6001731153640543,0.10740137100219727,0.5721393609614075,-0.023602208122611046,0.9014747874152306,0.10336910933256149,0.5867319278696087,-0.11999332904815674,0.5276533194680856,0.18068908,0.22624671,0.18159463,0.02923495,0.25311512,0.0,0.12911952,0.14518793,0.4177513,2.1947503,2.6966999,0.0,0.4089109,0.8334448,2.0478947,0.74007916,2.1052978,0.0,0.12179797,Medullary_cords,0.0
AGTGGCCCGCAAATGG-1,1,73,95,7419,34118.0,7419,4134.242,High,1,6,7,5,2,1,3,5,4219.78020754636,1.3296613488547582,0.04578716307878494,0.8101317116954828,0.2989933490753174,0.10848740523019604,0.2989022731781006,0.10860025285218818,-0.39808332920074463,0.029354400759681598,-0.6576961278915405,7.833106858401472e-05,0.2626033425331116,0.16092516275951496,0.08860437,0.0006438175,0.13805558,0.23392381,0.4601744,0.03316889,0.045429133,0.31857765,0.47609198,2.0379398,2.58357,0.26685816,0.44296688,0.31302965,1.6055423,0.90251243,2.2905817,0.12852138,0.46324596,Medullary_cords,137.00364958642524
AGTGGCGGCAATTTGA-1,1,24,94,6432,21490.0,6432,4426.0356,Medium-High,3,0,2,0,4,2,5,6,1727.1262258445386,0.6365141682948128,-0.3580849766731262,0.05202203358572325,-0.2628014385700226,0.16059798193422573,0.06554149836301804,0.7307695616250391,0.3269684910774231,0.0777955693653371,-0.09903358668088913,0.6026011603387978,-0.1413220912218094,0.4563242818437184,0.08894056,0.0007448407,0.07244091,0.4371376,0.32759565,0.0,0.07314038,0.26214814,0.9906362,1.7780044,2.5246968,0.19105595,0.73399246,0.33617818,1.2510636,1.4179934,1.8505119,0.09552798,0.28584552,Medullary_cords,138.0
AGTGGCGTCTGAAGGT-1,1,62,86,6607,24274.0,6607,4429.3687,Medium-High,4,6,1,4,2,1,4,7,2877.937629622991,0.6365141682948128,-0.19004179537296295,0.31447462979434304,-0.010359233245253563,0.956672068572391,-0.027302462607622147,0.886121236077439,-0.1004590317606926,0.5973634854773635,-0.24296067655086517,0.19577198032494164,0.1467323899269104,0.4390854186201792,0.17908129,0.0,0.21815257,0.22120853,0.10986958,0.24827594,0.023412105,0.28497592,0.43689156,2.2065122,2.6729708,0.12938148,0.1868428,0.60516644,2.2127814,0.96360874,2.1368227,0.32277057,0.21518037,B_cell_zone,0.0
AGTGGCTCCGTCGGCC-1,1,40,12,6329,24296.0,6329,4127.497,Medium-High,5,7,3,1,3,6,1,1,5237.1146636292015,0.6365141682948128,-0.10255079716444016,0.5897131307408401,0.20810407400131226,0.26979447674498214,-0.06004509702324867,0.7526170893244678,0.2290973961353302,0.22330918925601603,-0.16756297647953033,0.37612244655213384,0.07932969927787781,0.676896684621776,0.11577451,0.20187207,0.08788789,0.107338786,0.18796657,0.0025142466,0.2966459,0.08617926,0.48415086,2.34168,2.9419231,0.12926888,0.4904737,0.47800702,2.017719,0.6005644,1.9564236,0.0,0.47786403,B_cell_zone,0.0
AGTGGTGTTACCCGTG-1,1,47,9,6852,25935.0,6852,4371.3853,High,1,7,0,3,3,6,6,3,5543.616960072188,1.3296613488547582,-0.16360944509506226,0.387647988905673,-0.007983187213540077,0.9666036766536689,0.3840583562850952,0.036143567716801,-0.6422196626663208,0.0001302405293212132,-0.6896682977676392,2.4879995512010626e-05,0.5002077221870422,0.004879320733991652,0.07338252,0.0013591861,0.19525887,0.12750706,0.049499698,0.04082,0.5121727,0.39710802,0.529825,2.117577,2.8629594,0.26520288,0.687387,0.2534739,1.6014923,0.85480064,2.0100892,0.51025504,0.68499,Medullary_cords,138.42326394071193
AGTGTATTGCGCATTG-1,1,17,95,7547,31594.0,7547,4498.5464,High,1,5,3,7,4,3,8,5,2560.6311721917314,0.8675632284814613,-0.475455105304718,0.007922170787219674,-0.23498740792274475,0.21130639403321522,0.1257670670747757,0.5078293926180213,0.3504641652107239,0.05760069282768512,0.12105140089988708,0.523992769286232,0.1677134484052658,0.375687772832637,0.03394261,0.040348325,0.08269725,0.10926233,0.19108555,0.09213,0.45053396,0.5347223,0.5618343,2.0397599,2.9775305,0.31576467,1.200438,0.42009494,1.4996804,0.96301657,2.1666665,0.12261261,0.65660036,Medullary_cords,476.80604023019674
AGTGTGGTCTATTGTG-1,1,21,23,5587,18121.0,5587,4137.2144,Medium-Low,3,11,0,0,1,5,0,3,4915.492447354588,0.6931471805599453,-0.25345417857170105,0.1765589085807447,0.08512046933174133,0.6547114290824894,-0.21070291101932526,0.2637234649230399,-0.20474857091903687,0.27776606849116653,-0.2746487557888031,0.14188467042037892,0.14653445780277252,0.4397097878392697,0.081894696,0.0,0.1667482,0.18136339,0.35161668,0.0,0.21837705,0.27540797,0.5992812,2.1158614,2.5517855,0.35074458,0.5691086,0.40346703,1.6058689,1.1028391,2.5409184,0.2197422,0.27045342,Medullary_cords,238.76766950322232
AGTTAAACACTTGCGA-1,1,40,44,6025,20734.0,6025,4310.912,Medium-High,4,9,1,4,3,6,4,7,3038.0574385616874,0.6365141682948128,-0.06867118924856186,0.7184198297235144,0.0915362685918808,0.630464525669401,-0.020737487822771072,0.913385700625159,0.11280184239149094,0.5528550048941222,-0.13842643797397614,0.46569628244154176,-0.0460650734603405,0.8090002855702093,0.17633402,0.11417669,0.093522996,0.1938857,0.32342988,0.0,0.09865076,0.084416956,0.43640897,2.1681974,2.809845,0.098406516,0.2806937,0.8696159,2.0190222,0.9151064,2.071909,0.098406516,0.19681303,Medullary_cords,0.0
AGTTAAGCGGTCCCGG-1,1,16,80,6077,20905.0,6077,4255.8833,Medium-High,3,5,2,7,4,3,8,2,2691.270703589663,0.0,-0.18361201882362366,0.33142778267209627,-0.27325209975242615,0.14400438365156115,-0.08757199347019196,0.6454041022262846,-0.22537995874881744,0.2311174692886004,-0.015068426728248596,0.9370083460746308,0.07897476106882095,0.6782653969079019,0.070171304,0.0020480247,0.11157632,0.4716839,0.34452048,0.0,0.0,0.24402916,1.0959915,1.5743287,2.3797374,0.19547255,1.3201691,0.41305324,0.91093636,1.6399913,1.8953812,0.16782182,0.19547255,Medullary_cords,497.1810535408605
AGTTAAGTCAACCGCT-1,1,51,25,5971,22771.0,5971,3864.3232,Medium-High,2,7,5,2,3,6,2,4,4607.983615422259,0.0,-0.11367920786142349,0.5497507630983757,0.2972186505794525,0.11070218713944162,0.05591941252350807,0.7691411954333219,-0.2000584602355957,0.2891596620875337,-0.07756685465574265,0.683704417810004,-0.1816011667251587,0.33684218598667687,0.050997484,0.0,0.17907101,0.12277032,0.11290579,0.3935412,0.14071423,0.23388395,0.4365996,2.1050422,2.7000468,0.2275351,0.47796997,0.26082465,1.446641,0.92203283,2.8612876,0.27304214,0.6455303,Medullary_cords,364.9465714320385
AGTTACCGCACATGGT-1,1,26,14,6545,24993.0,6545,4194.135,Medium-High,2,11,0,0,3,6,0,3,5292.4506610831995,1.2770342594661392,-0.05765291303396225,0.7621856755586153,0.14226305484771729,0.45330051596903614,-0.15045174956321716,0.4274427388257397,0.047351449728012085,0.8037681521761646,-0.6086593270301819,0.00035842952349237744,-0.23213578760623932,0.21706120149074645,0.068078786,0.06350979,0.082251325,0.2458966,0.34400204,0.1762525,0.020009063,0.30636504,0.7524511,2.0088599,2.6255312,0.18906444,0.4574508,0.6346412,1.3458458,1.191368,2.2364326,0.084146634,0.4784885,Medullary_cords,137.55726080436466
AGTTACTCTATCGTGG-1,1,15,89,6071,19747.0,6071,4407.272,Medium-Low,3,5,2,7,4,3,8,2,2755.697552344959,0.45056120886630463,-0.6156562566757202,0.0002929875129865082,-0.3581486642360687,0.05197728209473514,0.02825816534459591,0.8821620505622866,0.36714762449264526,0.045953504406429174,-0.05023650452494621,0.7920641410241731,0.04448779672384262,0.8154266222920242,0.07901517,0.00060501957,0.16593154,0.414162,0.23110002,0.0,0.109186254,0.42971408,1.0075371,1.5686455,2.7066338,0.28220302,1.8104901,0.69199425,1.0843726,1.3937745,1.9930512,0.0,0.3643036,Medullary_cords,239.0
AGTTATTGAAAGGTAA-1,1,2,74,6521,24776.0,6521,4247.85,Medium-High,3,5,2,0,6,3,5,6,4417.709474376965,0.0,-0.7041295170783997,1.4111799807955385e-05,0.1565573513507843,0.4087042567741568,0.20835667848587036,0.26920043775540065,-0.17660507559776306,0.35052562476969185,-0.04547630622982979,0.8113977135917178,0.20289252698421478,0.2822398617458178,0.043028574,0.0,0.1461759,0.4137596,0.1859192,0.20653571,0.004580974,0.21554112,0.6740108,1.5715132,2.4660845,0.15874793,0.55166805,0.35710317,0.9654197,1.4255054,2.1634967,0.08476882,0.4671923,Medullary_cords,364.44478319767455
AGTTCCTACAGAATTA-1,1,30,50,5205,14847.0,5205,4247.135,Low,5,3,3,6,1,2,7,1,2785.718578751271,0.45056120886630463,-0.20080894231796265,0.287316823998976,0.10792756080627441,0.5702472005531899,-0.21309424936771393,0.2582164952312122,-0.17192131280899048,0.36365145281546735,-0.4565902352333069,0.011204107731665367,-0.0935511514544487,0.6229252518090562,0.037214123,0.07156626,0.10124564,0.13321592,0.07023136,0.1882039,0.39832273,0.48409188,0.4857078,2.1284919,2.9038413,0.27769887,0.6090308,0.06437756,1.8184984,1.0543747,2.1499321,0.12875512,0.31388772,Medullary_cords,0.0
AGTTCCTATTTATGTT-1,1,43,65,3816,8527.0,3816,4041.6567,Low,4,2,1,4,0,7,4,7,1693.0248078513202,0.0,-0.06743768602609634,0.7232791223820048,-0.11901134252548218,0.5310616307911474,-0.02663535624742508,0.8888864537048794,-0.15104518830776215,0.42560096724051577,-0.034185491502285004,0.857672620040665,-0.12242890149354935,0.5192456263752794,0.18432295,0.27027252,0.33318156,0.13437146,0.047077846,0.030773604,0.0,0.09699894,0.30662182,2.202397,2.799581,0.19399787,0.31435928,0.87841433,2.0685678,0.7112864,2.3122356,0.0,0.25866383,Medullary_cords,0.0
AGTTCTGCGTTGTATC-1,1,13,19,6859,26957.0,6859,4321.5815,High,1,11,7,6,1,5,7,5,5614.9210145824845,1.1537419427010902,-0.6859790086746216,2.860636982283374e-05,-0.20018421113491058,0.28885035215037497,0.2410704791545868,0.19938096895509644,0.07612210512161255,0.6893019439298184,-0.4125772714614868,0.023466328514429906,-0.06416130065917969,0.7362370517593859,0.07823139,0.0,0.09125533,0.15185581,0.14909533,0.0,0.5295622,0.4143349,0.39314958,2.1520495,2.8458507,0.1877079,0.6686479,0.333434,1.4534569,0.96565187,2.159298,0.07888555,0.36883718,Medullary_cords,137.55726080436466
AGTTGACATCGGCTGG-1,1,10,26,6134,22102.0,6134,4144.176,Medium-High,3,8,2,0,1,5,5,6,5427.690577031819,0.45056120886630463,-0.8566312193870544,1.5456182932657119e-09,-0.19754017889499664,0.29539827218281345,0.32634854316711426,0.07839387985531378,0.03243156149983406,0.8649067420873078,-0.4463142156600952,0.013427477325957211,0.11462710052728653,0.5464061404551753,0.016850732,0.0,0.20301184,0.2903159,0.20455427,0.0,0.2852672,0.28460854,0.84271145,1.5368166,2.5251918,0.09331608,0.6984203,0.45493948,1.0028943,1.551761,2.1103084,0.18663216,0.3577431,Medullary_cords,365.0
AGTTGACGGTCCTTGC-1,1,65,63,5522,16815.0,5522,4185.5547,Medium-Low,2,4,0,3,2,1,0,3,3663.1971008942446,1.0114042647073518,-0.09967041015625,0.6002587910358327,0.2795259654521942,0.13466014556734715,-0.10572177916765213,0.5781978985961029,0.05789877846837044,0.7612006167726283,-0.21111521124839783,0.262768565860296,0.2400062531232834,0.20143300474076756,0.052632835,0.0,0.16672415,0.21802996,0.0,0.32267764,0.23993543,0.28912956,0.74991757,1.9106414,2.8961217,0.3855362,0.54780686,0.31258106,1.3084534,1.047508,2.5102053,0.19590852,0.64025414,Medullary_cords,138.00362314084367
AGTTGCGGTCCTCAAC-1,1,70,10,7088,31321.0,7088,4144.3604,High,5,1,3,5,5,0,3,5,6597.068743010035,0.6931471805599453,-0.15321160852909088,0.4189146555498337,0.14683493971824646,0.43876211867911563,-0.08818784356117249,0.6430741563033638,-0.23120667040348053,0.21895903248382811,-0.21330466866493225,0.25773555955822264,0.09105905890464783,0.6322555222095214,0.060470562,0.08604788,0.014116263,0.26358452,0.23323151,0.10475638,0.23779285,0.21603988,0.70788217,2.167815,2.8046474,0.03463912,0.41891772,0.26434577,1.5368168,1.2404338,2.1748583,0.33129996,0.27571875,Medullary_cords,137.55726080436466
AGTTGCTGACTGATAT-1,1,16,18,7068,26964.0,7068,4544.1616,High,4,11,1,4,1,5,4,7,5491.880734320439,0.410116318288409,-0.5181798934936523,0.003354304608361187,-0.031003745272755623,0.8708037407794188,0.021301422268152237,0.9110394426153698,-0.1563573032617569,0.4093107882924337,-0.40219753980636597,0.027572686272261563,0.0014589866623282433,0.9938949449180207,0.24303289,0.0,0.008399905,0.16215889,0.58640826,0.0,0.0,0.14822477,0.45449287,2.1410897,2.792911,0.15772593,0.5084641,0.74318063,2.0578957,0.8393714,1.981949,0.078862965,0.20418775,B_cell_zone,0.0
AGTTTCGCAGGTCGGA-1,1,12,62,6242,21680.0,6242,4330.3276,Medium-High,3,8,2,0,6,3,5,6,3591.8392224597137,1.2424533248940002,-0.45531678199768066,0.011461630807865485,0.10525607317686081,0.5798828041180496,-0.47175878286361694,0.008491619850272105,-0.05422843247652054,0.7759430745546474,0.10678771138191223,0.5743496146554113,-0.04737154394388199,0.8036864873790008,0.08243047,0.004217172,0.22154808,0.33105364,0.36075065,0.0,0.0,0.25806278,0.8732827,1.9070657,2.5648348,0.20340893,0.6886934,0.37993667,1.282796,1.2945656,2.1386075,0.25823164,0.17215444,Medullary_cords,138.0
AGTTTGCACCTGCCTC-1,1,58,74,4649,11894.0,4649,4151.367,Low,3,6,0,0,2,1,0,3,2582.2796130551005,1.3296613488547582,-0.4347423017024994,0.016360531451420152,0.15171721577644348,0.42352058866849884,0.10176066309213638,0.5925979230764586,-0.13886962831020355,0.4642553472318109,-0.020954303443431854,0.9124835503591205,0.24351489543914795,0.19472243548694684,0.047739897,0.0,0.24037632,0.09351305,0.25969502,0.019843578,0.3388321,0.35646206,0.6605905,1.8712049,2.6995745,0.3050893,0.61737734,0.40398452,1.2756507,0.8882165,2.1726341,0.15254465,0.4694866,Medullary_cords,137.55726080436466
AGTTTGGCACGGGTTG-1,1,48,102,5625,19170.0,5625,3958.1445,Medium-Low,2,10,5,2,0,4,2,4,1538.0198308214365,0.0,-0.20385831594467163,0.27990620258313775,0.007208905182778835,0.9698412185441392,0.10702584683895111,0.573491454716993,-0.026062462478876114,0.8912621731642516,-0.35957956314086914,0.050979826559125065,0.4845934212207794,0.0066513069289547136,0.06399904,0.0,0.32948738,0.10980111,0.19312732,0.0055051357,0.29808,0.3450839,0.40846723,2.198239,2.4451914,0.20990604,0.5053875,0.23112431,1.5795159,1.1100872,3.281179,0.2836008,0.41481405,Medullary_cords,137.92751719653333
AGTTTGGCCAGACCTA-1,1,47,31,6028,20046.0,6028,4264.262,Medium-Low,3,9,2,0,3,6,5,6,4069.150402725365,0.45056120886630463,-0.08281876891851425,0.6634963898465143,-0.30417218804359436,0.1022137348265056,-0.06963592767715454,0.7146267922634258,0.08929301798343658,0.6389012703641601,0.01013106293976307,0.9576255423110127,0.17370891571044922,0.3586079670823039,0.0,0.0,0.051236935,0.37427422,0.3475626,0.0017920265,0.2251342,0.2596844,0.92180693,1.3572309,2.5137403,0.13709258,0.53883433,0.25294784,0.71853936,1.34097,2.1348224,0.0,0.35484877,Medullary_cords,365.0986168146902
ATAAACCATTGGACGG-1,1,3,45,6084,21638.0,6084,4221.637,Medium-High,3,8,2,0,1,5,5,6,5131.776008362017,0.0,-0.09967365115880966,0.6002468799152467,-0.21376650035381317,0.25668205426213947,-0.11588036268949509,0.5419987125996596,-0.11122412979602814,0.5584575259306455,0.13720174133777618,0.4696902946243763,-0.11101512610912323,0.5592016579112933,0.012861885,0.0,0.07887396,0.4418872,0.2974696,0.0,0.16890736,0.22583781,1.0586866,1.3820387,2.5562735,0.18996124,0.57413,0.2111364,0.9226159,1.6624157,1.7584203,0.09498062,0.21819478,Medullary_cords,600.204131941792
ATAAACGGACCCGTAA-1,1,47,61,4888,13521.0,4888,4146.022,Low,1,2,0,3,0,7,6,3,2148.8659799996835,1.0986122886681096,-0.1161499097943306,0.5410529746933971,0.058706268668174744,0.7579679916289431,-0.039373062551021576,0.8363445432983678,-0.06692883372306824,0.7252867967138168,0.32948538661003113,0.07540254517121604,-0.052263859659433365,0.7838658836097179,0.054771535,0.0,0.14036688,0.21871763,0.028780175,0.007420739,0.54994303,0.4010094,0.5776951,2.1009433,2.8261957,0.22698203,0.46723455,0.32110962,1.2759936,1.0951432,2.3109493,0.2768248,0.7397959,Medullary_cords,365.0
ATAAAGGCTCGGTCGT-1,1,34,50,5390,18607.0,5390,3892.114,Medium-Low,1,9,3,5,3,6,3,5,2659.224134968694,0.45056120886630463,-0.07319867610931396,0.7006774953015009,0.0324799045920372,0.8647072037315278,0.13555808365345,0.47507863007799256,-0.2555171251296997,0.17294386258751251,-0.32065722346305847,0.08405323463675705,0.12412074208259583,0.5134440716587143,0.073591016,0.08257008,0.11438412,0.055657424,0.2819296,0.021160735,0.3707071,0.2813325,0.41086715,2.2099514,2.8455658,0.05376655,0.5644773,0.30471876,1.8683542,0.7438418,2.19764,0.2150662,0.4946468,Medullary_cords,0.0
ATAAAGGTCAAGTACG-1,1,5,85,5153,14891.0,5153,4160.7188,Low,3,5,0,1,6,3,0,3,3957.8984322491146,1.0114042647073518,0.10955805331468582,0.5644019867849268,0.14135625958442688,0.45621429536631647,-0.3347454071044922,0.07058505048863674,0.36624065041542053,0.04653419030933646,-0.08359017223119736,0.6605472074435325,-0.0059159500524401665,0.9752485350833597,0.035995923,0.078780346,0.13070446,0.23961455,0.20728473,0.20021954,0.10740046,0.21286798,0.73341495,2.0292048,2.7997785,0.17065266,0.3085877,0.385312,1.6332886,1.3567617,2.6117487,0.0,0.35516316,Medullary_cords,238.40302011509837
ATAAATATTAGCAGCT-1,1,38,28,2784,6915.0,2784,3279.4397,Low,5,7,6,5,3,6,3,5,4130.012106519786,0.0,-0.22077836096286774,0.24103402841016958,0.19020667672157288,0.31404711324932755,0.31118589639663696,0.0941573369080332,-0.1992281973361969,0.29120715385418083,-0.4788137972354889,0.0074330851681791805,0.24990347027778625,0.18290510381620703,0.06517268,0.25630975,0.024642352,0.0,0.3465138,0.01193049,0.29543093,0.11181348,0.19877952,2.284053,2.8675442,0.11181348,0.3211791,0.11181348,1.9940095,0.50039566,2.0051174,0.0,0.14908464,Medullary_cords,0.0
ATAACGCCGGAGGGTC-1,1,35,81,5213,14639.0,5213,4244.876,Low,1,0,4,3,0,2,1,3,600.4065289451806,0.8675632284814612,0.2136925905942917,0.25685046295620917,0.24836871027946472,0.18569704499750134,0.05029192566871643,0.7918397344538322,0.2331891804933548,0.214923087808209,-0.11031769216060638,0.5616880724033544,0.11874283105134964,0.5319954234905877,0.10366628,0.0035536997,0.0,0.13693999,0.18511027,0.35588288,0.21484686,0.36347204,0.57488185,2.640869,2.8010516,0.13016728,0.5311476,0.3229989,1.9886746,1.1556655,2.073896,0.58961177,0.37388834,Medullary_cords,0.0
ATAACGGAGTCCAACG-1,1,25,75,5602,18691.0,5602,4028.7024,Medium-Low,2,3,0,2,4,2,2,4,1795.6695130229282,0.45056120886630463,-0.25021398067474365,0.18234383852352312,-0.12656328082084656,0.5051249329827112,0.09672601521015167,0.6111212686391485,-0.16276051104068756,0.3901491023495063,0.04586804285645485,0.8098023959063042,-0.3745739459991455,0.041412807797678676,0.07394697,0.0,0.14743021,0.19318536,0.14317366,0.14141275,0.30085102,0.28756452,0.65286076,2.4085283,2.7764475,0.23547739,0.83589655,0.38000226,1.6199659,1.1904057,2.5900576,0.50731856,0.56197935,Medullary_cords,275.0
ATAACGTTACCTCCAC-1,1,10,114,6235,21334.0,6235,4375.564,Medium-High,5,12,4,1,4,3,1,1,3801.537583662695,0.9002560512685369,0.1411190927028656,0.45697801575230673,0.22473551332950592,0.23248950440199073,-0.27148619294166565,0.14671723862049377,0.007968449033796787,0.9666652974003167,-0.40414080023765564,0.02676232679019427,0.022725814953446388,0.9051165421600692,0.25793058,0.009484168,0.0,0.15119405,0.3585254,0.024881676,0.19798416,0.15781191,0.5575951,2.6211636,2.920189,0.09610417,0.7463128,0.22683202,2.3382127,0.9445644,1.8212918,0.0,0.28453815,B_cell_zone,0.0
ATAAGGTGGAGAACAT-1,1,50,72,5322,20484.0,5322,3502.8677,Medium-High,2,2,5,2,0,7,2,4,1810.857255556053,0.0,-0.006733895279467106,0.971827635587343,0.02926512435078621,0.877993536703719,0.012878697365522385,0.9461479621441219,-0.14336679875850677,0.4497673271222856,0.2199186533689499,0.24291763487845414,-0.17380152642726898,0.35834781640304375,0.088878244,1.269965e-05,0.50664645,0.113643706,0.10274211,0.0022341786,0.18584263,0.23962554,0.36047667,2.1287374,2.478312,0.04969473,0.40455773,0.1490842,1.3427764,0.6069747,3.2134454,0.32489258,0.5289383,Medullary_cords,479.00417534714666
ATAAGTACCCGATTGT-1,1,9,113,6500,22281.0,6500,4471.437,Medium-High,0,12,4,1,4,3,1,1,3876.067336876386,0.5623351446188083,0.08602910488843918,0.6512557381045905,0.24098622798919678,0.19954289343626933,-0.19355984032154083,0.30543126051229436,-0.15930207073688507,0.4004336787964806,-0.3177493214607239,0.08706283618758456,0.014670690521597862,0.9386678904599515,0.20100956,0.0013537051,0.062419277,0.11656303,0.109182365,0.022777563,0.48669448,0.13903962,0.56451726,2.6161594,2.9785762,0.17277384,0.33966485,0.4395541,2.245348,0.92915785,2.051761,0.09269308,0.41750243,B_cell_zone,0.0
ATAAGTAGGATTCAGA-1,1,27,103,6277,21281.0,6277,4402.938,Medium-High,5,0,4,1,0,2,1,1,1674.3058263053379,0.8675632284814612,-0.5764236450195312,0.000856398806150189,0.12430361658334732,0.5128188862276137,-0.19793790578842163,0.2944073502099831,-0.26773467659950256,0.1526027061432759,-0.2514793872833252,0.18006902866421998,0.1285836547613144,0.4982947691360153,0.121840015,0.17494963,0.022975486,0.4585758,0.16501497,0.0,0.05664406,0.32375666,0.876474,2.0047276,2.9397476,0.14445986,0.4423327,0.6568918,1.6951139,1.5288638,1.7562963,0.35827145,0.44032782,Medullary_cords,137.0
ATAAGTAGGGCGACTC-1,1,36,108,5035,14364.0,5035,4178.3843,Low,3,0,2,0,0,4,5,6,1397.2920238804772,0.8675632284814613,-0.494020938873291,0.005525996542792157,0.06400573998689651,0.736854085089224,0.38988739252090454,0.03318269824041696,-0.05182106792926788,0.7856545513630393,-0.33447664976119995,0.07082526358861302,0.01683175563812256,0.9296541088885092,0.033937365,0.005976208,0.18229419,0.2846203,0.2442098,0.043171603,0.2057905,0.3303375,1.0021995,1.6652372,2.570536,0.13209538,0.4911294,0.13209538,1.0263573,1.6581211,2.0962062,0.26419076,0.51416236,Medullary_cords,138.42326394071193
ATAAGTTACCGCGACG-1,1,46,52,5421,15514.0,5421,4326.928,Low,3,9,0,0,3,7,0,3,2657.4049371520327,1.0114042647073518,-0.06447205692529678,0.7350049148877671,0.011318828910589218,0.9526627849535186,-0.08215673267841339,0.6660313845864997,-0.2355981171131134,0.21008762034681555,-0.09600687026977539,0.6137867988678711,0.19798730313777924,0.294284425738886,0.073063344,0.24363087,0.06262177,0.32085532,0.29982868,0.0,0.0,0.33775118,0.71138465,2.0555916,2.903285,0.12437743,0.81517655,0.39362124,1.650917,1.1526356,2.0622191,0.0,0.16583657,Medullary_cords,137.0
ATAATACCGTTAGCCG-1,1,16,16,6879,27316.0,6879,4326.1465,High,4,11,1,4,1,5,4,7,5612.626212389348,0.5623351446188083,-0.47995898127555847,0.007272285454512267,-0.16796386241912842,0.3749650431545285,0.016223933547735214,0.93218851436529,0.05819450318813324,0.7600162816280231,-0.30137819051742554,0.10556357507357952,-0.1312091201543808,0.48948891831935537,0.10997603,0.05979074,0.12014153,0.021119492,0.24205375,0.32222328,0.124695204,0.14666377,0.5129889,2.3326073,2.7776017,0.10766885,0.38298616,0.78625107,1.9394078,0.70739305,2.1484346,0.077989854,0.33860737,Medullary_cords,0.0
ATAATAGCTGTTGAAT-1,1,47,63,4373,11068.0,4373,4042.0867,Low,2,2,0,3,0,7,6,3,2030.3319925568824,1.2424533248940002,-0.36330267786979675,0.04845538221526815,-0.09880907833576202,0.603427875305977,0.03753402829170227,0.8438933104511522,-0.060423895716667175,0.7511051677381768,-0.05207160487771034,0.7846423693669909,-0.06299757957458496,0.7408568388086727,0.10313019,0.0026042566,0.35069868,0.18124482,0.2603473,0.00152825,0.10044655,0.42442983,0.50338876,2.2783313,2.7349837,0.28999332,0.5573536,0.28999332,1.2833469,1.2287676,2.5170996,0.5161474,0.5767984,Medullary_cords,275.4813968310746
ATAATAGTGTAGGGAC-1,1,18,30,7063,28110.0,7063,4355.4604,High,3,11,2,0,1,5,5,6,4655.856526999087,0.0,-0.3824249505996704,0.0370103522666953,-0.12261351943016052,0.5186109950026544,-0.36412814259529114,0.047909349372646494,0.010673154145479202,0.9553603579145663,-0.03484693914651871,0.8549473642607245,0.2918427288532257,0.11761715957251069,0.05119796,0.0013601854,0.022769963,0.5711715,0.24004138,0.0,0.11345893,0.20774315,1.1637158,1.3693441,2.4963496,0.18132372,0.69029963,0.22478102,0.9034686,1.7211956,1.8048724,0.07609717,0.14030209,Medullary_cords,480.0010416655364
ATAATCTTGGAGAACC-1,1,61,77,6302,25597.0,6302,3822.6519,High,2,6,5,2,2,1,2,4,2857.1925031401015,0.45056120886630463,-0.3425934314727783,0.06384494070618651,0.3058771789073944,0.1002092078241498,0.15011143684387207,0.4285008955127642,-0.3267669081687927,0.07798972978620689,-0.06511431932449341,0.7324604138865247,0.1487599015235901,0.4327175026977124,0.051589295,0.08221112,0.4667955,0.27139625,0.043911386,0.002113239,0.0819832,0.3389934,0.66635656,2.1702328,2.5559847,0.26184988,0.59503376,0.49711034,1.2249495,1.157218,2.9372036,0.27636006,0.49869245,Medullary_cords,240.00208332429116
ATAATTAGCTAAGTAG-1,1,64,64,6284,22624.0,6284,4165.7305,Medium-High,2,4,0,3,2,1,0,3,3525.747722115126,1.0986122886681096,-0.02082856185734272,0.913006736856555,0.07986356317996979,0.6748398987677918,-0.017605029046535492,0.9264308069952953,0.25487568974494934,0.17406224461384173,-0.09163319319486618,0.63010101203342,0.2006606012582779,0.2876804858448709,0.018079752,0.05364858,0.13860941,0.15058807,0.2156974,0.010340438,0.41303635,0.3814248,0.4893161,2.0176208,2.7414165,0.40821233,0.5800952,0.3096263,1.3420906,0.80995244,2.4541419,0.43755278,0.6599992,Medullary_cords,238.76766950322232
ATACAGGCCCTCCAAT-1,1,56,72,5147,14271.0,5147,4238.2266,Low,5,6,4,1,2,1,1,1,2421.259383048417,0.0,-0.07250308990478516,0.7033936181422114,-0.04616054892539978,0.8086116737314843,-0.027557160705327988,0.8850658327650552,0.0793335810303688,0.6768817213777886,-0.0016379314474761486,0.9931461760739841,-0.19434837996959686,0.3034268714597822,0.1585995,0.0024538392,0.27420974,0.18736468,0.26808935,0.045632735,0.06365013,0.20619346,0.5977874,2.2969925,2.781284,0.13277039,0.3661321,0.26554078,2.017581,1.2078313,2.2002957,0.13277039,0.2772049,Medullary_cords,0.0
ATACCACGGGCAACTT-1,1,35,29,3812,11427.0,3812,3469.0715,Low,1,7,6,5,3,6,3,5,4076.9651703197073,1.0114042647073518,-0.08628129959106445,0.6502978506116863,-0.12175358831882477,0.5215702655689387,0.1297227442264557,0.49446449437648077,0.015644898638129234,0.934603492329905,-0.09748546779155731,0.6083116158629613,0.36634474992752075,0.046467246112796935,0.04774157,0.0,0.09311556,0.27922064,0.21642172,0.0009030758,0.36259744,0.5103542,0.57085556,1.9131715,2.6332195,0.0,0.6766975,0.36221337,1.1011443,1.298553,2.1643615,0.15716821,0.5701352,Medullary_cords,365.3833603217311
ATACCAGCAAATTGCT-1,1,4,60,7018,28020.0,7018,4494.2197,High,4,5,1,4,6,5,4,7,4504.715085330036,0.0,0.18482962250709534,0.32817528396717977,-0.06028660759329796,0.7516530298963183,0.132003515958786,0.48684020301739184,-0.09121164679527283,0.6316826282765233,-0.13425125181674957,0.4793855330223191,0.063204824924469,0.7400334559347312,0.14698447,0.15573427,0.09584093,0.12793264,0.42608663,0.0053171264,0.042103976,0.19534793,0.39131266,2.145976,2.5529492,0.0763008,0.40191278,1.0977759,1.7926235,0.77322197,1.8940791,0.0763008,0.29199287,Medullary_cords,137.55726080436466
ATACCAGGCTAATAGA-1,1,9,55,7270,29739.0,7270,4463.775,High,0,8,4,4,1,5,4,0,4150.352274205166,1.3296613488547582,-0.563445508480072,0.0011863882863998219,-0.2810320556163788,0.13248449684906025,0.2256820648908615,0.23047615601710122,0.10481482744216919,0.5814812181747655,-0.11333175003528595,0.550979145859229,-0.17872679233551025,0.3446744331324692,0.18452665,0.21510302,0.049952403,0.2814906,0.14222735,0.00883549,0.11786445,0.19589865,0.64769864,2.2841802,2.9044297,0.036235277,0.5332889,0.32448456,2.098373,1.231801,1.7225266,0.1449411,0.2869944,B_cell_zone,0.0
ATACCAGGTGAGCGAT-1,1,1,55,6723,26952.0,6723,4241.952,High,3,8,2,0,6,5,5,6,4979.658622837514,0.7356219397587946,-0.5070285201072693,0.004242404430703737,0.013398675248026848,0.9439769996546127,0.21204975247383118,0.2606125048371297,0.05606108903884888,0.7685720632108758,-0.284477174282074,0.12760471313337227,0.06467808037996292,0.7341883946881095,0.08417356,0.073677875,0.032919336,0.4768463,0.018426992,0.19327003,0.12068586,0.19946972,0.9107245,1.8220551,2.6425598,0.108832054,0.7469434,0.36134565,1.2390258,1.4911387,1.6419493,0.15778616,0.3199675,Medullary_cords,275.0018181758077
ATACCGTCATCCATAA-1,1,15,115,6854,26299.0,6854,4372.1426,High,5,12,4,1,4,3,1,1,3322.9482391394545,1.0397207708399179,-0.16297823190689087,0.38950677495169844,0.03148312121629715,0.868823105445443,-0.10977128148078918,0.563639597837179,-0.09073548018932343,0.6334710945158202,-0.16176490485668182,0.39309411838376934,0.20575092732906342,0.27536908592681153,0.15815638,0.22412543,0.09722148,0.11580123,0.15277582,0.008462519,0.24345717,0.15586707,0.61038804,2.1695335,2.9048975,0.22196889,0.36337036,0.45254412,1.9008771,0.9929811,1.9450248,0.16113487,0.2748403,Medullary_cords,0.0
ATACCTAACCAAGAAA-1,1,58,64,7119,26367.0,7119,4469.2935,High,1,2,0,3,2,1,6,3,2910.2089272078047,0.6365141682948128,-0.235521137714386,0.21024098031360156,-0.09946677833795547,0.6010073678841358,0.008117355406284332,0.9660427243550211,-0.14711062610149384,0.43789362716823105,-0.2398848682641983,0.20166797988626903,0.2638956308364868,0.15879934095670284,0.11712386,0.0,0.2127057,0.15009005,0.21601519,0.0,0.3040652,0.45017484,0.51687884,2.1338072,2.7559772,0.23133363,0.4463237,0.2616994,1.5002595,0.9415197,2.3852057,0.08038714,0.29534113,Medullary_cords,364.6601157242179
ATACGAGGTTTGTAAG-1,1,75,49,4083,10116.0,4083,3951.8853,Low,3,4,0,0,5,0,0,6,5182.180718577846,1.0114042647073518,-0.29837051033973694,0.10926088668347671,0.05940531939268112,0.7551727071203052,-0.32139137387275696,0.0833061439678211,-0.0758291706442833,0.6904388613043868,0.020610123872756958,0.9139156998139774,0.14577606320381165,0.44210656710621643,0.115149476,0.0048541888,0.031056536,0.31029943,0.2483381,0.045364853,0.2449375,0.13636729,1.0178714,2.308378,2.6563888,0.0,0.4578017,0.1718493,1.4353068,1.3927705,2.1464274,0.0,0.4582648,Medullary_cords,137.0
ATACGCCGATCTACCG-1,1,1,31,7599,34130.0,7599,4477.4365,High,4,8,1,4,1,5,4,7,5918.651873526605,0.37677016125643675,-0.5908291935920715,0.000586858347449551,-0.3170102834701538,0.08784066006486389,0.09259270131587982,0.6265069754003031,0.07825226336717606,0.6810545899480492,-0.2952657639980316,0.1131781478352752,0.16645458340644836,0.37933333341884723,0.1416813,0.07281878,0.18592334,0.24039084,0.23096581,0.024489883,0.10373003,0.17521572,0.43245357,1.967973,2.6244452,0.16061437,0.5229743,0.91928905,1.7960243,0.7119194,1.933181,0.064245746,0.36369315,Medullary_cords,137.0
ATACGCCGGCGAAACC-1,1,40,78,5747,17277.0,5747,4353.814,Medium-Low,1,2,4,6,0,4,7,5,729.3202314484358,0.45056120886630463,-0.0332011952996254,0.8617310178780503,0.018426258116960526,0.9230088579081366,0.14322593808174133,0.4502174122382009,0.18964852392673492,0.31549579241507414,-0.5600308775901794,0.0012897859743352601,-0.18176493048667908,0.33639923745580397,0.072003104,0.08136629,0.11846825,0.085733846,0.16751803,0.0,0.47491044,0.40923673,0.4349974,2.305009,2.9388628,0.21031034,0.5914455,0.36013582,1.9293294,0.868382,2.1716146,0.30644315,0.647968,Medullary_cords,0.0
ATACGGAACGTCGTTT-1,1,56,22,6281,25513.0,6281,3755.9524,High,2,1,5,2,5,0,2,4,5028.850067361324,0.0,-0.16182298958301544,0.39292195414542835,-0.1503368467092514,0.4277998528364208,-0.047895655035972595,0.8015571680950898,0.3748372495174408,0.04125866466220747,-0.22909767925739288,0.22330860145390202,0.19605480134487152,0.2991176777542175,0.062489785,0.000515538,0.43202204,0.18970773,0.19458564,0.01600816,0.10467114,0.20056598,0.4848807,2.0424447,2.5778306,0.4005249,0.5057435,0.38042772,1.2474822,0.8117069,3.0449667,0.22738722,0.6074182,Medullary_cords,276.84652788142387
ATACGGGTTTCGATTG-1,1,22,82,5585,16315.0,5585,4356.1514,Medium-Low,3,5,4,3,4,2,0,3,1959.8760164867572,1.0114042647073518,-0.285875529050827,0.12566220856091728,0.15153813362121582,0.4240744183053944,0.0038188444450497627,0.9840211031050924,-0.2620260715484619,0.16188131292560948,-0.2606562674045563,0.16416636190577052,0.27893775701522827,0.13551690072862502,0.019565383,0.15023156,0.20410754,0.15602884,0.41316062,0.05690601,0.0,0.28528214,0.5731426,1.869571,2.763302,0.39388657,0.6801053,0.40971118,1.3072226,1.0137775,2.4254477,0.0,0.47016412,Medullary_cords,137.55726080436466
ATACGGTGAAGATGCA-1,1,33,11,7758,35683.0,7758,4538.7666,High,4,7,1,4,3,6,4,7,5334.285331700958,1.0114042647073518,-0.08748921751976013,0.6457175201076506,-0.12409248948097229,0.5135406910872586,0.02803947776556015,0.8830677645721597,-0.34590086340904236,0.06115961331259577,-0.3035496473312378,0.10295311025567488,0.027091633528470993,0.8869950020222399,0.20614997,0.18938419,0.0,0.17160901,0.29613975,0.0,0.13671713,0.13803682,0.5751385,2.372778,2.823101,0.08650857,0.60746086,0.64095545,2.2845483,0.77544737,1.7409706,0.0,0.1994841,B_cell_zone,0.0
ATACGTACTTAGCCAC-1,1,55,77,4525,12344.0,4525,3930.112,Low,2,6,5,2,2,1,2,4,2172.3139736235185,0.0,-0.10643987357616425,0.5756041364203398,0.11670862883329391,0.5390951283986855,-0.3291783630847931,0.07569137904134268,-0.03192690387368202,0.8669902238017517,-0.03525301814079285,0.8532750705717878,-0.08167219161987305,0.6678890252193233,0.06944712,0.0,0.17811413,0.18640007,0.17729996,0.005353485,0.3833852,0.2766106,0.6434018,2.2636685,2.7906642,0.2225204,0.4228363,0.30242902,1.4678171,1.1977662,2.841517,0.29669386,0.43045932,Medullary_cords,238.90793205751876
ATACGTCCACTCCTGT-1,1,47,93,5548,16572.0,5548,4303.3687,Medium-Low,5,10,4,1,0,4,1,1,1131.520216346133,1.2424533248940002,-0.12012745440006256,0.5271886125641307,0.11293721199035645,0.552375518672255,0.0761207640171051,0.6893071474248607,0.14774155616760254,0.4359095376127711,0.009256381541490555,0.9612811640286406,-0.021660521626472473,0.9095457849498714,0.13767563,0.002864449,0.008734315,0.12226289,0.22647232,0.012459861,0.48953053,0.37047204,0.58475536,2.503156,2.9798772,0.17706233,0.64862716,0.12916549,2.0012777,1.0993439,1.8513819,0.0,0.46154296,B_cell_zone,0.0
ATACGTTATGCACGGA-1,1,63,63,6281,21946.0,6281,4218.892,Medium-High,1,4,3,5,2,1,3,5,3453.747240317392,0.8675632284814613,-0.04653021693229675,0.8071074432318452,0.08232089877128601,0.665402440527256,0.15584801137447357,0.4108572074563943,0.16025426983833313,0.3975868230880419,0.0023038946092128754,0.9903596036338032,0.21121421456336975,0.26253960775914786,0.037983313,0.0,0.09383647,0.08502116,0.11813617,0.22239666,0.44262624,0.2585577,0.6069856,2.1276407,2.7414012,0.17484659,0.55109805,0.12791204,1.626118,0.9155758,2.400277,0.18773818,0.65765774,Medullary_cords,137.92751719653333
ATACTAGCATGACCCT-1,1,21,61,5843,18504.0,5843,4364.597,Medium-Low,5,3,4,1,1,2,1,1,2756.0351957114044,0.6365141682948128,-0.17506971955299377,0.35479666194348386,0.12930387258529663,0.4958712495644405,0.24850541353225708,0.18544716169613348,-0.1538471281528473,0.4169643694989448,-0.36725249886512756,0.04588673275314998,0.050849705934524536,0.7895821287131665,0.10689303,0.0019257013,0.107753195,0.11934437,0.0026745826,0.48903146,0.17237766,0.2895031,0.6169284,2.2558017,2.9830399,0.054009557,0.40295187,0.34267914,1.9504646,0.7519953,1.7904675,0.29121995,0.42677486,B_cell_zone,0.0
ATACTCTCGCCACTCT-1,1,9,25,6457,22654.0,6457,4326.3853,Medium-High,3,8,2,0,1,5,5,6,5556.203200027875,0.6365141682948128,-0.7972198128700256,1.3418962144998267e-07,-0.14168179035186768,0.4551671329043248,0.3529115617275238,0.05576016814703087,-0.07649154961109161,0.6878690264440207,-0.3668661415576935,0.04613310195950442,0.009219986386597157,0.961433290217048,0.03421451,0.0880473,0.21751446,0.37476104,0.14934175,0.0,0.136121,0.19138086,0.9302621,1.5407522,2.6146977,0.18282223,0.6168059,0.30226886,1.0073111,1.2570206,1.8124515,0.24961245,0.43799672,Medullary_cords,364.00137362378183
ATACTGCCTTACACCG-1,1,58,84,5598,17497.0,5598,4221.7437,Medium-Low,3,6,2,0,2,1,5,6,2412.04684863292,0.0,-0.2576203942298889,0.1693123253610858,0.08303377777338028,0.6626738831474994,0.189247727394104,0.31653861009881074,0.3168913722038269,0.08796630505127917,0.06417397409677505,0.7361867894899531,0.08894293010234833,0.6402219608603414,0.010062026,0.002247429,0.20415957,0.2610843,0.0185483,0.22013806,0.2837604,0.2664723,0.9267818,1.5686233,2.540283,0.29434747,0.730033,0.44613236,0.8510786,1.5343814,2.063435,0.113011874,0.59894764,Medullary_cords,364.44478319767455
ATACTTGTTCTCGAGC-1,1,30,10,4574,15068.0,4574,3698.2817,Low,5,7,7,5,3,6,3,1,5453.500343815887,0.6931471805599453,-0.4847857654094696,0.006626539496150366,0.08938398957252502,0.6385582611190472,0.20623882114887238,0.27420720511520846,-0.09599873423576355,0.6138169830046717,-0.26935744285583496,0.15003638316606943,-0.4004342257976532,0.02832520510467493,0.13878259,0.1829847,0.08492325,0.0,0.036352213,0.3006284,0.25632894,0.063627355,0.55493647,2.4917235,2.8755655,0.063627355,0.44402313,0.4431166,2.4105265,0.88017285,1.6788335,0.25450942,0.26743636,B_cell_zone,0.0
ATAGACAACGGGACCT-1,1,28,92,6462,22040.0,6462,4427.001,Medium-High,3,0,2,0,4,2,5,6,1228.711927182283,0.0,-0.2756962478160858,0.14030981628153025,0.11892561614513397,0.5313596729130591,-0.12176698446273804,0.5215241026993911,-0.24968843162059784,0.1832945070439748,0.014280399307608604,0.9402966156590113,-0.028272835537791252,0.8821012978556096,0.046944354,0.0,0.08290249,0.3221402,0.013117435,0.16640273,0.36849287,0.14805713,1.0038544,1.631829,2.5863419,0.09354215,0.6111904,0.35041764,1.111161,1.64833,1.8897856,0.09354215,0.40236008,Medullary_cords,364.24716882907956
ATAGACGAAGAGAAAG-1,1,33,45,6916,30192.0,6916,4172.8926,High,5,9,4,1,3,6,1,1,3019.404245873679,1.0986122886681096,-0.2866500914096832,0.12459565290057562,0.20311543345451355,0.2817001439171839,0.2673831582069397,0.15316274922678907,-0.3042477071285248,0.10212431508634658,-0.4949062168598175,0.005429209671441942,-0.02378632128238678,0.9007099721881174,0.1255772,0.20370619,0.180406,0.07443798,0.33107704,0.0,0.084795594,0.29292476,0.3886935,2.2892447,2.9434328,0.2682882,0.51605815,0.46547502,1.8968928,0.8202697,2.5872939,0.07152274,0.16267557,Medullary_cords,0.0
ATAGAGTACTGGGACA-1,1,26,48,6682,23864.0,6682,4429.1113,Medium-High,5,3,4,1,1,2,1,1,3105.7928134374965,0.8675632284814612,-0.007538978010416031,0.9684610091054061,-0.3112085461616516,0.09413212394944925,-0.2343064248561859,0.21267109857426553,-0.5021059513092041,0.00469436062573009,-0.25251469016075134,0.17822275499901097,0.11258596926927567,0.5536200377507081,0.08997757,4.180426e-05,0.0,0.19033632,0.25542602,0.0,0.46421832,0.21732219,0.57787585,2.3302865,2.8762646,0.13124305,0.5776564,0.42512232,1.8444347,1.1970848,1.8314241,0.23967609,0.4164065,B_cell_zone,0.0
ATAGAGTTATCAACTT-1,1,27,93,5527,15976.0,5527,4362.379,Medium-Low,3,0,2,0,4,2,5,6,1361.3981783446018,0.0,-0.4044346809387207,0.026641484800928244,-0.1247721016407013,0.5112190084270237,-0.13160760700702667,0.48815934715044,-0.02202690951526165,0.908022122447089,-0.054012324661016464,0.776813540410352,0.14510373771190643,0.4442372346271621,0.03961447,0.0,0.12770031,0.5246634,0.29016608,0.01785579,0.0,0.29436022,1.2171416,1.428796,2.4120593,0.22299191,0.41790816,0.4866937,0.97902966,1.7023743,1.8789815,0.12152135,0.21630833,Medullary_cords,238.40302011509837
ATAGATTTGCAGTCGG-1,1,1,67,6678,24965.0,6678,4408.7266,Medium-High,0,5,7,4,6,3,4,0,4661.235887616073,1.0821955300387671,-0.5811286568641663,0.0007584019226955256,-0.12540487945079803,0.5090619895524781,0.1875864863395691,0.3208836912835531,-0.05387622117996216,0.7773618909456274,0.2142036408185959,0.2556874802052093,0.0322592630982399,0.8656179778781978,0.1482334,0.09465164,0.026379315,0.35201073,0.3696852,0.0,0.009039724,0.09865272,0.5291637,2.1965227,2.8505297,0.115660295,0.3194252,0.81417805,1.7688837,1.2297845,1.9438528,0.16843636,0.15421373,Medullary_cords,138.0
ATAGCAACTAGGGAAG-1,1,62,98,6635,28909.0,6635,3915.7734,High,2,13,5,2,7,1,2,4,2956.1030090306394,0.45056120886630463,-0.1442015916109085,0.4471049097696864,-0.035283543169498444,0.8531493890566221,-0.10182879120111465,0.5923489454215433,0.08253595232963562,0.6645788758672937,0.07783673703670502,0.6826605959718152,-0.25987592339515686,0.1654783192124252,0.03638931,0.04606038,0.15468356,0.2118554,0.24723123,0.10930017,0.19447996,0.41963005,0.80958354,2.0552173,2.7590287,0.1685862,0.61555094,0.03713408,1.3350791,1.139909,3.0165954,0.14853632,0.35401604,Medullary_cords,364.6601157242179
ATAGGCGGCTATAGAA-1,1,43,33,6029,20472.0,6029,4222.347,Medium-High,3,9,2,0,3,6,5,6,3832.5344094998027,0.45056120886630463,-0.13369926810264587,0.4812107263536045,-0.20039361715316772,0.28833574326832734,-0.1864389330148697,0.3239065906635978,0.07609865814447403,0.6893929203696789,0.28363990783691406,0.12877830401587784,0.2853876054286957,0.1263375111723999,0.10376948,0.003990117,0.116603464,0.36979648,0.2968836,0.014333464,0.09462336,0.2712637,0.7957878,1.9415662,2.4902601,0.1491563,0.5237828,0.2619514,1.4341676,1.4602338,2.0162094,0.17038807,0.3492685,Medullary_cords,476.80604023019674
ATAGGCTAGCTTCGCA-1,1,25,97,6443,21878.0,6443,4488.575,Medium-High,0,0,7,4,4,2,4,0,1675.356678441937,0.6931471805599453,-0.4808304011821747,0.007151910285667734,-0.19233375787734985,0.30856428665802244,-0.17951232194900513,0.34252316005164063,0.13536600768566132,0.4757103902013764,-0.0680524930357933,0.7208558047962981,-0.12387838959693909,0.5142731694827546,0.21083209,0.0,0.069729045,0.4204936,0.291053,0.007892316,0.0,0.047057904,0.7230966,2.2046666,2.7962399,0.14117372,0.38485056,0.76624495,1.9983314,1.1046963,2.0165324,0.09411581,0.06274387,Medullary_cords,0.0
ATAGGGATATCCTTGA-1,1,21,71,6728,23860.0,6728,4516.6587,Medium-High,0,3,7,4,4,2,4,0,2348.1298941923974,0.6365141682948128,-0.16405180096626282,0.38634839837907653,-0.1081138551235199,0.5695779691611245,0.17470093071460724,0.3558271602916414,0.3816709518432617,0.037416072265053134,-0.18167972564697266,0.33662965544572004,-0.3463461995124817,0.06080489914426186,0.099641204,0.06360058,0.06386981,0.17685777,0.2707053,0.294211,0.031114377,0.15219983,0.70121014,2.3206067,2.9167297,0.13126162,0.9809754,0.7170914,2.1707659,1.1038418,2.3650792,0.17501548,0.51364607,Medullary_cords,0.0
ATAGGTTGGGCAGATG-1,1,28,64,5441,15322.0,5441,4341.576,Low,5,3,4,1,4,2,1,1,2040.1651893903102,1.2424533248940002,-0.4953193664550781,0.005384537347224604,0.028581157326698303,0.880824617314239,0.11679932475090027,0.5387776314275903,-0.18283948302268982,0.33350157987768797,-0.14554277062416077,0.4428452678595893,0.12091024219989777,0.5244804154870534,0.118335865,0.00128217,0.14551362,0.1793442,0.20831953,0.26074436,0.0864602,0.26489767,0.5640555,2.313213,2.878801,0.18840364,0.5993134,0.3239719,1.8716435,1.1863164,2.1896968,0.33441573,0.44588768,Medullary_cords,0.0
ATAGTCTTTGACGTGC-1,1,7,67,5506,19335.0,5506,3872.027,Medium-Low,2,5,0,2,6,3,2,4,3983.8168883622147,1.0114042647073518,-0.35721391439437866,0.052637166914789556,-0.17339757084846497,0.35948338165535165,-0.06024594232439995,0.7518153314982137,-0.2862188518047333,0.12518863409034983,-0.385962575674057,0.03515379436143293,0.2802280783653259,0.13364267153186557,0.04406816,0.0,0.14609498,0.26532945,0.3395769,0.0071369205,0.19779363,0.31596452,0.62532645,2.221613,2.562041,0.16920379,0.5904214,0.19299853,1.3897256,1.1079245,2.5991943,0.31266153,0.49913564,Medullary_cords,239.26763257908496
ATAGTGAAGCGTTCTC-1,1,41,57,4754,13107.0,4754,4106.155,Low,5,9,4,1,3,7,1,1,2164.004158960883,0.6365141682948128,-0.11147524416446686,0.557564066166351,-0.03189047425985336,0.8671406576370334,-0.27185940742492676,0.14614083636171246,0.42049047350883484,0.02068474308351889,0.06189987063407898,0.7452226813292949,0.3078032433986664,0.09798055703360634,0.1704437,0.16517264,0.0,0.2119224,0.32443917,0.013269595,0.11475247,0.0,0.42423388,2.4793198,3.0291424,0.21969101,0.43246737,0.21262094,2.2053359,0.69662637,1.7880476,0.1417473,0.1889964,B_cell_zone,0.0
ATAGTTCCACCCACTC-1,1,38,102,5718,18513.0,5718,4209.03,Medium-Low,3,0,0,0,0,4,0,3,964.0020746865641,0.6931471805599453,-0.497016966342926,0.005204257121899411,0.06029535457491875,0.7516181206481926,-0.038849882781505585,0.8384906435814362,0.02552422694861889,0.8934950105715058,0.1020084023475647,0.5916927648719316,0.1548873633146286,0.4137830383448145,0.045731213,0.0,0.14280523,0.22317463,0.18218154,0.1836072,0.22250018,0.120424,0.76901627,2.045496,2.6287224,0.107976474,0.5250838,0.5842449,1.5074782,1.1835059,2.3714402,0.18313769,0.48415875,Medullary_cords,414.40318531594323
ATATAAAGCGCTCGTG-1,1,58,68,6478,22971.0,6478,4324.966,Medium-High,1,2,0,3,2,1,0,3,2763.121785227716,0.45056120886630463,-0.17305786907672882,0.3604399741392793,0.25850528478622437,0.1678007316846173,0.06839703023433685,0.7194989361268234,-0.10791749507188797,0.570283370118214,-0.17306067049503326,0.360432079239163,0.23482629656791687,0.21162872281948567,0.048215237,0.0,0.15711135,0.074590914,0.27286103,0.0,0.44722152,0.48878118,0.5215936,2.1210341,2.9315438,0.2348417,0.6219323,0.24693891,1.2971457,0.901609,2.226725,0.40352225,0.44954437,Medullary_cords,138.42326394071193
ATATAAATGTAGCTGC-1,1,54,74,6435,24305.0,6435,4037.0508,Medium-High,2,6,5,2,2,7,2,4,2145.283664227181,0.45056120886630463,-0.13810305297374725,0.46674917731549626,0.09542962908744812,0.6159298574980792,-0.21064803004264832,0.26385074122759405,-0.019345881417393684,0.9191785145288256,0.136826753616333,0.4709167823440067,-0.21032223105430603,0.26460713693261867,0.062379565,0.0,0.39240882,0.18752527,0.10930667,0.19890995,0.0494697,0.21368311,0.69371474,2.0280056,2.5911481,0.19318615,0.4764489,0.21862651,1.3828021,0.96005744,2.914441,0.32940048,0.60558903,Medullary_cords,137.0
ATATAACACGGGCGCA-1,1,66,94,6555,26817.0,6555,3972.3142,High,1,6,3,5,2,1,3,5,3379.326856046926,0.7963116401738131,0.38351473212242126,0.03643021325409373,-0.268655389547348,0.15114279944630446,-0.0065073417499661446,0.9727751058816774,0.056045182049274445,0.768635957700959,-0.4804413914680481,0.00720543642766838,0.07142506539821625,0.7076101527945983,0.04849567,0.050391782,0.05729518,0.115271986,0.32887253,0.108251035,0.29142186,0.2520031,0.5777901,2.2845232,2.6984754,0.14889127,0.52239275,0.38971937,1.5542345,0.84945846,2.371518,0.23770796,0.2836118,Medullary_cords,137.0
ATATACGCTCGTGACG-1,1,62,108,5510,19348.0,5510,3940.097,Medium-Low,5,13,3,1,7,1,1,1,3188.0777907698553,0.8675632284814613,0.07927043735980988,0.6771251403618593,-0.03538049757480621,0.8527502194817086,0.18059474229812622,0.33957214232377153,0.05835281312465668,0.7593824913165013,-0.21151311695575714,0.26184914716926183,0.2442605048418045,0.19331661138969955,0.13521434,0.0009606217,0.07160237,0.22019856,0.2353637,0.0,0.3366604,0.14081143,0.6139513,2.3169823,2.825616,0.15623826,0.48492467,0.28162286,2.044388,0.90650713,1.9918451,0.28162286,0.32662702,B_cell_zone,0.0
ATATAGAGTATTGGTC-1,1,63,11,413,540.0,413,1285.049,Low,5,1,6,2,5,0,3,0,6088.0138797476475,0.8675632284814612,0.18928000330924988,0.3164545535352045,0.13614755868911743,0.47314249923085855,0.1166849359869957,0.5391780839610294,0.042115189135074615,0.8251154153156675,0.07645506411790848,0.6880104910590712,0.21318098902702332,0.25801817132340243,0.0,0.0,0.51793474,0.0,0.0,0.0,0.48206523,0.0,0.0,1.1001413,1.5690815,0.0,0.0,0.0,0.0,0.0,1.4013175,0.0,0.0,Medullary_cords,138.42326394071193
ATATCAACCTACAGAG-1,1,37,105,6120,19455.0,6120,4344.4927,Medium-Low,3,0,0,0,0,4,0,3,1176.3434872519165,0.45056120886630463,-0.3775564432144165,0.03969350007876796,-0.15982964634895325,0.3988549216961747,0.18813416361808777,0.3194471558822663,0.22855623066425323,0.22443463923895127,-0.1086445301771164,0.5676735518686732,0.23611563444137573,0.20905859810043492,0.00663594,0.054745838,0.12290218,0.21026088,0.22729026,0.15768287,0.22048207,0.3924625,0.733342,1.8717918,2.6184688,0.10369862,0.467796,0.4201239,1.283747,1.1414038,2.490272,0.20739724,0.65363556,Medullary_cords,365.65831044842946
ATATCAATTCCAGCCT-1,1,56,6,6393,22479.0,6393,4356.216,Medium-High,5,1,4,1,5,0,1,1,6042.120571455025,0.7356219397587946,-0.15007175505161285,0.4286243744111975,-0.09205666184425354,0.6285137956899054,-0.01762515865266323,0.9263469140535509,0.42742475867271423,0.01847607254427488,0.44969281554222107,0.012659072876757594,0.33835113048553467,0.06742298647753507,0.11992503,0.08838814,0.03395926,0.14738148,0.30793935,0.03744419,0.26496258,0.29933771,0.6779625,2.224907,2.8506534,0.046001524,0.5516561,0.40531668,1.9987452,0.9521371,1.7780352,0.25111014,0.64513654,B_cell_zone,0.0
ATATCGGTAGGGAGAT-1,1,38,110,5727,17289.0,5727,4345.901,Medium-Low,1,0,0,3,0,4,6,3,1515.0029702941179,0.8675632284814613,-0.15158511698246002,0.4239290787961792,-0.0384255051612854,0.8402322895108149,-0.031222503632307053,0.8698998021452611,0.07633816450834274,0.6884638135195054,-0.04288657382130623,0.821962548733,0.10033463686704636,0.5978197837388738,0.06079346,0.08766098,0.22012752,0.10950854,0.26344204,0.0,0.25846738,0.4959976,0.68866825,2.2649832,2.8093688,0.1141139,0.6316469,0.32431406,1.6116848,1.0823629,2.4429576,0.48850664,0.4963765,Medullary_cords,366.742416417845
ATATCGTGCCAGACCC-1,1,3,79,5485,16896.0,5485,4201.163,Medium-Low,5,5,3,1,6,3,1,1,4236.949492264453,1.0114042647073518,-0.475163072347641,0.007965953202757779,0.10598229616880417,0.5772563089035019,0.03734458237886429,0.844671720039217,0.08794926106929779,0.6439763934013699,-0.2581985890865326,0.1683235488590299,0.14687785506248474,0.4386268615356044,0.32573113,0.0,0.42013064,0.0641751,0.15273543,0.0,0.0372277,0.2098811,0.5045408,2.2067568,2.6961777,0.23245034,0.47951716,0.5399597,1.7407458,0.62362266,2.4247696,0.0,0.24762602,Medullary_cords,137.55726080436466
ATATCGTTCCTCGAAC-1,1,58,92,6296,21683.0,6296,4338.4146,Medium-High,1,6,0,3,0,1,0,3,2411.428207515206,0.8675632284814613,0.06799042969942093,0.7211003133042322,0.2275198996067047,0.22660055341691385,0.10520394891500473,0.5800715229351726,0.16717436909675598,0.37724638739651445,-0.03658537194132805,0.8477926526370214,0.02325385808944702,0.9029220868044195,0.10404128,0.0018413322,0.15163606,0.23297907,0.22099657,0.20113514,0.08737052,0.5603179,0.46470755,2.1204631,2.9027033,0.3193941,0.56526923,0.28510308,1.3471014,1.0523832,2.2389333,0.0948202,0.3464049,Medullary_cords,137.92751719653333
ATATCTCCCTCGTTAA-1,1,19,87,6445,21191.0,6445,4551.353,Medium-High,4,5,7,4,4,2,4,7,2276.203198310731,1.0114042647073518,-0.7289806604385376,4.907303768035337e-06,-0.430461585521698,0.01757219108452947,-0.1713375598192215,0.3653074723782633,0.2894153892993927,0.12084230505105227,0.014240573160350323,0.9404628276319938,0.23141494393348694,0.21853263324414823,0.17213093,0.19901375,0.16350028,0.20780502,0.25755003,0.0,0.0,0.04832291,0.49952745,2.1746426,2.5085783,0.04832291,0.7196368,0.7902651,2.09381,0.9738781,2.012913,0.09664582,0.17521206,B_cell_zone,0.0
ATATCTTAGGGCCTTC-1,1,35,61,5008,16290.0,5008,3801.283,Medium-Low,2,9,5,5,0,7,3,4,1892.5924019714334,0.6730116670092565,0.12735220789909363,0.5024523167077348,0.21296140551567078,0.2585204266168959,-0.05970285087823868,0.7539838885721315,0.20894238352775574,0.2678263276790314,0.01914161443710327,0.9200291613030928,-0.008237330242991447,0.965541127403351,0.05211356,0.0,0.21198028,0.2540832,0.25317898,0.0,0.228644,0.17544752,0.6889542,2.018652,2.6668315,0.4297342,0.17950645,0.25022775,1.1929104,1.2418369,3.0481632,0.11967097,0.0,Medullary_cords,276.84652788142387
ATATGGGATAGCAACT-1,1,71,55,5221,15857.0,5221,4083.5046,Low,2,4,0,0,2,1,0,3,4559.640884982062,0.6931471805599453,-0.17114043235778809,0.3658676970157994,-0.16273261606693268,0.39023144299590967,-0.33588072657585144,0.06957727249132827,0.03730512410402298,0.8448338672282587,-0.10579294711351395,0.5779406076717613,0.20893257856369019,0.267849293328401,0.031694915,0.0014328426,0.13757831,0.20344026,0.22996943,0.19817173,0.1977125,0.3097145,0.80604684,1.9445046,2.4879744,0.3262245,0.3262245,0.24448514,1.0401955,1.384454,2.512181,0.12224257,0.508842,Medullary_cords,729.2468717793721
ATATGTCTAGAGCGTG-1,1,74,68,4944,15687.0,4944,3816.2627,Low,1,4,3,5,2,1,3,5,4527.009167209627,0.6365141682948128,-0.19940786063671112,0.2907633112376183,-0.14459513127803802,0.4458527331154502,0.0325106717646122,0.864580215045032,0.08209581673145294,0.6662648189089521,-0.12670832872390747,0.5046330295620055,0.1663213074207306,0.3797204887870118,0.03759904,0.0,0.1410451,0.17614333,0.39314508,0.022042178,0.23002525,0.22000839,0.47500268,1.9607487,2.8480425,0.06164409,0.35965514,0.38019902,1.1674033,0.9085041,2.4268513,0.24657635,0.5126629,Medullary_cords,240.00208332429116
ATATGTCTCCCTAGCC-1,1,35,97,4783,13247.0,4783,4078.175,Low,3,0,2,0,0,4,5,6,716.5765834856733,0.0,-0.1210426539182663,0.5240229801820842,-0.30153265595436096,0.10537625768199553,0.11885946989059448,0.5315896962282098,-0.24843619763851166,0.18557365377174237,-0.3225291967391968,0.08215832297655458,0.18865899741649628,0.3180742762821845,0.04511618,0.0046451483,0.16054736,0.39865565,0.3415031,0.0,0.049532667,0.26573324,1.0479369,1.9060011,2.5661285,0.0,0.570181,0.50674164,1.2158906,1.3779308,2.0439506,0.42185247,0.47900635,Medullary_cords,497.24139007126104
ATATTCAGTTAAACCT-1,1,44,40,5773,17950.0,5773,4280.2144,Medium-Low,3,9,0,1,3,7,0,3,3381.0845892997118,1.0114042647073518,-0.01068244967609644,0.9553215184970401,-0.23463964462280273,0.2120025694056017,0.10561850666999817,0.5785713464818041,-0.017424147576093674,0.9271846903439885,-0.2200150191783905,0.24270601354504023,0.2893826365470886,0.12088626537561384,0.08704536,0.0,0.051933788,0.36738828,0.15736574,0.20299266,0.13327411,0.3010292,0.70837235,1.9289134,2.8923988,0.28078783,0.6686812,0.09359594,1.4499927,1.2733915,2.1302273,0.0,0.36238796,Medullary_cords,238.76766950322232
ATATTCCACATAGTGA-1,1,51,77,5079,17573.0,5079,3671.8342,Medium-Low,2,10,5,2,0,4,2,4,1731.3260813607585,0.0,-0.12129537016153336,0.5231504725615563,-0.32810431718826294,0.07670851007426832,-0.08439180254936218,0.6574877347067016,0.07595373690128326,0.6899553223614397,0.12444530427455902,0.5123347623631439,-0.1215444952249527,0.5222910540613727,0.070712715,0.0,0.30843458,0.28130877,0.28288257,0.0,0.056661393,0.2659949,0.67573774,2.192876,2.3451624,0.3497244,0.48043257,0.34972438,1.2467092,1.1433238,3.4851267,0.11261834,0.40346515,Medullary_cords,495.9858868959882
ATATTCCCACAGGTCA-1,1,11,59,5843,17972.0,5843,4392.1133,Medium-Low,0,8,7,4,6,3,4,0,3800.323275722738,1.3296613488547582,-0.44158267974853516,0.014568715437644429,0.008802240714430809,0.963179497066782,-0.2312527298927307,0.21886468610675788,0.028539404273033142,0.8809974888104835,0.046399421989917755,0.8076395892414306,0.07077005505561829,0.7101762847652393,0.1747427,0.0032884183,0.0,0.2101443,0.2899818,0.32184276,0.0,0.23874047,0.7564812,2.2366107,2.86212,0.2041015,0.48220456,0.58381724,2.021573,1.1198819,1.7626483,0.11059725,0.3848283,B_cell_zone,0.0
ATATTGCTGTCAAAGT-1,1,18,32,7091,27444.0,7091,4374.9497,High,3,11,2,0,1,5,5,6,4537.906565807631,0.0,-0.12950626015663147,0.4951912911223165,-0.14217564463615417,0.45358095554265354,-0.22709831595420837,0.22748567476220138,-0.14722728729248047,0.43752639247852504,-0.07831055670976639,0.6808293957127197,0.20400235056877136,0.27955923348280587,0.018713864,0.0,0.039172146,0.24564193,0.22176373,0.15453556,0.3201727,0.37664026,0.87971365,1.6008152,2.6084206,0.20886908,0.90682024,0.33107713,1.0925982,1.4718827,1.5720949,0.07768446,0.5091091,Medullary_cords,479.00417534714666
ATATTTAACCCTCAAG-1,1,31,55,5922,21269.0,5922,4049.86,Medium-High,1,3,3,5,1,2,3,5,2420.8300229466754,0.45056120886630463,0.08626388758420944,0.6503639674779075,0.16984963417053223,0.36954857776640365,0.11727594584226608,0.5371105936827916,-0.455796480178833,0.011364047682867705,-0.3157653212547302,0.08916292134133072,0.2924477756023407,0.11682328343525009,0.06035024,0.0,0.13284157,0.14862408,0.2845839,0.0,0.37360024,0.2914272,0.488043,2.1210353,2.8131585,0.39918765,0.7065857,0.3961852,1.6776875,0.9883275,2.6330614,0.26207832,0.4680158,Medullary_cords,137.92751719653333
ATCAAACACTGTTCCA-1,1,47,107,7342,31080.0,7342,4316.8774,High,3,10,0,0,0,4,0,3,1695.3896307338912,1.2424533248940002,-0.06883933395147324,0.7177582644193176,0.18035788834095,0.3402165595583264,0.0789768323302269,0.6782574067956646,-0.10665033757686615,0.5748449247465912,-0.26676908135414124,0.15414464564326902,0.04454802721738815,0.8151810052847785,0.06720533,0.05340617,0.18331254,0.24685697,0.25800687,0.12909205,0.062120054,0.30650213,0.7263853,2.140465,2.7457633,0.22761774,0.38998583,0.45983616,1.4712104,1.3269173,2.6878417,0.48337096,0.3545129,Medullary_cords,137.55726080436466
ATCAAACGAAGGTTTG-1,1,49,33,6236,21663.0,6236,4245.4624,Medium-High,2,9,0,2,3,6,0,3,4008.9921426712726,1.0114042647073518,-0.23845325410366058,0.2044535376284867,-0.14140565693378448,0.45605531235551466,0.0031196693889796734,0.9869463330783314,0.07304131984710693,0.7012916244280135,0.16625916957855225,0.3799010723807667,0.23607169091701508,0.2091458402911831,0.07560977,0.07946517,0.2537566,0.26740047,0.13257125,0.0,0.19119675,0.32047424,0.7080518,2.1734915,2.853425,0.34805426,0.5811246,0.50999665,1.6258007,1.308842,2.5817597,0.35641646,0.44767088,Medullary_cords,366.3659372812926
ATCAAAGAGCCGTGGT-1,1,76,62,5755,19346.0,5755,4160.8945,Medium-Low,5,4,3,1,2,1,1,1,4890.6461740755685,1.0397207708399179,-0.2244647741317749,0.23306753883229617,-0.28893575072288513,0.12148725183096126,-0.3413057327270508,0.0649149763890744,0.13959915935993195,0.4618885566523605,-0.01615940034389496,0.9324576338449827,0.25564002990722656,0.17273015156738955,0.062633604,0.070177935,0.1727035,0.12895082,0.022333317,0.28853387,0.25466695,0.2954215,0.7268759,2.1854978,2.9310024,0.2637455,0.7622833,0.37491518,1.600439,0.9471991,2.2268648,0.5324315,0.65679526,Medullary_cords,238.40302011509837
ATCAAGATCCCAGGAC-1,1,72,58,5986,19368.0,5986,4283.5015,Medium-Low,3,4,2,0,2,1,0,6,4566.520447780783,0.0,-0.05638744682073593,0.7672614923280237,-0.049377888441085815,0.7955428462940513,-0.11291346698999405,0.552459610754911,-0.02054028958082199,0.9142063164000034,-0.2068442404270172,0.27276985452436175,0.32353296875953674,0.08115582755678043,0.030305604,0.0,0.13183855,0.33921164,0.062051237,0.032926176,0.4036668,0.34401524,0.9794355,1.7341466,2.632431,0.22103089,0.5495018,0.34530458,0.9279269,1.4212112,2.002362,0.0,0.6353152,Medullary_cords,688.0029069706028
ATCAATCTGGGCTGCA-1,1,33,65,3181,7965.0,3181,3445.7046,Low,2,3,3,2,4,2,3,4,1692.0641240804084,1.0114042647073518,0.00814664363861084,0.9659202734318297,0.07814283668994904,0.6814773910020688,0.07548095285892487,0.6917911996860219,0.011260958388447762,0.9529045424765968,-0.047862738370895386,0.8016908586254083,0.1615145206451416,0.39383675632130416,0.13992913,0.0008288102,0.16576308,0.30766404,0.12874638,0.03801276,0.21905579,0.39854306,0.49380457,2.088383,2.8523066,0.20334211,0.101671055,0.101671055,1.5775422,1.1827142,2.0893886,0.0,0.2711228,Medullary_cords,238.40302011509837
ATCAATGCCGTGGCTG-1,1,61,19,7357,32132.0,7357,4330.8325,High,3,1,7,1,5,0,0,3,5491.114458832561,1.3296613488547582,-0.37625569105148315,0.04043616251212441,-0.2447715401649475,0.192357148867485,0.1066083088517189,0.5749965001603784,0.06943853199481964,0.7154023492239803,0.008533784188330173,0.9643017532089412,0.26960527896881104,0.14964719817880748,0.1567341,0.0761515,0.13779241,0.2901519,0.27863243,0.008990754,0.05154691,0.3461912,0.5636588,2.3151114,2.7030895,0.22932127,0.52109593,0.54414535,1.63657,1.0347247,2.2018042,0.13548495,0.2960968,Medullary_cords,238.40302011509837
ATCACATTAGAATATC-1,1,20,82,6505,22657.0,6505,4436.81,Medium-High,3,5,2,7,4,2,8,2,2195.164914078211,0.45056120886630463,-0.6396182775497437,0.00014147536422371272,-0.10883453488349915,0.5669923890904368,-0.2039252519607544,0.2797449241235641,0.061905063688755035,0.7452020090067331,-0.0011956840753555298,0.9949967059745245,0.11527279764413834,0.5441332807576469,0.07662369,0.0049429396,0.20658296,0.30641982,0.1439863,0.0068200803,0.25462422,0.25317642,0.9946995,1.8450686,2.5824459,0.124789104,1.1506127,0.6040488,1.2223276,1.465478,2.058446,0.48502535,0.4781236,Medullary_cords,138.0
ATCACGTGCTAATTAA-1,1,46,36,5485,18682.0,5485,3951.3877,Medium-Low,1,9,0,5,3,6,3,5,3705.4038916155955,1.3296613488547582,0.03200986236333847,0.8666476688541577,-0.2903672158718109,0.11956993347781343,0.03701213374733925,0.8460380561200437,0.09180395305156708,0.6294607868348882,0.28993749618530273,0.12014313524553999,0.31678250432014465,0.08808145797187304,0.02948956,0.0,0.13637964,0.20979962,0.26808965,0.0,0.35624155,0.2643038,0.8252244,1.9531734,2.669031,0.30535692,0.50203097,0.4609778,1.4975417,1.1785846,2.3325818,0.28915393,0.44058317,Medullary_cords,496.9557324349926
ATCACTTCATCCTCGC-1,1,21,67,5543,16049.0,5543,4371.3877,Medium-Low,0,3,7,4,4,2,4,0,2496.302065055429,0.6931471805599453,-0.42593175172805786,0.018934349048801292,-0.11128798127174377,0.5582302813439978,0.3097729980945587,0.0957402657263326,0.1942022740840912,0.3037976329166815,-0.09821023046970367,0.6056353874600698,0.05089366436004639,0.7894042784709606,0.10859444,0.00036590936,0.17560215,0.18557577,0.16992828,0.27393666,0.08599683,0.12108321,0.57743573,2.2851315,2.8640375,0.22223727,0.8925959,0.3539947,2.090531,0.7842324,2.1027288,0.6360363,0.5119106,Medullary_cords,0.0
ATCAGACGGCACGCCG-1,1,44,42,5348,15913.0,5348,4208.5503,Low,5,9,4,1,3,7,1,1,3247.4226703649156,1.0114042647073518,0.04021003097295761,0.8329136712458517,-0.2719973027706146,0.14592828208130648,0.23730157315731049,0.20671352947710123,-0.0776355192065239,0.6834387902048048,-0.367920458316803,0.04546326501994973,0.21527253091335297,0.2532662349288832,0.04544956,0.12527172,0.0,0.16098824,0.13609001,0.2902337,0.24196677,0.12191422,0.6660798,2.1010206,2.7873964,0.06095711,0.574181,0.44733664,1.6942372,1.1378512,1.7464764,0.12191422,0.2713443,Medullary_cords,138.00362314084367
ATCAGCCTCATGCTGC-1,1,57,87,5834,18362.0,5834,4305.572,Medium-Low,3,6,2,0,2,1,5,6,2276.8717574777897,0.45056120886630463,-0.20639285445213318,0.2738410453919949,0.08161761611700058,0.668098378393495,0.29806116223335266,0.10964658332932085,0.4796416759490967,0.007316541389633197,-0.13428398966789246,0.4792773941135256,-0.07366445660591125,0.6988607347132084,0.08649251,0.11079552,0.18283378,0.4097382,0.06508977,0.0,0.14505027,0.09209801,1.0148036,1.9100116,2.682843,0.10869173,0.5782584,0.38855165,1.4468886,1.4593341,2.1134908,0.21738346,0.28420255,Medullary_cords,364.3295211755424
ATCAGCTCGTCCACTA-1,1,49,15,6652,24414.0,6652,4361.2896,Medium-High,3,7,0,0,3,6,0,6,5195.130797198469,0.0,-0.08140428364276886,0.6689169618732272,-0.40776294469833374,0.02530373837338346,0.1540054976940155,0.4164791532078455,-0.1808808594942093,0.3387946802407011,-0.0782255083322525,0.681157956884027,-0.13147708773612976,0.48859462830266126,0.06003648,8.081561e-06,0.081991956,0.32555246,0.24413642,0.004027238,0.28424734,0.30292976,0.9211689,2.0664186,2.6646469,0.3147601,0.5619612,0.31023583,1.3206371,1.5657604,2.2588837,0.08582966,0.56793976,Medullary_cords,600.4065289451806
ATCAGGTCGCCATTGC-1,1,8,94,7096,28409.0,7096,4428.673,High,4,12,1,4,6,3,4,7,3616.7472955682156,0.0,-0.13055062294006348,0.49169005880491695,-0.21936751902103424,0.24413029280795087,0.04485166072845459,0.8139430645552835,-0.08876053988933563,0.6409104469795901,-0.39934706687927246,0.028797438032274497,-0.3214743733406067,0.08322200240354577,0.14354429,0.0023512107,0.31642333,0.0,0.50687724,0.030803926,0.0,0.14202303,0.36598366,2.1824384,2.843754,0.17094794,0.5916216,0.63202107,2.0276968,0.5334187,2.2210188,0.13324857,0.44725683,Medullary_cords,0.0
ATCAGTAGGCAGGGAT-1,1,23,87,5564,16644.0,5564,4316.791,Medium-Low,5,5,4,1,4,2,1,1,1797.4829623670985,0.6931471805599453,-0.35402050614356995,0.054941596220511306,-0.16331936419010162,0.38850157875024227,0.12185611575841904,0.5212170084719633,0.06330382823944092,0.7396402164560565,-0.172594353556633,0.3617476565524901,0.3453436493873596,0.061605717748772035,0.2556724,0.004310557,0.14328484,0.16325916,0.08105219,0.0,0.35242087,0.43733054,0.48683736,2.306951,2.6680255,0.25611424,0.89113945,0.50255466,1.8621767,1.1150494,1.8515134,0.11762855,0.13153332,B_cell_zone,0.0
ATCATAGATCGACGAG-1,1,74,44,5900,19143.0,5900,4190.8022,Medium-Low,2,4,0,0,5,0,0,3,5269.79354434308,1.0114042647073518,-0.3068142831325531,0.09912016147436624,0.09527535736560822,0.6165031303573739,-0.05004854127764702,0.7928253469633317,-0.08785703778266907,0.6443252832513756,0.054304786026477814,0.7756355917939505,-0.12182746827602386,0.5213157013169062,0.053835373,0.083978266,0.100836515,0.3498615,0.4114884,0.0,0.0,0.17741986,0.93143934,2.0054293,2.7413082,0.24702474,0.58087385,0.3648784,1.3676139,1.292317,2.3245792,0.10507389,0.43349493,Medullary_cords,137.55726080436466
ATCATAGCCCTATGTA-1,1,62,106,6264,22321.0,6264,4170.4365,Medium-High,1,13,3,5,7,1,3,5,3130.638912426663,1.0114042647073518,0.12023879587650299,0.5268029954338725,0.05360924080014229,0.7784378388704534,0.2523525059223175,0.17851109787029332,0.041989341378211975,0.8256300450333194,-0.22151432931423187,0.23942927627206817,0.20980246365070343,0.26581678389558694,0.051657084,0.11333621,0.2715863,0.05726601,0.0,0.0,0.50615436,0.28194857,0.64823604,2.3250728,2.82676,0.046273652,0.49873674,0.092547305,1.798527,0.8953855,2.3392284,0.34923992,0.40735304,Medullary_cords,138.0
ATCATCCAATATTTGT-1,1,39,59,3462,8678.0,3462,3607.7395,Low,5,9,3,5,0,7,3,5,1999.910247986144,1.0114042647073518,0.30602043867111206,0.10004213875029778,0.1681905835866928,0.3743113954393176,-0.10775043070316315,0.5708838394038475,0.13919176161289215,0.46320947623406283,-0.14397957921028137,0.44781214891550447,0.027287490665912628,0.8861832819076139,0.07056746,0.0,0.026084635,0.021668067,0.38449395,0.28530556,0.21188027,0.095819406,0.60202986,2.256241,2.6791704,0.095819406,0.43687564,0.4368756,1.7609289,0.76420933,2.4997458,0.19163881,0.32698244,Medullary_cords,239.00209204105306
ATCATCTGCCCAGTGT-1,1,2,84,6057,20042.0,6057,4267.157,Medium-Low,1,12,3,6,6,3,7,5,4320.476478352822,1.0986122886681096,0.1636999249458313,0.3873819648528009,-0.1610560268163681,0.3951987251358027,-0.447111040353775,0.013242832853294249,0.09514854103326797,0.6169745447546746,-0.21220579743385315,0.2602536270877774,-0.009684053249657154,0.9594936628477319,0.03228089,0.06619976,0.074566,0.15106124,0.23365591,0.0015561053,0.4406801,0.2236714,0.34543064,1.9391413,2.866542,0.13711333,0.61891085,0.28890693,1.2462081,0.8422205,2.252613,0.10119573,0.48104632,Medullary_cords,137.0
ATCCAACGCAGTCATA-1,1,25,37,5586,16890.0,5586,4297.374,Medium-Low,5,11,4,1,1,6,1,1,3839.8567681620625,0.45056120886630463,0.05875521898269653,0.7577721567986331,0.10100417584180832,0.5953655869148705,0.03611390292644501,0.8497318882663161,-0.1965283751487732,0.2979286492841136,-0.4873899221420288,0.006298844301224052,0.28612613677978516,0.12531639407331802,0.10662636,0.09024306,0.025253695,0.15632188,0.16088955,0.24194227,0.21872316,0.28342828,0.6782826,2.3854387,2.7889054,0.21392006,0.77444434,0.46338138,2.0110757,0.9480274,2.120356,0.0,0.31003654,Medullary_cords,0.0
ATCCAATGGAGGGTCC-1,1,43,27,5235,17107.0,5235,3981.5715,Medium-Low,5,7,3,5,3,6,3,5,4240.953902130982,0.45056120886630463,-0.11302699148654938,0.5520576214322735,-0.10752378404140472,0.5716989162796052,-0.3237985670566559,0.0808921435351241,-0.07355472445487976,0.6992885948088842,0.07551392167806625,0.6916631220943396,-0.14226336777210236,0.4532995121749481,0.102757536,0.10706692,0.09584333,0.24813133,0.04289556,0.0,0.40330523,0.42525864,0.68490446,2.1714387,2.9302013,0.33848253,0.48338556,0.40276623,1.8018388,1.3364625,1.8056624,0.561889,0.38358688,Medullary_cords,240.0
ATCCACATCGACAGAA-1,1,62,72,6001,18523.0,6001,4430.248,Medium-Low,3,6,0,0,2,1,0,3,3078.915393446205,0.45056120886630463,0.07641124725341797,0.6881803951214537,-0.06671474874019623,0.7261320026250343,0.023910168558359146,0.9001955534170752,0.17176200449466705,0.3641029455701655,-0.17584092915058136,0.3526474523181064,0.07166524231433868,0.7066699967514705,0.048080135,0.074846946,0.09596547,0.23798442,0.21627466,0.0027854415,0.32406285,0.32606184,0.7488517,1.9879038,2.731395,0.3544248,0.56392616,0.58364546,1.460829,1.2047887,2.207495,0.107933864,0.5462676,Medullary_cords,238.40302011509837
ATCCACGCTAAATGTT-1,1,5,83,6073,23126.0,6073,4028.5798,Medium-High,2,5,0,2,6,3,2,4,3967.823080733313,0.45056120886630463,-0.06613268703222275,0.7284315693997483,0.15460698306560516,0.41463918011789724,-0.33626997470855713,0.06923433445711714,0.34214383363723755,0.06421696629744143,-0.11216003447771072,0.5551309442363246,0.008773013018071651,0.9633016772736881,0.09666893,0.079454765,0.27649292,0.2158652,0.1594886,0.0,0.17202957,0.21536884,0.5209448,2.1662173,2.6837056,0.07789858,0.55804443,0.49068254,1.4417995,1.0160978,2.7259338,0.17968701,0.3622783,Medullary_cords,364.00137362378183
ATCCACTTTCAGACTA-1,1,7,115,7065,27089.0,7065,4502.194,High,5,12,4,1,4,3,1,1,4151.937981232379,0.5004024235381879,0.2720980644226074,0.14577310779235697,0.2516850233078003,0.17970124978504154,-0.24232466518878937,0.19698123975989762,-0.09068237245082855,0.6336706912424606,-0.22567613422870636,0.23048873415543855,-0.03412770852446556,0.8579107705452854,0.14140016,0.24738517,0.1096481,0.25332102,0.11893485,0.0,0.12931076,0.11782226,0.5839761,2.3361368,2.857378,0.10838805,0.49348056,0.459295,1.954805,1.0211163,1.9526701,0.15709634,0.3082451,B_cell_zone,0.0
ATCCAGAGCAACAACC-1,1,50,52,6369,23712.0,6369,4090.839,Medium-High,2,2,5,2,2,7,2,4,2864.578852117707,0.0,-0.14642953872680664,0.4400409462230464,-0.11989111453294754,0.5280075967361771,0.027496255934238434,0.8853181889816769,-0.12201668322086334,0.5206640091884794,0.24367265403270721,0.19442439686773325,-0.025736745446920395,0.8926132942058105,0.038347706,0.0,0.14579214,0.16154712,0.2981604,0.29229274,0.06385984,0.39527893,0.62292004,2.140411,2.772491,0.3430963,0.57326823,0.45240095,1.3226285,1.153842,2.948774,0.17594256,0.49005166,Medullary_cords,275.98007174431996
ATCCAGGATTCGTGAA-1,1,40,46,6068,21720.0,6068,4236.7036,Medium-High,0,9,7,4,3,7,4,0,2900.5359849517467,1.0114042647073518,-0.024050187319517136,0.8996140116238708,0.16697603464126587,0.3778207691939256,0.03255343437194824,0.8644037217917145,0.045866817235946655,0.8098073859915583,-0.1405501812696457,0.45881277808192744,0.008740871213376522,0.9634360402349416,0.24305083,0.13381344,0.09995849,0.2890451,0.21004915,0.0,0.024082972,0.14203404,0.5141436,2.2835789,2.9243782,0.14203404,0.22524738,0.51151496,2.2007985,1.0692523,1.9422224,0.18937872,0.23505472,B_cell_zone,0.0
ATCCCATCCACAGCGC-1,1,62,14,6565,24276.0,6565,4384.6157,Medium-High,4,1,1,4,5,0,4,7,5849.131388505476,1.0114042647073518,0.2767972946166992,0.13866818403430553,0.18096719682216644,0.3385602893338397,0.16196683049201965,0.39249579291040554,0.39659038186073303,0.030023631422908748,0.10161874443292618,0.5931167176782135,0.2462240755558014,0.18964811323407632,0.17715284,0.09805635,0.16353041,0.18256451,0.16861576,0.02025508,0.18982506,0.20795777,0.39531025,2.314194,2.8160503,0.1182428,0.3050622,0.80307627,2.0520372,0.8789817,2.1204767,0.0862423,0.35388497,Medullary_cords,0.0
ATCCCATTTCCGTGGG-1,1,71,57,4794,12692.0,4794,4161.238,Low,3,4,0,0,2,1,0,6,4491.897149312304,1.0114042647073518,-0.3718871772289276,0.043012183451820576,-0.041542164981365204,0.8274592568311584,-0.07919763028621674,0.6774058513569152,-0.00756877101957798,0.9683364330788098,0.08294409513473511,0.6630169133701777,0.2630055546760559,0.1602613554517177,0.14271104,0.0,0.1918623,0.42361224,0.13266596,0.0,0.10914848,0.2969057,0.5568769,1.9141276,2.8243058,0.14526883,0.40881348,0.26991272,1.1804328,1.1891272,2.0872347,0.0,0.09684589,Medullary_cords,719.0027816357875
ATCCTACCTAAGCTCT-1,1,44,48,5473,17591.0,5473,4174.962,Medium-Low,0,9,7,4,3,7,4,0,2846.151787941044,1.0114042647073518,0.046700797975063324,0.8064135522267405,-0.14464035630226135,0.44570895581541964,-0.1021757647395134,0.5910816174008544,0.19426807761192322,0.30363061326599095,-0.1826198250055313,0.3340926721430625,0.08119011670351028,0.6697391216428108,0.23382775,0.0,0.08977621,0.30439165,0.20925039,0.0017765737,0.1609774,0.094922155,0.5485538,2.260316,2.988631,0.0,0.33185476,0.50688004,2.0743117,0.8784506,1.9483434,0.11252555,0.15003407,B_cell_zone,0.0
ATCCTGAATCGCTGCG-1,1,38,26,3333,8398.0,3333,3558.8574,Low,1,7,6,5,3,6,3,5,4268.014175234192,0.6365141682948128,-0.15748482942581177,0.4058988259800277,0.24872800707817078,0.18504078047504485,0.2143169641494751,0.25543006274391056,-0.21940171718597412,0.2440549300652738,-0.46265414357185364,0.010043441163639021,0.2858123183250427,0.12574954412994171,0.08216018,0.14622761,0.0,0.16010234,0.29985568,0.0009815107,0.31067273,0.2503217,0.45602334,2.1958559,2.914881,0.098031044,0.29409313,0.19000147,1.7924104,1.0358442,2.2862344,0.0,0.33376226,Medullary_cords,138.00362314084367
ATCCTGCGTGGAATGG-1,1,45,47,5877,18845.0,5877,4299.079,Medium-Low,4,9,7,4,3,7,4,7,2944.166435512775,0.6365141682948128,-0.13301531970500946,0.48347722556777273,-0.22377291321754456,0.23454905150862718,0.08526566624641418,0.6541587492699148,0.36303284764289856,0.04863493803363773,-0.291890025138855,0.11755495879003316,0.017023729160428047,0.9288537854208141,0.15066683,0.0,0.0,0.23989865,0.489684,0.004936168,0.114814356,0.19555035,0.5019246,2.0883617,2.8962717,0.106426865,0.49882394,0.62876606,2.2796557,0.95236105,1.9984376,0.106426865,0.14190249,B_cell_zone,0.0
ATCCTGCTGCAGATAG-1,1,6,44,6349,22933.0,6349,4253.6763,Medium-High,3,8,2,0,1,5,5,6,4884.676959636123,0.0,-0.306850790977478,0.09907791564218357,-0.18615669012069702,0.3246527559742309,-0.04493726044893265,0.8135941461384516,0.06133574992418289,0.7474693423863366,-0.018497945740818977,0.9227102084370115,0.17900964617729187,0.3438988650670388,0.009881084,0.0025152555,0.18009458,0.28712958,0.23810308,0.27996916,0.0023072874,0.32953957,1.0436311,1.4735236,2.4826615,0.3186511,0.6289463,0.35237315,0.8435627,1.4645565,2.3271973,0.18094914,0.6465362,Medullary_cords,768.6956484851465
ATCGACCCAATACAGA-1,1,43,63,4784,12116.0,4784,4292.223,Low,4,2,7,4,0,7,4,7,1821.6942663356,1.0114042647073518,-0.1416623294353485,0.45522969851002143,-0.19889631867408752,0.2920281630114114,0.07224214822053909,0.7044134681195947,0.09963928163051605,0.6003731977026645,-0.07784996181726456,0.6826094613223215,-0.013426315039396286,0.9438616114852393,0.1929788,0.0,0.3968249,0.118474916,0.016993672,0.0,0.27472776,0.075231135,0.44268617,2.1896915,2.6648507,0.12186628,0.3189637,0.82008106,2.0592349,0.7201905,2.1465077,0.39419484,0.30092454,Medullary_cords,0.0
ATCGACTCTTTCCGTT-1,1,23,61,6182,20483.0,6182,4391.292,Medium-High,5,3,4,6,1,2,7,1,2584.962862402476,0.8675632284814612,-0.49271175265312195,0.005671822890500641,0.29605039954185486,0.11217844267397598,0.2476804554462433,0.1869586978049553,-0.29964113235473633,0.10768729739124999,-0.19719883799552917,0.2962503919348754,0.04950520768761635,0.7950267646779515,0.10472576,0.093926795,0.0815371,0.12511607,0.13475552,0.0046716556,0.45526707,0.27521634,0.67340904,2.3030844,2.9717863,0.2200265,0.58714646,0.5173466,1.7228394,1.0709412,1.7959893,0.19879496,0.3406555,Medullary_cords,137.0
ATCGCACGCCGGGAGA-1,1,25,57,6199,20247.0,6199,4380.315,Medium-High,1,3,4,6,1,2,7,5,2641.112076379948,0.45056120886630463,-0.10045157372951508,0.5973908383840406,0.382845401763916,0.03678565312936639,0.26785993576049805,0.15240349818376392,0.021096058189868927,0.9118937791953062,-0.18728235363960266,0.321683139067858,0.052737340331077576,0.7819544409630956,0.053164676,0.13488191,0.0,0.063849285,0.390256,0.0,0.3578481,0.32287037,0.52171093,2.1874995,2.914284,0.1003476,0.5350457,0.28682718,1.8521333,0.8123046,1.5670049,0.17175722,0.28528753,B_cell_zone,0.0
ATCGCCAGTCAACATT-1,1,45,105,6417,21285.0,6417,4527.365,Medium-High,4,10,7,4,0,4,4,7,1440.4252844212365,1.3296613488547582,-0.31294476985931396,0.09221460013713574,-0.17142575979232788,0.36505697728526415,-0.29300397634506226,0.11609701230069171,-0.06099768728017807,0.7488166807437726,-0.12219076603651047,0.5200647856024743,0.014721537008881569,0.9384557205797609,0.070814736,0.124385595,0.04836426,0.077562265,0.49387288,0.18500023,0.0,0.14444295,0.47983766,2.1714714,2.724638,0.0962953,0.3865808,0.873533,1.9681809,0.7305748,2.2226315,0.0,0.3508951,Medullary_cords,0.0
ATCGCTGCGTGCAGCA-1,1,23,111,7485,29031.0,7485,4524.91,High,3,0,0,0,4,2,0,3,2394.4187186037448,1.3296613488547582,-0.618855357170105,0.0002667626901632918,-0.030177854001522064,0.8742178625753977,0.2899816632270813,0.12008412738718513,0.04202567785978317,0.825481446836491,-0.5527875423431396,0.0015354331828281228,-0.050301067531108856,0.7918027195699904,0.05277256,0.0025178792,0.15163392,0.2648976,0.16986312,0.05443802,0.30387694,0.20241174,0.685436,1.8187511,2.8756478,0.13951302,0.3387004,0.42469108,1.1434422,1.2234339,1.9099779,0.13102564,0.79699624,Medullary_cords,137.92751719653333
ATCGGAGACAGACGGC-1,1,52,76,5833,19862.0,5833,4069.3264,Medium-Low,2,6,5,2,0,4,2,4,1869.4183587415632,0.0,0.026822328567504883,0.8881113058036696,-0.010766282677650452,0.9549712444920887,-0.29511868953704834,0.11336627150380561,-0.10900284349918365,0.5663893157881434,0.33640891313552856,0.06911224420467597,-0.10695431381464005,0.5737491752472047,0.034328714,0.0,0.29435387,0.20064205,0.01619236,0.1939231,0.2605599,0.27567124,0.7253,1.9846456,2.4117625,0.36993217,0.5631105,0.13805446,1.2142032,1.1113539,2.7822325,0.30584645,0.58913517,Medullary_cords,364.24716882907956
ATCGGCAAGCAGTCCA-1,1,20,96,6921,28891.0,6921,4176.9937,High,1,5,3,6,4,2,2,5,2225.0314604517393,0.8675632284814613,-0.35382527112960815,0.055085018870795914,-0.36722633242607117,0.045903385226459086,0.1018950343132019,0.592106900093174,0.6823603510856628,3.2740064596547175e-05,0.165946364402771,0.3808108973444601,0.12108317017555237,0.5238830495893494,0.11123841,0.06401642,0.101007015,0.1511433,0.33370668,0.16421948,0.07466869,0.24340291,0.43017772,2.3218858,2.7244,0.16333237,0.7997891,0.21479845,1.7776471,0.9789379,2.3537078,0.0,0.57532704,Medullary_cords,413.0012106519786
ATCGTGGAAAGTCTGG-1,1,63,23,7182,29362.0,7182,4310.4893,High,3,1,2,0,5,0,0,6,5384.24785833639,0.8675632284814613,-0.6148808002471924,0.0002996776907575341,-0.10354210436344147,0.5861025339701369,-0.19311770796775818,0.30655874013936607,0.04061898589134216,0.8312383867200536,-0.019308842718601227,0.9193327515452352,0.2547782063484192,0.17423265875773516,0.06317007,0.0,0.09364201,0.3883823,0.17186148,0.14245535,0.14048868,0.25864452,0.939322,1.8821609,2.697897,0.33578327,0.51161945,0.32744285,1.3242247,1.4497181,2.1112144,0.073277056,0.3504647,Medullary_cords,364.3295211755424
ATCGTTAGCTAGCGGA-1,1,58,98,6627,25197.0,6627,4205.062,Medium-High,2,10,5,3,0,1,0,3,2492.5633392152745,0.7963116401738131,0.18141202628612518,0.3373542143358179,0.4406428933143616,0.01480474250283381,-0.1122732013463974,0.5547293248661054,0.08949856460094452,0.6381263588897985,0.36066943407058716,0.05023030713376463,-0.04944515600800514,0.7952701703330713,0.03139771,0.0019338117,0.16755845,0.13803141,0.3157316,0.16465956,0.1806875,0.45536327,0.5740092,2.0682297,2.7256455,0.35891712,0.56974626,0.29639965,1.2945633,0.9846667,2.4549932,0.14607644,0.6220946,Medullary_cords,275.98007174431996
ATCGTTCACTTTCGCC-1,1,10,94,5008,15322.0,5008,4027.1587,Low,5,12,7,1,4,3,1,1,3379.356447609515,1.3296613488547582,-0.2245301604270935,0.2329278494312567,-0.1589985489845276,0.40134356627537976,0.013379255309700966,0.9440580729694589,-0.03273065388202667,0.8636723555105449,-0.3515315651893616,0.05679219071976133,-0.3793945908546448,0.038662703126643695,0.11099153,0.1177968,0.09752865,0.13797225,0.33583134,0.0,0.19987941,0.30278936,0.47360846,2.1779811,2.7364705,0.29282457,1.0170817,0.5328095,2.0240798,0.78977394,2.2511878,0.0,0.26450413,Medullary_cords,0.0
ATCTAATATCCTACGG-1,1,55,67,6070,19775.0,6070,4333.132,Medium-Low,1,2,0,3,2,7,6,3,2497.0382456021775,0.8675632284814613,0.29821911454200745,0.10944952079218521,0.10332955420017242,0.5868758796959376,-0.2936714291572571,0.11522990409924998,0.4154404103755951,0.022426493118468775,-0.34114912152290344,0.06504606298590794,-0.2989211678504944,0.10857683418963138,0.028091297,0.0015959484,0.13311349,0.09572481,0.19105832,0.0060317586,0.54438436,0.45923725,0.608173,2.2695122,2.9673526,0.2046423,0.4477284,0.08735887,1.6284298,0.8237759,2.2870805,0.9124728,0.62684697,Medullary_cords,137.0
ATCTACCATCTGCTCC-1,1,70,88,5790,17483.0,5790,4428.833,Medium-Low,4,6,1,4,2,1,4,7,3833.0130445903783,0.6365141682948128,0.2308543622493744,0.21968159928248432,-0.2264169454574585,0.22892114108264477,-0.014122458174824715,0.9409557876403446,-0.10074039548635483,0.5963319556999174,-0.16696324944496155,0.3778578129231697,0.20640835165977478,0.27380422375479063,0.1128329,0.18823192,0.048937727,0.19020836,0.41172093,0.039056994,0.00901106,0.11309506,0.42855942,2.2912612,2.7732394,0.11309506,0.3991149,1.0201938,2.02597,0.8184192,1.8809571,0.11309506,0.4207757,B_cell_zone,0.0
ATCTAGCTTGTGAGGG-1,1,67,65,5908,19974.0,5908,4145.7163,Medium-Low,2,4,0,3,2,1,6,3,3817.9980356202386,0.6365141682948128,0.035273853689432144,0.8531892834298337,0.1302325576543808,0.4927550424782897,-0.30037662386894226,0.10678421916329063,0.1418677270412445,0.4545695891208627,-0.09375638514757156,0.6221593858825855,0.3288099467754364,0.07603909379598686,0.0074296324,0.0016672813,0.25186315,0.048584513,0.2558822,0.14175509,0.29281813,0.48622316,0.6402903,1.8489668,2.6175854,0.45347053,0.5777227,0.38957232,1.4012984,0.93381536,2.8218813,0.6056889,0.61270976,Medullary_cords,276.84652788142387
ATCTCCCACGGAATAT-1,1,60,108,5261,16001.0,5261,4049.93,Medium-Low,1,13,3,6,7,1,7,5,2973.232752409404,0.45056120886630463,0.05988135561347008,0.7532709182444945,0.11311879009008408,0.5517326626360087,0.01871952787041664,0.9217871661975205,-0.08388686180114746,0.6594142444456362,-0.15966428816318512,0.3993493704753295,0.15399371087551117,0.41651525508683196,0.03728065,0.0,0.23824857,0.029253457,0.14147529,0.0063549443,0.54738706,0.31866306,0.5361997,2.0385141,2.8790197,0.3954444,0.2634327,0.22275357,1.3699491,0.5689569,2.5494213,0.20274124,0.51308763,Medullary_cords,137.92751719653333
ATCTCCCTGCAATCTA-1,1,16,72,6060,21276.0,6060,4242.1426,Medium-High,1,5,3,7,6,3,8,2,2855.7114700193365,1.0114042647073518,-0.5396075248718262,0.0020879468459318803,0.03947354108095169,0.8359325084154089,0.3791073262691498,0.038822363107808615,-0.04936423897743225,0.7955981786727387,-0.21702128648757935,0.24933760652711745,-0.1875699758529663,0.3209270594722679,0.05693435,0.0019097058,0.18413953,0.122690916,0.17255162,0.0,0.4617738,0.34483093,0.63010883,2.109046,2.947282,0.34483093,1.2003951,0.27670285,1.607518,0.82819927,2.3679538,0.36077,0.4333589,Medullary_cords,137.0
ATCTCGTGAGCGAAAC-1,1,48,116,5527,21250.0,5527,3666.339,Medium-High,2,10,5,2,0,4,2,4,2269.803956292261,0.0,0.3588615357875824,0.05147844067522951,-0.018332960084080696,0.9233975513510103,-0.0523773692548275,0.7834075322812558,0.36499252915382385,0.047342819017019186,0.009073066525161266,0.9620474062376249,-0.13477414846420288,0.4776598189027315,0.075658664,0.0,0.46417776,0.17443874,0.0679052,0.005521078,0.21229866,0.27806625,0.39608997,2.2072997,2.4726706,0.22753522,0.627742,0.3510839,1.2627192,0.9001133,3.266481,0.82500863,0.5739671,Medullary_cords,137.55726080436466
ATCTGACATGGAAGGA-1,1,63,41,5658,17645.0,5658,4249.0786,Medium-Low,5,4,4,1,5,0,1,1,4408.853932713127,0.45056120886630463,-0.6533126831054688,9.072504586468275e-05,-0.18106737732887268,0.3382884399480136,0.06326224654912949,0.7398053703905846,0.019991999492049217,0.9164884087461633,-0.23582400381565094,0.20963804596133376,-0.3726838529109955,0.0425328795006964,0.08558237,0.09107552,0.010535963,0.20746876,0.36290178,0.04424055,0.19819506,0.094718456,0.5624235,2.2715805,2.8450127,0.16837215,0.517708,0.20696656,1.9324443,1.1322103,1.8844416,0.11224811,0.51252687,B_cell_zone,0.0
ATCTGCACCTCTGCGA-1,1,29,101,5910,18792.0,5910,4331.075,Medium-Low,5,0,7,1,0,2,1,1,1401.373968646485,0.8675632284814612,-0.2667549252510071,0.15416733414741665,0.21330983936786652,0.2577237487647617,-0.3424164056777954,0.06399122172640383,-0.25439465045928955,0.17490430938684962,-0.15341034531593323,0.4183042265733305,0.00900498777627945,0.9623319784753686,0.07638475,0.005372579,0.0,0.1702467,0.21640447,0.3423769,0.18921465,0.303969,0.8182286,2.0844517,2.6554186,0.2667011,0.7582856,0.53716254,1.6377244,1.2526203,1.6479425,0.10668044,0.4220903,Medullary_cords,137.0
ATCTGCTGTTATCGCC-1,1,67,57,4788,13316.0,4788,4041.708,Low,1,4,0,3,2,1,6,3,4076.6488688627574,0.6931471805599453,-0.24140262603759766,0.19874349135907135,-0.030046571046113968,0.8747607739703785,-0.09064631164073944,0.6338062342502861,-0.11688831448554993,0.5384661934065994,-0.4871821403503418,0.006324474700118167,0.065534308552742,0.7307980099968706,0.028337644,0.07723653,0.10986751,0.16346797,0.24397683,0.17660923,0.20050424,0.35326993,0.47242063,2.1346877,2.8277464,0.07002169,0.59701824,0.18465562,1.5541621,0.98348874,2.5357084,0.64939797,0.6393928,Medullary_cords,240.00208332429116
ATCTGGGCTGTTCTTG-1,1,61,69,5587,17133.0,5587,4241.828,Medium-Low,2,6,0,0,2,1,0,3,3049.4532296790517,1.3296613488547582,-0.08594316244125366,0.6515822897086299,-0.09969127178192139,0.6001821235220399,0.2552149295806885,0.1734701248129672,0.02537556365132332,0.8941118726174939,-0.28257256746292114,0.13028585593132608,0.07891348749399185,0.6785017817367127,0.07168527,0.10039734,0.14834864,0.22914687,0.29292426,0.027785094,0.12971248,0.30800545,0.4046811,2.0722513,2.7567563,0.2977649,0.39560407,0.21163283,1.6270846,1.0397649,2.163723,0.19338277,0.45084447,Medullary_cords,138.42326394071193
ATCTGGTTAAGACTGT-1,1,26,76,5538,16717.0,5538,4237.492,Medium-Low,2,3,0,2,4,2,0,3,1657.2465115365305,1.3296613488547582,-0.3499491810798645,0.05799398736488604,-0.16826850175857544,0.37408690760531,0.2433117926120758,0.1951066049711965,-0.12018445134162903,0.526991193854905,0.06349291652441025,0.7388893398551739,-0.32866665720939636,0.07617466393314115,0.08396971,0.10651894,0.1568759,0.40339795,0.23227686,0.016960593,0.0,0.264396,0.822781,2.1558838,2.5540295,0.34404492,0.76133376,0.43388754,1.4351536,1.1980398,2.5160162,0.0,0.48011586,Medullary_cords,238.40302011509837
ATCTGTAATTGTACCC-1,1,15,57,6231,22563.0,6231,4146.4478,Medium-High,2,8,0,3,1,3,6,3,3483.7624775521076,1.2424533248940002,0.11015783250331879,0.5622586972550709,-0.07632365077733994,0.6885201033889168,-0.19035625457763672,0.31365958948309824,-0.5328981876373291,0.0024301243456888886,-0.17118310928344727,0.3657463687469464,0.20400555431842804,0.2795515190224023,0.042933736,0.06128902,0.2173303,0.12039746,0.16278313,0.0073048174,0.38796148,0.45357543,0.49543262,2.1706254,2.7673864,0.3031416,0.59351677,0.29624295,1.538407,0.9719032,2.474552,0.5145669,0.47044674,Medullary_cords,137.55726080436466
ATCTTAGGGCATTAAT-1,1,69,11,5899,22993.0,5899,3947.5283,Medium-High,5,1,3,5,5,0,3,5,6471.30257367093,0.6365141682948128,-0.10352559387683868,0.5861625899639418,0.16211411356925964,0.3920597080747101,-0.06013669818639755,0.7522513937133695,-0.34045788645744324,0.06562710685570872,-0.34142929315567017,0.06481169934142088,0.11975890398025513,0.5284660106753615,0.063662365,0.19509462,0.07964034,0.18699032,0.19196665,0.024062658,0.25858304,0.045141496,0.63947177,2.1085668,2.8044496,0.18056598,0.4178826,0.23980188,1.7163403,0.94892275,1.9820349,0.33703798,0.57944757,Medullary_cords,137.55726080436466
ATCTTATCGCACACCC-1,1,64,104,4830,19115.0,4830,3315.9136,Medium-Low,2,13,5,2,7,1,3,4,3303.698684807681,0.6365141682948128,0.11694477498531342,0.5382686424536776,-0.014007823541760445,0.9414342426381712,-0.039937589317560196,0.8340301276423907,-0.09283749014139175,0.6255914044623034,-0.2912399172782898,0.11841207489942364,0.03360062092542648,0.8600837053421726,0.023377074,0.0,0.19563283,0.053946372,0.3388078,0.15803616,0.2301998,0.29893014,0.40424848,1.9153395,2.2943149,0.24730673,0.36429575,0.19470695,1.111889,0.7729845,2.9634454,0.21039906,0.41689646,Medullary_cords,365.0
ATCTTGACCTGCAACG-1,1,26,44,5725,17688.0,5725,4286.804,Medium-Low,5,3,4,1,1,2,1,1,3352.3012991078235,1.0114042647073518,0.21595625579357147,0.251725405596712,-0.23758207261562347,0.2061615214930283,-0.11489295959472656,0.5454697758933259,-0.4584357440471649,0.010839528141042977,-0.34709280729293823,0.06021383527425764,0.24646437168121338,0.18920252620439176,0.123027526,0.19654281,0.21445803,0.15543598,0.11014592,0.004037945,0.1963517,0.14777035,0.661736,2.124344,2.940352,0.35997653,0.61142933,0.20658508,1.8518435,0.9860809,2.175024,0.30114198,0.4015227,Medullary_cords,0.0
ATCTTGACTTGTCCAA-1,1,30,108,5512,16063.0,5512,4319.357,Medium-Low,1,0,7,3,0,4,0,3,1677.5416537302435,1.2424533248940002,-0.44971030950546265,0.012655191998598108,-0.19716757535934448,0.29632851327926374,0.16573947668075562,0.381413345140334,-0.0477876290678978,0.8019959344536893,-0.3111117482185364,0.09423991196605405,0.10674533247947693,0.5745023941434901,0.08251467,0.0,0.046103865,0.18407087,0.29714864,0.009599495,0.3805625,0.49269992,0.59484434,2.076046,2.824089,0.353795,0.75265074,0.5260817,1.487184,0.98290074,1.9894819,0.12100552,0.4451832,Medullary_cords,137.92751719653333
ATGAAGCCAAGGAGCC-1,1,22,46,5322,15232.0,5322,4258.737,Low,3,3,0,0,1,5,0,3,3468.587176358697,1.0114042647073518,-0.5321944952011108,0.002468672735636135,-0.15829409658908844,0.4034598657930231,-0.10425551235675812,0.5835101327615414,0.055765338242053986,0.769760264518865,0.0878073051571846,0.6445134574604365,0.2451530247926712,0.19164307639844386,0.14698264,0.12805656,0.14471139,0.13279575,0.15552987,0.0,0.29192376,0.39702356,0.38234514,2.3781884,2.7998016,0.06308932,0.6959758,0.29408747,1.6433656,0.9738939,2.2118137,0.0,0.48939866,Medullary_cords,137.0
ATGACGCCGGCTCTAA-1,1,16,58,6440,22765.0,6440,4349.1826,Medium-High,5,8,4,1,6,3,1,1,3347.5275951065737,1.0114042647073518,0.06884202361106873,0.7177476835782779,-0.08082082122564316,0.6711576788034698,-0.12779830396175385,0.5009442301979699,-0.43895259499549866,0.01523727227152174,-0.3083241581916809,0.09738428521302166,0.16961891949176788,0.37020877502396055,0.116247796,0.07812986,0.06735467,0.09170448,0.25517872,0.009985884,0.3813986,0.25110844,0.61943495,2.4002566,2.9103093,0.16985202,0.3754417,0.24163735,1.9748638,1.0465442,2.0140395,0.0910375,0.45536625,Medullary_cords,0.0
ATGACGCGTTCTATCC-1,1,52,30,5755,18453.0,5755,4210.582,Medium-Low,2,9,0,2,5,0,2,3,4330.140067018618,0.0,-0.11340419948101044,0.550722906910863,0.07092304527759552,0.7095766361309369,0.08625009655952454,0.6504163365981566,-0.23424457013607025,0.21279535406615616,-0.0944361612200737,0.6196254444220087,0.1525554060935974,0.4209337254157548,0.16478768,0.0,0.102462515,0.24870726,0.20232031,0.0067305895,0.27499172,0.3010883,0.56376296,2.3905904,2.9015684,0.29005012,0.4000989,0.30831563,1.8382947,1.0698774,2.2270951,0.18356653,0.35546088,Medullary_cords,0.0
ATGACTATCAGCTGTG-1,1,63,43,5743,18711.0,5743,4225.834,Medium-Low,5,4,4,1,5,0,1,1,4308.1439158876765,0.6365141682948128,-0.4338638186454773,0.016603359873228876,0.17547965049743652,0.35365329364215453,-0.036501385271549225,0.8481380412747248,0.12377570569515228,0.5146246536957113,-0.1297716349363327,0.49430042944297986,-0.25197792053222656,0.17917831627631584,0.31137326,0.0054019783,0.057362292,0.20695657,0.197644,0.03222629,0.18903553,0.0,0.63932735,2.5279472,2.8756351,0.16057025,0.6174339,0.30497366,2.2647195,1.1292713,1.8023243,0.0,0.239452,B_cell_zone,0.0
ATGACTATGCGACATT-1,1,48,88,5354,15075.0,5354,4321.3,Low,1,10,4,3,0,4,6,3,1198.0037562545454,0.45056120886630463,-0.1739358901977539,0.3579705777128135,0.15299177169799805,0.41959047095821944,0.3184984028339386,0.0862798140119719,-0.032349132001399994,0.8652469924385411,0.029264837503433228,0.877994723717436,-0.45621567964553833,0.011279342966569118,0.118382834,0.10765196,0.14875364,0.101674,0.0,0.0,0.5235376,0.3993941,0.592096,2.459811,2.7353773,0.25444323,0.73109657,0.4358139,2.0165286,0.926275,2.2661068,0.25444323,0.3663233,Medullary_cords,0.0
ATGAGGAGTGTTAATC-1,1,25,35,5885,19454.0,5885,4185.5786,Medium-Low,1,11,3,5,1,6,3,5,3966.536020257474,0.6365141682948128,0.008520745672285557,0.9643562611640435,0.09445053339004517,0.6195719164905487,0.10824283957481384,0.569114821611623,-0.1744033545255661,0.3566599699173055,-0.3003147840499878,0.10685993048077909,0.07168843597173691,0.7065792291396863,0.06263485,0.17947637,0.16076934,0.19042908,0.23012063,0.010102028,0.1664676,0.20502342,0.5740413,2.2621598,2.998816,0.24394633,0.5214595,0.42013907,1.8087661,1.0567108,2.6545296,0.0,0.5090762,Medullary_cords,138.0
ATGATCGGGAATAGAC-1,1,16,54,6957,25781.0,6957,4457.0513,High,1,8,0,3,1,5,6,3,3524.2091311385025,1.0114042647073518,0.12721814215183258,0.5029059866822547,-0.11299147456884384,0.5521833719552364,-0.017179036512970924,0.9282063702513945,-0.3937601149082184,0.03132632773651675,-0.5189558267593384,0.0032989606311581107,0.32682085037231445,0.07793773729159321,0.06254699,0.058981963,0.16340682,0.08432556,0.08529442,0.11886412,0.42658013,0.37158403,0.5972824,2.343316,2.8519576,0.08195023,0.62925714,0.11275828,1.867903,0.91589844,2.0708137,0.81740195,0.27898392,Medullary_cords,0.0
ATGATGCAATGGTACA-1,1,44,50,5078,15758.0,5078,4043.0217,Low,5,9,4,1,3,7,1,1,2712.6778282722776,1.0114042647073518,0.0014475155621767044,0.9939429442749221,-0.14207203686237335,0.453913481809599,-0.13550052046775818,0.4752679163791214,0.1294151097536087,0.49549746946054135,-0.15402182936668396,0.416429133766846,0.22541683912277222,0.2310391151983413,0.21799399,0.00067109027,0.074753255,0.0,0.34886718,0.043002807,0.3147116,0.13325231,0.42265362,2.4969156,3.1022158,0.061424635,0.5223827,0.22527751,2.3706284,0.9339068,2.0202847,0.12284927,0.51884055,B_cell_zone,0.0
ATGCACGCGCTGTTCA-1,1,59,11,321,383.0,321,1091.2565,Low,5,1,6,1,5,0,3,1,5867.05011057516,0.6365141682948128,0.27028876543045044,0.1485776702050564,-0.06762417405843735,0.7225437844837913,0.11212772876024246,0.5552456190532511,0.44355398416519165,0.014083793987032765,0.13086409866809845,0.4906415863044746,0.06232019141316414,0.7435500459638574,0.0,0.0,0.9894852,0.0,0.010514776,0.0,0.0,0.0,0.0,1.3403952,2.1966455,0.0,0.0,0.41248626,0.0,0.0,1.3199561,0.0,0.0,Medullary_cords,137.92751719653333
ATGCACTACCGCATTG-1,1,27,45,5765,19391.0,5765,4100.3403,Medium-Low,1,3,3,6,1,2,7,5,3239.67112528417,1.0114042647073518,0.058235038071870804,0.7598539865968221,-0.2769622504711151,0.1384234486629008,-0.22288455069065094,0.23646056779192606,-0.06241070479154587,0.7431900040470316,-0.35153329372406006,0.05679088871700855,0.06450913846492767,0.7348579309585106,0.026733696,0.052083436,0.092020616,0.11905326,0.21616893,0.2233451,0.27059492,0.29502454,0.45150298,2.0978103,2.8179495,0.20796606,0.61281866,0.32484773,1.4921503,0.9846293,2.8955913,0.0,0.7423816,Medullary_cords,138.0
ATGCATGATCCAGGAT-1,1,25,65,5882,19153.0,5882,4242.213,Medium-Low,3,3,0,0,4,2,0,6,2220.4454508048607,0.45056120886630463,-0.6753262281417847,4.233732357346721e-05,-0.07342442125082016,0.6997967813986994,-0.05711081624031067,0.7643588691338181,-0.013863988220691681,0.9420346019187804,-0.003184176981449127,0.9866764367272062,0.16832788288593292,0.37391587919438585,0.037725247,0.0,0.20779167,0.29522935,0.18579999,0.0,0.2734538,0.27534676,0.6888159,1.798062,2.5128582,0.28377903,0.5801095,0.566627,0.9686706,1.4394131,2.6276736,0.21004923,0.22709617,Medullary_cords,238.40302011509837
ATGCATTCCGTGATGG-1,1,4,52,5386,15925.0,5386,4269.1694,Low,3,8,2,0,1,5,5,6,4766.812352086035,0.0,-0.3864331543445587,0.03491259732559279,-0.15764696896076202,0.40540950616379035,-0.10871747136116028,0.5674120155074295,0.03386865183711052,0.8589786135196243,0.15863488614559174,0.4024352860449183,-0.10207492113113403,0.5914498292643369,0.026139887,0.0,0.15500574,0.33992833,0.06765448,0.22955057,0.18172097,0.16260761,1.0458448,1.54881,2.4764903,0.12182939,0.72238505,0.3760487,1.3268931,1.5822387,1.9770344,0.12182939,0.29802975,Medullary_cords,364.6601157242179
ATGCCAATCGCTCTGC-1,1,15,105,4506,12210.0,4506,3961.7878,Low,1,12,3,5,4,3,3,5,2992.6484925563846,0.0,0.27251455187797546,0.1451329779780749,-0.021172352135181427,0.9115763769144596,0.09908432513475418,0.6024143911616585,0.20403389632701874,0.2794832789161938,-0.13699932396411896,0.47035214203843,-0.13105076551437378,0.4900177876054549,0.052242845,0.08056135,0.0077809696,0.16774243,0.21596114,0.32634097,0.14937031,0.2708401,0.582885,2.344193,2.8433337,0.14958104,0.7022142,0.22984803,1.7947054,1.2752563,2.3766582,0.0,0.5227989,Medullary_cords,275.98007174431996
ATGCCATTTGCGACCA-1,1,43,91,5666,17060.0,5666,4313.5854,Medium-Low,5,10,7,1,0,4,1,1,634.0859563182266,1.2424533248940002,-0.4450961649417877,0.013713881361375104,-0.07855819910764694,0.6798730231533323,0.22517701983451843,0.23154894178679786,-0.030196035280823708,0.8741426795853756,-0.3110537827014923,0.09430450341734616,0.12942786514759064,0.49545461776450866,0.1863263,0.0047630486,0.036999557,0.35327685,0.26771137,0.03317275,0.117750034,0.36148983,0.6381378,2.1998494,2.8925886,0.2699823,1.0833131,0.49008113,1.8549321,0.941815,1.8111732,0.115335435,0.5172222,B_cell_zone,0.0
ATGCCGGTCTTGCATA-1,1,31,75,5440,15114.0,5440,4392.509,Low,5,3,4,1,4,2,1,1,1226.1749467347634,0.8675632284814612,0.050446517765522,0.791213859531396,-0.006258375011384487,0.9738163523736476,-0.07612952589988708,0.6892731515083629,0.16652226448059082,0.3791368135746859,-0.13522198796272278,0.47618437327838137,0.05614224821329117,0.7682460897813632,0.13236876,0.13850302,0.17107177,0.22929712,0.27591112,0.052848216,0.0,0.23232329,0.5281938,2.2278924,2.8091106,0.1904265,0.601343,0.46381927,1.9736236,1.0632395,1.9536822,0.126951,0.3656268,B_cell_zone,0.0
ATGCCGGTTGATGGGA-1,1,19,83,6308,20602.0,6308,4440.2188,Medium-High,3,5,2,7,4,2,8,2,2301.613781675805,0.8675632284814613,-0.6776042580604553,3.898466139169233e-05,-0.20220747590065002,0.28390270417206454,-0.25219079852104187,0.17879891942670043,0.05791953206062317,0.7611174843156168,-0.0076366327702999115,0.9680526797377002,0.1722211241722107,0.3628026611385026,0.08639895,0.00018201886,0.15499799,0.253827,0.16836508,0.2027592,0.13346973,0.28193265,0.8122651,1.8829412,2.5987296,0.0989193,1.1111159,0.27411038,1.6129699,1.2884094,1.9811208,0.36865422,0.403117,Medullary_cords,137.0
ATGCGACAATTGGTCC-1,1,13,109,6178,22278.0,6178,4227.2334,Medium-High,5,12,4,1,4,3,1,1,3325.46613273989,0.6365141682948128,-0.11809167265892029,0.5342631934841939,0.024639397859573364,0.8971673972777068,-0.025630919262766838,0.8930523400298613,0.03302072361111641,0.8624755067650701,-0.1457611620426178,0.44215373040555506,-0.06976032257080078,0.7141381944509373,0.07417678,0.22252339,0.0,0.1293534,0.19448455,0.27294463,0.106517226,0.19931856,0.5386897,2.43117,2.8223388,0.2675459,0.37416792,0.40790305,2.1412978,0.9186174,1.8665928,0.2780897,0.2303733,B_cell_zone,0.0
ATGCGACAGTCCCATT-1,1,35,71,4552,13385.0,4552,3838.8713,Low,1,2,3,5,4,2,3,5,1223.9187064507184,0.8675632284814613,0.16314204037189484,0.38902390283663635,-0.2773303985595703,0.13787838333275487,0.036524802446365356,0.8480417371930075,-0.1781117171049118,0.3463645687073292,-0.4837937355041504,0.006755124033649515,0.024362977594137192,0.8983150800444087,0.07139686,0.0,0.12796645,0.12381291,0.052980963,0.36427432,0.2595685,0.06974501,0.56855285,2.2950234,2.8968887,0.06974501,0.3562324,0.43772805,1.9055433,1.0633022,2.3050737,0.27898005,0.62730527,Medullary_cords,0.0
ATGCGAGTCCCACCAC-1,1,48,104,5344,16445.0,5344,4099.473,Medium-Low,2,10,0,2,0,4,2,4,1627.5902432737794,1.0114042647073518,-0.23460765182971954,0.21206669326128752,0.13122548162937164,0.4894342911929723,0.20110712945461273,0.2865866982835999,-0.12577903270721436,0.5077886964585203,-0.36475324630737305,0.04749911257928253,0.21749840676784515,0.24827277232864958,0.13853587,0.0,0.2746866,0.2691185,0.0,0.0,0.31765905,0.5030011,0.78751826,2.243491,2.6731005,0.118761405,0.58705306,0.059380703,1.486637,1.1282455,2.4107375,0.23752281,0.26526093,Medullary_cords,137.92751719653333
ATGCTCAGTGTTGCAT-1,1,21,29,6247,24934.0,6247,3848.036,Medium-High,2,11,0,2,1,5,2,4,4542.800017610284,1.2424533248940002,-0.535767674446106,0.00227826909729056,0.5228731036186218,0.003031390757573939,-0.14759892225265503,0.43635765017208294,-0.36463096737861633,0.04757914022081119,-0.13603243231773376,0.47352030900433983,0.008528437465429306,0.9643241053448973,0.093323685,0.0,0.29103538,0.19459753,0.360467,0.028198875,0.03237744,0.2532577,0.44725993,2.1348274,2.5387108,0.08430706,0.5632255,0.23154768,1.2834415,0.84899706,2.5097349,0.08430706,0.3138883,Medullary_cords,138.42326394071193
ATGCTCTGGCGCGGTA-1,1,60,76,5119,14856.0,5119,4151.0083,Low,5,6,0,1,2,1,1,1,2761.2551493840624,1.2424533248940002,-0.4089561104774475,0.024837750661952866,0.22683781385421753,0.22803376560072347,0.2857944965362549,0.12577417581163447,-0.14691445231437683,0.43851153514566343,0.014072103425860405,0.9411659527308744,0.179698646068573,0.34201408096595926,0.08821228,0.0025542392,0.086424865,0.14176258,0.3294668,0.0071274885,0.34445173,0.06433692,0.7129244,2.2891703,2.7018719,0.29961345,0.6104915,0.50208205,1.7209177,1.2402194,2.234109,0.12867384,0.22791947,Medullary_cords,137.92751719653333
ATGGAAATTTAAGGAG-1,1,53,7,9168,54931.0,9168,4590.1914,High,4,7,7,4,5,0,4,7,5857.965687847616,0.9502705392332347,-0.43783804774284363,0.015528183772065409,-0.18023793399333954,0.3405432061318785,-0.07624464482069016,0.6888265476773116,-0.1721242368221283,0.3630768292214894,-0.11666391044855118,0.5392517055637531,-0.08628463000059128,0.6502852046782319,0.14978768,0.0,0.104167044,0.1602641,0.24188377,0.08945086,0.2544466,0.20016177,0.5393656,2.141852,2.6194394,0.19257905,0.38835573,0.8044785,1.7169645,0.86067474,2.1909318,0.041815337,0.271138,Medullary_cords,137.55726080436466
ATGGACTGCTTAGTTG-1,1,75,39,5420,17213.0,5420,4055.135,Medium-Low,2,4,0,2,5,0,0,3,5569.2588375833275,0.6365141682948128,-0.5049924850463867,0.004424601281515712,-0.09609125554561615,0.6134737716870193,0.042893458157777786,0.821934422666979,-0.007642810232937336,0.9680268498291867,0.0263480544090271,0.8900777421938837,0.012475904077291489,0.9478299272584155,0.03686357,0.08373344,0.16871779,0.20076114,0.266306,0.0,0.24361797,0.29704472,0.7312604,1.9056151,2.8219273,0.29788676,0.47250175,0.3942609,1.4424343,1.0115887,2.5239017,0.0,0.47352067,Medullary_cords,364.00137362378183
ATGGAGCAGGCCGTGA-1,1,36,66,4246,11643.0,4246,3786.2366,Low,2,2,5,2,0,7,2,4,1533.2713393264742,0.6931471805599453,-0.18997956812381744,0.31463607116689113,-0.005206942558288574,0.9782141737388809,0.26353004574775696,0.15939868187693434,-0.17963175475597382,0.34219679029896666,-0.14575845003128052,0.4421623144187485,0.04211616516113281,0.8251114243258892,0.14275607,0.0,0.2865991,0.41622284,0.15442199,0.0,0.0,0.36332607,0.49772573,2.1226482,2.537421,0.30998847,0.2799707,0.2024736,1.773406,1.1953763,2.7663155,0.30998847,0.103329495,Medullary_cords,137.92751719653333
ATGGATCCGGCGTCCG-1,1,19,79,6429,23013.0,6429,4300.754,Medium-High,3,5,2,7,4,2,8,2,2358.325889269759,0.6365141682948128,-0.3179763853549957,0.08682491379506722,0.12916214764118195,0.4963476809305453,-0.1416829526424408,0.4551633963590827,0.19183063507080078,0.3098557146943574,-0.0727851539850235,0.7022917816709148,-0.002947143279016018,0.9876681800460332,0.045943044,0.00065948616,0.22624493,0.31218746,0.25523385,0.0,0.15973131,0.2345328,0.7115017,1.6180158,2.518917,0.12328565,1.1400385,0.34393528,0.9998629,1.3072835,2.2268927,0.45519078,0.30346054,Medullary_cords,364.6601157242179
ATGGATTGACCAAACG-1,1,27,61,6558,23400.0,6558,4447.3003,Medium-High,0,3,4,1,1,2,1,0,2278.3794679552393,0.45056120886630463,-0.6078197956085205,0.000367089431082227,0.15100827813148499,0.4257153922405511,0.2476261854171753,0.18705843507692782,-0.1859399974346161,0.3252263433107905,0.0211439598351717,0.9116944945720543,-0.21197567880153656,0.26078297530760003,0.16968761,0.0973214,0.036509454,0.2796375,0.045679323,0.0,0.37116465,0.2365746,0.49988297,2.4162264,2.9844356,0.16617607,0.52006716,0.2810537,2.1544442,1.1981672,1.7587212,0.088958174,0.22156811,B_cell_zone,0.0
ATGGCAGCATTACGAT-1,1,64,18,1847,3157.0,1847,3062.533,Low,4,1,1,4,5,0,4,7,5737.385903004956,0.45056120886630463,-0.6152438521385193,0.0002965288660392968,-0.05875065177679062,0.7577904281332624,0.059161581099033356,0.7561469980127679,-0.013596255332231522,0.9431521842579123,-0.05955836921930313,0.7545611116864669,0.3109000027179718,0.09447602422298516,0.22547084,0.011766549,0.0,0.022932015,0.7135173,0.026313232,0.0,0.17841646,0.47577727,2.0380337,2.2974708,0.0,0.47237042,0.35683292,1.8178833,0.5700011,1.2189472,0.0,0.23788862,B_cell_zone,0.0
ATGGCAGCCGAGAAAC-1,1,33,9,7024,30584.0,7024,4227.943,High,0,7,1,4,3,6,4,0,5470.369822964441,1.0397207708399179,-0.2253488451242447,0.23118358552344928,-0.09844601899385452,0.60476580037592,-0.0001871492713689804,0.9992168763392839,-0.34887656569480896,0.058819914667450825,-0.15593795478343964,0.4105838641741669,0.024600885808467865,0.897327285198619,0.20756261,0.15414599,0.0,0.19358952,0.28441676,0.0,0.16028507,0.03536413,0.65024596,2.41109,2.8517413,0.07072826,0.5867417,0.7352664,2.1539407,0.97527117,1.7562324,0.26725256,0.13101621,B_cell_zone,0.0
ATGGCTGGAAATGGCC-1,1,9,93,6920,27341.0,6920,4359.0015,High,4,12,1,4,6,3,4,7,3490.2108818809215,1.0114042647073518,-0.34086376428604126,0.06528544288776078,-0.252372682094574,0.17847520935671168,0.12881051003932953,0.49753076349776804,0.09291534125804901,0.6253003362526134,-0.43891698122024536,0.015246497310088805,-0.39038345217704773,0.0329400632789636,0.24587184,0.0,0.2417987,0.088838026,0.42349148,0.0,0.0,0.038965512,0.4906635,2.1404586,2.8785157,0.0,0.5878353,0.6882912,2.018623,0.68784004,2.2207832,0.15586205,0.14345738,Medullary_cords,0.0
ATGGGAACGGAAGCGG-1,1,4,88,5650,17829.0,5650,4276.171,Medium-Low,5,12,7,1,6,3,1,1,4072.012278959876,1.3296613488547582,0.15714974701404572,0.4069111247429415,0.1047455221414566,0.5817324536993144,-0.43739524483680725,0.015645035575593026,0.3948405683040619,0.03082372118510462,-0.08671022951602936,0.6486699406361122,-0.2401924431324005,0.20107294753752986,0.22499605,0.003948802,0.10943194,0.14707696,0.28122732,0.0,0.23331898,0.16702044,0.5997535,2.3789554,2.8899608,0.111313075,0.7645473,0.7130974,2.0371287,1.005194,1.9770215,0.29937547,0.07420872,B_cell_zone,0.0
ATGGGACCTGCTGAAC-1,1,61,31,6263,19552.0,6263,4486.3823,Medium-Low,3,1,0,3,5,0,0,3,4794.592162009194,1.3296613488547582,-0.3917643129825592,0.032272199200560896,-0.06642751395702362,0.7272664985884777,-0.4768454134464264,0.007716512913517783,-0.23117460310459137,0.21902473412740822,-0.0018174313008785248,0.9923950903595463,0.18459594249725342,0.32879797416305373,0.036148414,0.08263345,0.23188639,0.30146345,0.11065702,0.0,0.2372113,0.34894824,0.67255557,2.116063,2.8221402,0.294135,0.70871824,0.2841304,1.552129,1.289167,2.1451516,0.4390396,0.34127194,Medullary_cords,238.90793205751876
ATGGGCCTCGGCCTCT-1,1,45,91,5470,16165.0,5470,4314.229,Medium-Low,5,10,4,1,0,4,1,1,863.6694969720767,1.3296613488547582,-0.12190113216638565,0.5210619417522805,0.018116336315870285,0.9243001046349681,0.15205200016498566,0.4224863080000151,-0.025770682841539383,0.8924725032006947,-0.13888780772686005,0.4641962910159253,0.12025519460439682,0.5267462120152628,0.076067284,0.00067871244,0.10105878,0.13449025,0.15788153,0.21442439,0.31539902,0.4231956,0.777501,2.0455394,2.9140337,0.31176203,0.6436056,0.3819012,1.8205636,1.1464539,2.101412,0.0,0.42204386,Medullary_cords,0.0
ATGGGTGTATACCTCC-1,1,64,24,5463,16401.0,5463,4241.308,Medium-Low,3,1,2,0,5,0,5,6,5395.185724328681,0.0,-0.40091070532798767,0.028120231630898093,0.08082759380340576,0.67113165363146,-0.12507963180541992,0.5101701334871954,-0.24520732462406158,0.19154158664498902,-0.08609635382890701,0.6510002594641969,0.01085437461733818,0.9546031845004522,0.0037284126,0.10127886,0.13660657,0.42890805,0.3027674,0.023790732,0.0029199542,0.34042376,0.93745494,1.4781842,2.5984025,0.2975517,0.6756816,0.49210078,0.92485166,1.2986205,1.9284528,0.11902067,0.25268346,Medullary_cords,413.0012106519786
ATGGTATTGGGAACCG-1,1,73,61,5072,14118.0,5072,4187.18,Low,3,4,0,0,2,1,5,6,4585.83830940429,0.45056120886630463,-0.25186675786972046,0.17937665804875164,-0.25639796257019043,0.17141635597387994,0.023963572457432747,0.8999737442977735,0.12892606854438782,0.4971418111128647,-0.2085619419813156,0.2687183538931456,0.17279289662837982,0.36118717779225484,0.059219126,0.20522152,0.15944596,0.26651797,0.030606749,0.0,0.27898863,0.3600561,0.7017498,1.8586636,2.8535001,0.37805074,0.3630208,0.20936564,1.2185649,1.242684,2.0701349,0.13387696,0.17850262,Medullary_cords,495.9858868959882
ATGGTATTTACTGATT-1,1,69,13,5686,19968.0,5686,4017.1716,Medium-Low,1,1,3,5,5,0,3,5,6359.7792414517035,0.410116318288409,-0.1156027540564537,0.5429735494289983,0.11492370069026947,0.5453615532868578,-0.12441961467266083,0.5124225228440884,-0.24762415885925293,0.18706216019723493,-0.24374790489673615,0.19428234392295735,0.07152552157640457,0.707216872624436,0.022572597,0.13410091,0.092558175,0.15422991,0.19194533,0.0,0.4045931,0.2521165,0.62267274,2.1434193,2.8397553,0.086743526,0.32570335,0.101499796,1.2540628,0.81829184,2.3129938,0.20299959,0.47148842,Medullary_cords,138.92443989449805
ATGGTCGCGTGGTTTC-1,1,45,85,6219,21062.0,6219,4456.211,Medium-High,4,10,7,4,0,4,4,7,863.444844793227,0.0,-0.18320541083812714,0.33251829784387,0.19842134416103363,0.29320572059692535,0.028132803738117218,0.8826812290352811,-0.15941841900348663,0.40008520473368964,-0.2842894494533539,0.1278671594533531,0.16528481245040894,0.3827392480902989,0.2814536,0.15023658,0.17349516,0.20934151,0.0,0.0,0.1854732,0.09713633,0.36983976,2.349408,2.9428682,0.09713633,0.53506035,0.43877113,2.2526393,1.0207119,1.9924266,0.09713633,0.14760432,B_cell_zone,0.0
ATGGTGCTCAAAGCCA-1,1,1,57,7311,33577.0,7311,4296.691,High,3,8,7,0,6,5,5,6,4917.947946044163,1.4941751382893085,-0.4264048635959625,0.018788122671090132,-0.004407965578138828,0.9815564762233369,0.1428905427455902,0.45129005453591964,0.13973188400268555,0.46145864875819026,-0.2316250056028366,0.21810314462352073,0.07435175776481628,0.6961829181352682,0.10814597,0.09291271,0.33785138,0.2641867,0.17871517,0.0,0.01818796,0.19329405,0.6124695,1.7811363,2.8406377,0.2078205,0.46361968,0.5796862,1.2552528,0.9042351,1.9877527,0.24716993,0.16477996,Medullary_cords,137.00364958642524
ATGGTTACGAAACATG-1,1,6,116,7606,34240.0,7606,4356.1494,High,1,12,4,6,4,3,3,5,4289.672831347398,0.0,0.32458218932151794,0.08011799908052686,0.2363019436597824,0.2086889904873627,-0.22189772129058838,0.2385961318310306,-0.14595580101013184,0.44153789781546077,-0.22281649708747864,0.23660742880464677,-0.02677537128329277,0.8883059713410348,0.078510836,0.07364843,0.061413564,0.101692274,0.0592337,0.31439742,0.3111038,0.19283107,0.689593,2.2065434,2.9158316,0.25340182,0.45847803,0.5741368,1.7329049,0.9867178,2.067542,0.0,0.65097314,Medullary_cords,137.0
ATGTAAGGCTGCTCTT-1,1,32,112,6653,23081.0,6653,4474.4233,Medium-High,5,0,0,1,0,4,1,1,1801.96698082956,0.8675632284814613,-0.4049627184867859,0.0264254778097177,-0.41747018694877625,0.021712488511238744,0.02502969466149807,0.8955472517448149,0.03840650990605354,0.8403102633997388,-0.25383684039115906,0.1758843554773135,0.17768439650535583,0.3475417138684433,0.116434954,0.08995174,0.05748827,0.37971446,0.21019995,0.025379235,0.120831385,0.43750644,0.85706484,2.0549908,2.718687,0.21566357,0.5432528,0.17997468,1.7368338,1.1861539,1.8474282,0.08998734,0.47964457,Medullary_cords,137.00364958642524
ATGTACATGCGGTGAG-1,1,64,112,5372,17090.0,5372,4018.1182,Medium-Low,1,13,5,5,7,1,3,5,3526.176541241235,0.6931471805599453,-0.10506260395050049,0.5805834072210383,0.10432223230600357,0.5832679425267343,0.2668493688106537,0.15401601137089924,0.12535709142684937,0.5092247323153816,-0.41025447845458984,0.024338678415823645,0.2605302929878235,0.16437765416394648,0.04150912,0.0031110228,0.17424512,0.061082516,0.3737397,0.16321713,0.1830954,0.15444729,0.5358827,2.1598713,2.46388,0.15444729,0.68638974,0.45390767,1.6677965,0.6783751,2.958487,0.74866664,0.6003099,Medullary_cords,363.6756796927724
ATGTACGATGACGTCG-1,1,66,64,6273,25605.0,6273,3797.0808,High,2,4,0,2,2,1,2,4,3738.8367174831264,0.8675632284814613,-0.08292576670646667,0.6630870266327663,0.16751942038536072,0.37624832336164293,-0.18315143883228302,0.33266321425774537,0.039861761033535004,0.8343409256783617,-0.07090414315462112,0.7096507142315138,0.3596964478492737,0.05089902216752194,0.056298684,0.0023830628,0.33812943,0.16707799,0.15858644,0.0,0.27752432,0.36296582,0.5666687,2.0101316,2.6244955,0.23701818,0.46197402,0.18553104,1.1852653,0.9842812,3.1205964,0.22674608,0.5297044,Medullary_cords,238.76766950322232
ATGTAGCGCGCGTAGG-1,1,68,72,4230,11792.0,4230,3748.4666,Low,2,6,5,2,2,1,2,4,3758.1484803025014,0.45056120886630463,0.4550516903400421,0.01151585810470869,-0.013888344168663025,0.9419329395766851,-0.1857239156961441,0.3257989335724458,0.049718018621206284,0.79416433654998,-0.29793307185173035,0.10980658440699641,0.14670944213867188,0.43915778185095533,0.09218216,0.0026248924,0.3746089,0.117008045,0.19789079,0.0,0.2156852,0.20073935,0.43482548,2.1139474,2.7939696,0.076765195,0.435665,0.15816045,1.1012322,0.66222346,2.5721064,0.3163209,0.37617952,Medullary_cords,276.4814641164937
ATGTCATAATAAACGA-1,1,77,63,5462,18050.0,5462,4052.472,Medium-Low,5,4,3,1,2,1,1,1,4978.519559065727,1.0397207708399179,-0.23264774680137634,0.21602025830061525,-0.3644088804721832,0.047724762880943086,-0.3164084851741791,0.08847794488352959,0.1701415330171585,0.36871429212047596,0.03856940567493439,0.8396416384663761,0.2767135202884674,0.1387925956538469,0.12040901,0.17958243,0.11963068,0.19252616,0.13540073,0.0,0.25245103,0.2562403,0.7016059,2.223107,2.8239138,0.35176963,0.2966618,0.39311364,1.8016977,0.8030914,2.0851905,0.11021567,0.41178334,Medullary_cords,137.0
ATGTCTTGTTTGACTC-1,1,74,34,5312,15886.0,5312,4140.959,Low,3,4,2,0,5,0,5,6,5693.231946794369,0.6365141682948128,-0.40156757831573486,0.02783963777444216,-0.08538420498371124,0.6537076744002316,-0.2600271999835968,0.16522340388760567,0.019816899672150612,0.9172173469434344,-0.12242171913385391,0.5192703236736383,0.33412161469459534,0.07114356158323583,0.06614898,0.0,0.0852781,0.2985872,0.28295597,0.0,0.26702973,0.37387216,0.82165295,1.8422841,2.5616524,0.28498966,0.69289637,0.2647839,1.3100904,1.3477623,2.31765,0.24415636,0.5708167,Medullary_cords,238.90793205751876
ATGTGAAAGCCTAATG-1,1,46,22,7094,30870.0,7094,4123.017,High,2,7,5,2,3,6,2,4,4643.444949603689,0.45056120886630463,-0.20420190691947937,0.27907897339032234,-0.06902916729450226,0.7170116055652694,0.01470153033733368,0.9385392030052633,-0.1932934671640396,0.30611022571932944,0.21553495526313782,0.25267410798315343,-0.08934694528579712,0.6386979281371234,0.07007345,0.061294455,0.37844053,0.17207582,0.19725437,0.0,0.12086134,0.32749453,0.5606961,2.1545584,2.6336956,0.37184274,0.83601534,0.39242616,1.3757681,1.0140846,2.8613608,0.34007147,0.29844528,Medullary_cords,364.6601157242179
ATGTGCATCCGACGCA-1,1,23,57,5718,17931.0,5718,4328.1494,Medium-Low,5,3,4,1,1,2,1,1,2789.036572008334,0.6365141682948128,-0.07803498208522797,0.681894210466111,-0.019821034744381905,0.9172001319325223,0.4652949869632721,0.009570557463270474,0.27266743779182434,0.14489850786011554,-0.12763740122318268,0.5014879215386292,-0.132846862077713,0.48403630737497993,0.21444267,0.33502623,0.14931701,0.0,0.08371989,0.038585443,0.17890878,0.18731676,0.40499416,2.4447663,2.998438,0.20446491,0.7876523,0.14906165,2.181093,0.7849194,1.84514,0.110806525,0.38549078,B_cell_zone,0.0
ATGTGGACATCTTGAT-1,1,47,71,4350,11705.0,4350,3855.5217,Low,2,2,5,2,0,7,2,4,1590.7388220572225,0.0,-0.21648523211479187,0.25053756337839667,-0.057559505105018616,0.7625600095910543,0.017189012840390205,0.9281647844037477,-0.03826823830604553,0.8408779010144967,-0.03242133557796478,0.8649489510979907,0.17155849933624268,0.3646801773961024,0.09249551,0.0,0.22494733,0.16369268,0.24891251,0.26949903,0.00045297787,0.32010636,0.6106263,2.1654925,2.7285595,0.27897206,0.38748023,0.38748023,1.5175949,1.0443928,3.039856,0.15440132,0.26902854,Medullary_cords,239.00209204105306
ATGTGTAGTTTAGTCA-1,1,5,59,5691,17821.0,5691,4342.7007,Medium-Low,4,8,1,4,6,5,4,7,4428.401517477836,1.0114042647073518,-0.016939247027039528,0.929205976873888,-0.085118368268013,0.6547194279182968,0.09177517890930176,0.6295686505071675,-0.03416337072849274,0.8577637885839925,-0.2525041103363037,0.17824155458197022,-0.05482587218284607,0.7735380198548664,0.2290874,0.0,0.054785375,0.24355909,0.42404285,0.0,0.048525233,0.05568426,0.54815257,2.3601665,2.6178374,0.0,0.4785959,0.8251389,1.9456065,0.96157867,2.371109,0.0,0.16453215,Medullary_cords,0.0
ATGTTACGAGCAATAC-1,1,15,29,7032,27776.0,7032,4368.451,High,3,11,2,0,1,5,5,6,4907.509449812604,0.8675632284814613,-0.5777372717857361,0.0008279817902017493,-0.27104997634887695,0.14739302383496708,-0.07666938006877899,0.6871796751539992,0.12863953411579132,0.4981065233122518,-0.3014184236526489,0.10551476106487581,0.26397228240966797,0.15867388291978488,0.09430188,0.0013401348,0.15398225,0.4494575,0.29018447,0.010733832,0.0,0.30168873,0.9996762,1.7972915,2.63367,0.26526272,0.47592783,0.27085537,1.364524,1.3650578,2.1769068,0.23063338,0.2320406,Medullary_cords,238.40302011509837
ATGTTCGTCGACCCAC-1,1,34,14,6049,20418.0,6049,4260.439,Medium-High,5,7,3,1,3,6,1,1,5116.266314413276,1.0114042647073518,-0.39366042613983154,0.03137303385470116,-0.18496471643447876,0.32781562746204873,0.22679030895233154,0.22813381067173172,-0.08978193253278732,0.6370586733814994,-0.4112814664840698,0.023949763018788886,-0.08307896554470062,0.6625010682112429,0.16544576,0.0,0.037803084,0.20976736,0.22536138,0.25212952,0.10949299,0.1351946,0.42704234,2.3741546,2.938079,0.18502584,0.76457024,0.3838102,1.7397404,1.0047464,2.2448835,0.0,0.5200561,Medullary_cords,138.0
ATGTTGATTAGAGACT-1,1,68,92,5554,18185.0,5554,4065.6567,Medium-Low,1,6,3,5,2,1,3,5,3604.206570106658,1.0114042647073518,0.30765536427497864,0.0981503300274045,-0.23566332459449768,0.20995777252298384,0.08848406374454498,0.6419546453724891,0.05439458414912224,0.7752740090477268,-0.341716468334198,0.06457216101131129,0.04031722992658615,0.8324744608670026,0.032121,0.0,0.10630992,0.035166036,0.32065308,0.14294998,0.36279997,0.36304775,0.41730142,2.2341309,2.6381216,0.16432232,0.25705302,0.45933193,1.5339577,0.46354365,2.609176,0.21909642,0.5127854,Medullary_cords,240.0
ATGTTGTAGTCTGTTT-1,1,65,47,5719,17401.0,5719,4264.876,Medium-Low,3,4,2,0,2,0,0,6,4292.164605417644,0.45056120886630463,-0.1815899759531021,0.3368724677423181,-0.0659489780664444,0.729157834353783,0.34725895524024963,0.06008291597972063,-0.13345330953598022,0.4820251648168933,0.02363711968064308,0.9013297564025111,-0.1816338300704956,0.33675380981893854,0.03419278,0.0,0.21757779,0.13351719,0.150438,0.32703525,0.137239,0.15240917,0.6809547,1.7284292,2.6637363,0.2270364,0.2387872,0.30481833,1.1380773,1.207501,2.375172,0.19130012,0.40642443,Medullary_cords,238.76766950322232
ATGTTTGTAAGATCAT-1,1,2,104,5276,16777.0,5276,4058.6863,Medium-Low,5,12,3,5,6,3,3,1,4449.817636712768,0.0,0.22179503738880157,0.2388190831102825,0.35340338945388794,0.055395946836800596,-0.26424312591552734,0.1582311527939184,-0.074063740670681,0.6973046374311557,-0.1139390841126442,0.5488328461150738,0.12122282385826111,0.5234008678993187,0.07595751,0.22336437,0.07339722,0.33481485,0.29144293,0.0010231548,0.0,0.33903056,0.6048244,2.1483936,2.8516893,0.3035245,0.73108894,0.34802198,1.8817667,1.1484287,2.2500913,0.0,0.4389911,Medullary_cords,0.0
ATTAAACATGCGGACC-1,1,43,59,4743,13106.0,4743,4053.1216,Low,2,9,0,0,3,7,0,3,2084.428218960778,1.0114042647073518,-0.283485472202301,0.12899563839580447,-0.012192917987704277,0.9490117390331805,-0.00017913896590471268,0.9992503953474483,0.22632145881652832,0.22912279176968925,-0.16057227551937103,0.3966386351922213,0.30161452293395996,0.10527708021789718,0.07788897,0.0019658639,0.16465561,0.27452245,0.17767866,0.3032884,0.0,0.37266898,0.74772894,2.1932616,2.6815453,0.39938617,0.4611627,0.14177206,1.4162312,1.2951924,2.4387617,0.14177206,0.67122275,Medullary_cords,138.0
ATTAATACTACGCGGG-1,1,22,66,5024,14698.0,5024,4116.165,Low,5,3,0,2,4,2,0,1,2441.946969121156,1.5607104090414063,-0.596045732498169,0.0005095415771605665,-0.17169612646102905,0.3642897460623533,0.32499128580093384,0.07971611727995528,0.03465057164430618,0.8557562562751425,-0.13226318359375,0.4859759962493255,0.0779033899307251,0.6824028913605449,0.15989876,0.0,0.13678291,0.25677285,0.43615764,0.01038791,0.0,0.12977338,0.5099691,2.392903,2.732633,0.06488669,0.9759177,0.3669328,1.7601563,1.034832,2.522377,0.0,0.25954676,Medullary_cords,138.00362314084367
ATTAATGAACCAGTCG-1,1,23,79,6052,20101.0,6052,4258.8438,Medium-Low,2,3,0,3,4,2,6,3,1900.368648446927,0.6365141682948128,-0.25991809368133545,0.16540723020071305,0.0975276529788971,0.6081557081597693,-0.21721497178077698,0.248904977655739,0.021135032176971436,0.9117316358004746,-0.006926998496055603,0.9710200875812783,-0.10786160826683044,0.5704842089813056,0.07016695,0.12924163,0.25015825,0.069007754,0.025159828,0.00689156,0.44937396,0.4516378,0.434503,2.2934268,2.7189722,0.23774979,0.7168294,0.3712521,1.5765184,0.9606265,2.5636537,0.20189443,0.52792853,Medullary_cords,138.42326394071193
ATTAATTCGGTCACTC-1,1,14,66,5778,17280.0,5778,4426.8657,Medium-Low,0,5,7,4,6,3,4,0,3249.0124653500484,1.0114042647073518,-0.2671279311180115,0.15357030466982957,-0.07483924925327301,0.6942857521571469,-0.14609438180923462,0.4410997149349396,-0.26064619421958923,0.16418325017185134,0.018226437270641327,0.9238413623283206,-0.19939970970153809,0.29078343809772506,0.20774688,0.0,0.07847127,0.2661059,0.39330843,0.04130443,0.013063133,0.12581721,0.4452771,2.2508516,2.8730488,0.0,0.66538584,0.43725407,1.9590927,0.83312607,1.9481027,0.114151016,0.3324031,B_cell_zone,0.0
ATTACAACTACCGGCC-1,1,11,87,6972,29635.0,6972,4236.7227,High,3,5,2,7,6,3,8,2,3234.892888489509,0.0,-0.6253311038017273,0.0002199489097738896,-0.008455193601548672,0.9646303061826955,-0.21162286400794983,0.26159593088117233,0.03644160181283951,0.8483839128913346,-0.2600035071372986,0.16526331010886045,0.07409932464361191,0.697166017190128,0.04891073,0.0,0.071023814,0.3985678,0.21176884,0.16579331,0.10393544,0.2107892,0.9539693,1.4964247,2.470782,0.14538676,1.349263,0.5412492,1.072745,1.4271319,1.8549873,0.07269338,0.37373963,Medullary_cords,276.84652788142387
ATTACATGTCAGTCTT-1,1,50,108,5373,17243.0,5373,3990.6292,Medium-Low,2,10,0,2,0,4,2,4,1990.8583575935281,0.0,-0.0708235576748848,0.7099665607292326,0.3467918038368225,0.06045158550209423,0.07385358214378357,0.6981235216000444,-0.10915987193584442,0.5658269233858155,-0.29902592301368713,0.10844706577658254,0.2082366645336151,0.2694825634613977,0.027589532,0.0012371378,0.22270668,0.21921572,0.041251082,0.17452842,0.3134714,0.18316108,0.7562722,2.1451468,2.5269368,0.35468245,0.41776597,0.11434759,1.2995818,1.376142,2.6544142,0.30686203,0.7076074,Medullary_cords,414.40318531594323
ATTACGCGCTGGCAGG-1,1,40,30,4410,13470.0,4410,3757.506,Low,1,7,3,5,3,6,3,5,3999.820495972288,1.0114042647073518,-0.3148246109485626,0.09017204818597918,0.12243056297302246,0.519239913285202,-0.07712408900260925,0.6854181364515123,0.0060762688517570496,0.9745779965804263,-0.27430233359336853,0.14240831226969658,0.26003801822662354,0.16520518483606778,0.13806075,0.0,0.103476636,0.36374134,0.3202213,0.0,0.074499905,0.28145877,0.9534835,1.9828515,2.8459966,0.4357679,0.46080932,0.29695338,1.4351196,1.3000786,2.3750608,0.22754613,0.15169743,Medullary_cords,138.42326394071193
ATTACTAGCCTCTTGC-1,1,18,44,5832,17958.0,5832,4335.116,Medium-Low,3,11,2,0,1,5,5,6,3861.0490802371314,0.45056120886630463,-0.14612972736358643,0.4409879924501955,-0.19148701429367065,0.310739665173906,-0.29209980368614197,0.11727936671114178,0.2746436893939972,0.1418923185515028,0.11634789407253265,0.5403588202512473,0.08175446838140488,0.6675734554017057,0.017256457,0.09201785,0.14942169,0.34904382,0.19704333,0.011150245,0.18406656,0.32272983,0.9511278,1.7455543,2.3728547,0.2716753,0.6476517,0.2042225,1.112011,1.4918078,2.0153892,0.11066692,0.3622337,Medullary_cords,365.57078657901536
ATTACTTACTGGGCAT-1,1,22,100,7185,27458.0,7185,4515.1284,High,1,0,3,6,4,2,7,5,2086.721831006711,0.0,0.02233251929283142,0.9067514565282649,-0.34122493863105774,0.06498257686336868,0.017810728400945663,0.9255735628145821,-0.04669114947319031,0.8064527966460692,-0.07287414371967316,0.7019442806269724,0.05798942968249321,0.7608375152904018,0.027475929,0.00022091772,0.0010086107,0.03482159,0.2781433,0.16051324,0.49781644,0.37932536,0.6248706,2.1383603,2.8766437,0.18486504,0.604322,0.32680255,1.6338744,0.81082857,1.9055885,0.32140467,0.584644,Medullary_cords,276.3494165001982
ATTAGATTCCTCAGCA-1,1,25,105,6418,22871.0,6418,4305.969,Medium-High,5,0,4,1,4,2,1,1,1948.2014782870892,1.0986122886681096,-0.368021160364151,0.0453996935638579,0.027503393590450287,0.8852886138505656,-0.20534121990203857,0.2763472213461175,-0.17920860648155212,0.3433539594683174,-0.36315253376960754,0.048555229065036724,0.23804403841495514,0.20525460462375683,0.09669338,0.001409196,0.074115634,0.23071648,0.19043818,0.004179877,0.40244734,0.16922688,0.66293806,2.0289946,2.858599,0.37165523,0.47193328,0.34097403,1.5908214,1.1757438,2.064931,0.090683594,0.43753457,Medullary_cords,137.0
ATTAGATTGATAGCGG-1,1,19,49,6624,23427.0,6624,4425.3667,Medium-High,3,3,2,0,1,5,5,6,3519.1562909311087,0.0,-0.3218359351158142,0.08285622422982258,0.003357255831360817,0.985952291186763,-0.048311877995729446,0.7998671599494974,0.10497082024812698,0.5809159112230887,-0.08410681784152985,0.6585747786799088,0.3192339837551117,0.0855161462586609,0.06467325,0.0,0.23028505,0.52867836,0.1657196,0.010643723,0.0,0.32326207,1.0234553,1.6701419,2.6781979,0.21047378,0.6507502,0.21047378,0.98917973,1.4319967,2.2203324,0.0,0.37382317,Medullary_cords,238.76766950322232
ATTAGGCGATGCTTTC-1,1,37,71,3692,9928.0,3692,3597.151,Low,1,2,5,5,0,2,3,5,1175.8354476711443,1.0114042647073518,0.18859677016735077,0.3182368613953855,-0.4534766972064972,0.01184249371259308,-0.010294569656252861,0.9569422776553433,-0.4066994786262512,0.025725074355393264,-0.49733299016952515,0.005171271455273457,-0.026094863191246986,0.8911277866113784,0.07065848,0.0,0.14988278,0.25097892,0.36183766,0.0,0.16664213,0.22504,0.6321391,2.0460453,2.8795986,0.31214216,0.31214216,0.31214216,1.566262,1.2476487,2.6019783,0.34840864,0.116136216,Medullary_cords,138.00362314084367
ATTATACTTTGCTCGT-1,1,18,78,5040,13805.0,5040,4249.1143,Low,3,5,2,7,4,3,8,2,2492.5633392152745,0.45056120886630463,-0.20993418991565704,0.2655098794544575,0.09088917076587677,0.6328936157881767,-0.22101090848445892,0.24052619538931616,0.16336525976657867,0.3883664547813012,-0.10067460685968399,0.5965730798731346,0.047016847878694534,0.8051283027519848,0.08142568,0.0,0.16005732,0.33777174,0.09746748,0.0,0.32327777,0.14433965,0.6413357,1.9358959,2.462634,0.4039498,1.0928261,0.5725584,1.2919022,1.3981532,2.3989425,0.2724324,0.0908108,Medullary_cords,364.6601157242179
ATTATAGCTACTTTAC-1,1,33,115,6543,23534.0,6543,4310.78,Medium-High,2,0,0,2,0,4,0,3,1952.4492310941148,1.2424533248940002,-0.2536641061306,0.1761886247446383,-0.27171146869659424,0.1463691205624836,0.07802871614694595,0.6819184288980099,-0.05261720344424248,0.7824393165082766,-0.2011040449142456,0.2865942448631218,0.07149472832679749,0.7073374185846703,0.16113356,0.097118646,0.13695289,0.15273395,0.29111895,0.0,0.16094202,0.29388937,0.5476142,2.2626677,2.6717587,0.121159256,0.67474985,0.4732732,1.6842363,0.91474175,2.400531,0.0,0.19600958,Medullary_cords,138.42326394071193
ATTATCGGAATGTACG-1,1,69,57,6415,23720.0,6415,4198.502,Medium-High,1,4,0,3,2,1,6,3,4283.291491365023,0.6931471805599453,-0.26753756403923035,0.15291656643641027,-0.16439560055732727,0.38534009332052777,-0.13258062303066254,0.4849205842123711,-0.039690807461738586,0.8350417042282299,0.13516809046268463,0.47636181814090334,0.06284133344888687,0.7414777880859995,0.011655553,0.045411132,0.18917452,0.06029271,0.041716795,0.19564886,0.45610043,0.46328935,0.3917966,2.1950047,2.7844343,0.19995838,0.4424314,0.2083506,1.4317644,0.82895416,2.3345106,0.9249489,0.7130539,Medullary_cords,480.0010416655364
ATTATCTCGACAGATC-1,1,7,61,6267,21993.0,6267,4317.949,Medium-High,5,5,4,1,6,3,1,1,4151.5000903287955,1.3296613488547582,0.27283790707588196,0.14463739492122019,-0.004670754075050354,0.9804571356636654,-0.053657736629247665,0.7782423676872882,-0.0031460747122764587,0.9868358544314778,-0.2288971096277237,0.22372527502286368,0.06886324286460876,0.7176642110370801,0.19868413,0.0047968333,0.11604379,0.1889623,0.15203588,0.3156688,0.023808245,0.2232354,0.4475452,2.3352995,2.75421,0.093698226,0.4971899,0.39778093,1.951922,0.997486,1.8027394,0.16169468,0.3932594,B_cell_zone,0.0
ATTATGAGACCCAATT-1,1,66,12,6863,28625.0,6863,4293.7603,High,0,1,1,4,5,0,4,0,6214.2109716359,1.0114042647073518,0.3947545289993286,0.03086350379561184,0.290254145860672,0.11972056054212624,0.0745050385594368,0.6955862023830147,0.10562019795179367,0.578565229705834,-0.007226273417472839,0.9697685905866568,0.33635851740837097,0.06915650943362871,0.25579035,0.0,0.13113682,0.2851867,0.32788613,0.0,0.0,0.1699262,0.6097121,2.1787987,2.8656003,0.1645239,0.29159313,0.61380595,2.1540887,0.8257497,2.2387292,0.074909344,0.11948609,Medullary_cords,0.0
ATTATGCCATAGGGAG-1,1,21,53,6108,19358.0,6108,4416.9194,Medium-Low,5,3,4,1,1,2,1,1,3154.0919453941096,1.3296613488547582,-0.24930207431316376,0.18399560088015943,0.019190555438399315,0.9198253441141926,0.20928755402565002,0.2670186681099392,0.10893940925598145,0.5666165753916763,0.12481778860092163,0.5110631193139736,0.0168310459703207,0.929657067566526,0.10149447,0.0009304242,0.019903613,0.24340147,0.3130755,0.021274459,0.2999201,0.2211141,0.7401123,2.4560013,2.972045,0.0,0.8101232,0.29692885,2.2264423,1.2874539,2.0266402,0.10411483,0.42327806,B_cell_zone,0.0
ATTATTATGTCCGTCA-1,1,59,37,4880,13789.0,4880,4107.0693,Low,5,1,4,1,5,0,1,1,4318.40155613162,1.0114042647073518,-0.15503832697868347,0.41332248034863817,-0.056467458605766296,0.7669402809607815,-0.39886119961738586,0.02901054650112141,0.001785187516361475,0.9925300083802877,-0.28828954696655273,0.12236018878403826,0.07404806464910507,0.6973657076704256,0.19541846,0.14806795,0.19867331,0.030558625,0.0,0.41406104,0.013220605,0.06816901,0.4716034,2.3989964,2.964079,0.18020204,0.79688156,0.34084505,2.2327702,0.76837885,2.1759217,0.13633803,0.4652613,B_cell_zone,0.0
ATTATTCAGAGTCACT-1,1,67,97,5241,16843.0,5241,3978.716,Medium-Low,1,6,5,5,2,1,3,5,3528.3378523038295,0.0,0.2911842167377472,0.11848572651347512,-0.0038256943225860596,0.9839924453218605,-0.27386975288391113,0.1430641558499337,0.08746381103992462,0.6458137296061285,-0.5546331405639648,0.0014692677609317894,0.12586519122123718,0.5074957116143948,0.0,0.0,0.102434,0.11742832,0.22383828,0.29346117,0.26283818,0.24798739,0.5145455,1.8564901,2.5272427,0.116517484,0.2443758,0.30263454,1.3264717,0.8845542,2.6115882,0.0,1.0919521,Medullary_cords,364.00137362378183
ATTCAACCATTTAAGG-1,1,58,100,5637,16718.0,5637,4346.063,Medium-Low,1,10,5,3,0,1,6,3,2534.4545764325703,0.9556998911125343,0.2140050232410431,0.2561390570876253,0.2718285322189331,0.1461884586049268,-0.10536079853773117,0.579503722360742,0.11417146772146225,0.5480126428347291,0.43008866906166077,0.01768117342822021,0.05458545312285423,0.7745056056476267,0.0,0.0005280042,0.09378339,0.12680909,0.20679863,0.24351457,0.3285663,0.343157,0.40128022,1.7933197,2.8347566,0.17581931,0.4122558,0.4026224,1.3786093,1.0288057,2.084752,0.45360613,0.6677531,Medullary_cords,365.0986168146902
ATTCACTGATGTTGGA-1,1,56,68,4686,12014.0,4686,4135.455,Low,5,2,0,1,2,7,1,3,2558.3668618867,1.0114042647073518,0.16899541020393372,0.37199642761896345,0.17805764079093933,0.3465134005793666,-0.03896386921405792,0.838022970247903,0.19890262186527252,0.2920125563508445,-0.08161897957324982,0.6680931478393679,-0.07623700052499771,0.6888562005451727,0.065101005,0.00045758978,0.08807696,0.07685525,0.0069759535,0.3964018,0.3661315,0.32074362,0.41969293,2.2212958,2.8365035,0.19822454,0.5818396,0.34963548,1.6301113,1.0119127,2.1345422,0.15141094,0.36524004,Medullary_cords,137.00364958642524
ATTCAGATGAATCCCT-1,1,1,111,4522,13398.0,4522,3845.933,Low,5,12,3,5,6,3,3,5,4705.693785192572,0.0,0.4482898712158203,0.012973560344017265,0.3165517747402191,0.08832588742034153,-0.29503804445266724,0.11346952379909814,-0.16082975268363953,0.3958718693002891,-0.321439653635025,0.08325719194327579,0.047785695642232895,0.8020037879381866,0.14271823,0.0011971268,0.25215298,0.06987265,0.20519331,0.0,0.3288658,0.13939425,0.44036052,2.2756534,2.8528123,0.2787885,0.919206,0.5658084,1.7710637,0.7145031,2.4219685,0.22835882,0.43102774,Medullary_cords,137.55726080436466
ATTCAGGACCTATTTC-1,1,20,98,6629,27375.0,6629,3964.2478,High,2,0,3,2,4,2,2,3,2262.5512148899525,0.6365141682948128,-0.06711655855178833,0.7245459206853723,-0.17217478156089783,0.3629337843818303,0.18096664547920227,0.33856178582235713,0.19645442068576813,0.2981141339892067,-0.0184067003428936,0.9230903370588928,-0.0737992450594902,0.6983353005333045,0.07975342,0.11273464,0.117637664,0.23755544,0.36284918,0.0,0.089469634,0.11258048,0.52511334,2.1242433,2.765379,0.1853225,0.481358,0.3448383,1.532944,1.0276281,2.5595186,0.077842966,0.35804656,Medullary_cords,479.00417534714666
ATTCAGGATCGCCTCT-1,1,1,87,6182,22017.0,6182,4216.554,Medium-High,1,12,3,6,6,3,7,5,4431.704186878903,0.9002560512685369,0.08489951491355896,0.6555528166692755,-0.23752962052822113,0.2062646674072567,-0.30861493945121765,0.09705263305611289,0.05459180474281311,0.774480038778349,-0.16882802546024323,0.37247719330829576,-0.03175591677427292,0.8676963438339874,0.059338897,0.0,0.08910911,0.18382293,0.4307789,0.0,0.23695019,0.17625572,0.54917794,1.974107,2.8717031,0.14041954,0.7518222,0.3019844,1.2568111,1.0432199,2.371427,0.0,0.45670384,Medullary_cords,275.98007174431996
ATTCAGTAGCAGGGTC-1,1,27,25,5571,16591.0,5571,4284.256,Medium-Low,3,11,0,3,1,6,0,3,4532.532294424387,1.2424533248940002,-0.1387552171945572,0.46462710484393815,-0.10614445060491562,0.5766705771708233,-0.10429535061120987,0.5833655164688388,-0.39981722831726074,0.028592432491048793,-0.4746973216533661,0.008036203343461714,0.20361129939556122,0.2805018914432598,0.077660985,0.0,0.1178236,0.37779263,0.16437708,0.0,0.26234573,0.5071213,0.76322055,1.9816526,3.0044777,0.38924652,0.65865636,0.41454932,1.2697985,1.3332238,1.9863671,0.0,0.25072014,Medullary_cords,138.42326394071193
ATTCATATACTGTCCA-1,1,46,60,4118,9490.0,4118,4074.9302,Low,3,2,0,0,0,7,0,3,2152.4390816002206,0.6365141682948128,-0.2738402485847473,0.14310896751564886,-0.13773943483829498,0.467934554876899,0.0900808572769165,0.6359331437361231,-0.16562870144844055,0.3817361447998083,0.11576686054468155,0.5423971813957337,-0.06766875833272934,0.722368020811459,0.0058514676,0.12186004,0.1764145,0.21750169,0.35375735,0.04474875,0.07986615,0.373411,0.6487673,1.812535,2.8779128,0.566273,0.5533267,0.23168443,1.2170019,1.0930947,2.1995404,0.0,0.5841679,Medullary_cords,276.3494165001982
ATTCATCGTTGAGGCA-1,1,61,89,6349,22168.0,6349,4351.466,Medium-High,0,6,7,4,2,1,4,0,2756.0480765037464,1.3296613488547582,-0.005705631338059902,0.9761282248345773,-0.11645851284265518,0.5399711622256772,0.05527055263519287,0.7717492450750876,-0.03656502440571785,0.8478763277586743,-0.36968061327934265,0.04436226809126998,0.22055409848690033,0.24152444417138838,0.13033666,0.09854802,0.09967104,0.18456914,0.25332004,0.011949784,0.22160533,0.15352273,0.5498915,2.1447382,2.7421873,0.20730036,0.26852858,0.46415308,1.9043019,0.97001445,1.8677176,0.0,0.35803813,B_cell_zone,0.0
ATTCCCACATAAACAA-1,1,26,24,7718,32828.0,7718,4486.904,High,3,11,0,0,1,6,0,3,4633.870628319267,1.0114042647073518,-0.28843173384666443,0.12216771653449553,0.0795329213142395,0.6761134735941575,-0.0664539486169815,0.7271620655177837,-0.396729052066803,0.029960953649767336,-0.5349748134613037,0.0023193837132000996,0.16487419605255127,0.3839389889044983,0.055575855,0.051699392,0.1478483,0.27268642,0.19532631,0.009140763,0.26772293,0.31457824,0.78265965,2.074016,2.817748,0.2726755,0.62376803,0.2920558,1.1289797,1.4321002,2.1841443,0.18543611,0.410698,Medullary_cords,138.00362314084367
ATTCCTAAGACGTGGA-1,1,15,107,4834,13664.0,4834,4028.7905,Low,1,12,3,5,4,3,3,5,3049.8799976392515,0.0,0.334767609834671,0.07056523414557596,0.01724116876721382,0.9279473779184895,0.014283658936619759,0.9402830119068115,0.20906133949756622,0.2675478052869214,-0.07531831413507462,0.6924231421046975,0.03237803280353546,0.8651276937637615,0.07643864,0.17608547,0.1527989,0.02670218,0.13649124,0.0,0.4314835,0.37696195,0.38345325,2.2566085,2.843298,0.13730529,0.632756,0.44561464,1.7849534,0.6277017,2.2027028,0.4277577,0.3767087,Medullary_cords,239.00209204105306
ATTCCTCCGCCAGTGC-1,1,23,39,6011,17937.0,6011,4468.8726,Medium-Low,1,11,0,3,1,5,0,3,3821.1350407961245,1.2424533248940002,-0.4629102945327759,0.009996729090341966,0.1912141591310501,0.31144269315031625,0.23605503141880035,0.20917892132979107,-0.450242280960083,0.012537653139544566,-0.33721041679382324,0.06841119349436765,0.21355494856834412,0.2571642833754961,0.03740414,0.0017180206,0.08394555,0.09028301,0.16475427,0.42938554,0.19250941,0.3921454,0.55583906,2.0709527,2.9143474,0.2718962,0.6574728,0.14901847,1.7415462,1.0344404,2.2496834,0.2215432,0.95800716,Medullary_cords,137.55726080436466
ATTCCTTCCAGGCGGT-1,1,10,24,6673,25475.0,6673,4330.312,High,4,8,1,4,1,5,4,7,5537.061043550089,0.6931471805599453,-0.8535996079444885,2.031421019703726e-09,-0.18983623385429382,0.3150081311724632,0.13649044930934906,0.4720181659066386,0.06772582232952118,0.7221430787932781,-0.2172517627477646,0.24882285490863298,-0.26649734377861023,0.15458058835389774,0.0762925,0.060240436,0.063620396,0.1792794,0.289468,0.30381185,0.027287457,0.15523058,0.58652097,1.8805349,2.6101649,0.15523058,0.52804583,0.8593893,1.58547,0.95542765,2.1090484,0.0,0.37808275,Medullary_cords,276.3494165001982
ATTCGACGCCGGGCCT-1,1,36,26,2687,6469.0,2687,3254.7825,Low,1,7,6,5,3,6,3,5,4274.139094601391,0.45056120886630463,-0.009172677993774414,0.9616310340563763,0.20915167033672333,0.2673364312644557,0.2822408378124237,0.1307570291628078,0.024057408794760704,0.8995840199531299,-0.31016653776168823,0.09529735825966286,0.23780851066112518,0.20571664228086514,0.098938875,0.006014502,0.11990901,0.12249137,0.2236992,0.0024585102,0.42648852,0.11680728,0.46803638,2.416297,2.8898122,0.17611909,0.76197183,0.58585274,1.6420496,0.3905685,2.4068625,0.23361456,0.46722913,Medullary_cords,275.98007174431996
ATTCGCGCCTTGAGAG-1,1,65,107,5050,20178.0,5050,3346.8035,Medium-Low,2,13,5,2,7,1,3,4,3488.727131777434,0.0,-0.19488340616226196,0.302071604745743,0.14702682197093964,0.4381575353842075,0.2929033935070038,0.11622810151834326,-0.021557845175266266,0.9099728324089227,-0.37561917304992676,0.04080361591221096,0.22888833284378052,0.22374352035388156,0.053441025,0.003633407,0.27191007,0.06702262,0.26113775,0.22490811,0.117947064,0.27308708,0.26719454,2.2895565,2.4083066,0.10063007,0.51027584,0.21450303,1.5474752,0.6786801,2.9089332,0.3018902,0.5939362,Medullary_cords,365.3833603217311
ATTCGTGCTATCTCTT-1,1,42,110,5463,17168.0,5463,4076.4985,Medium-Low,2,10,5,3,0,4,6,4,1588.971994718598,0.0,-0.36686089634895325,0.04613645390868183,0.14159736037254333,0.4554386030455478,-0.05964986979961395,0.7541955398382367,-0.012399722822010517,0.9481480662645451,-0.016690785065293312,0.9302418476902948,0.2937674820423126,0.11510551616011536,0.018200625,0.061460793,0.20268464,0.09441818,0.08943877,0.16941264,0.36438438,0.34686807,0.5215688,2.103331,2.67006,0.43419975,0.62949944,0.22950703,1.1408982,0.9550457,2.8455577,0.63889253,0.6831038,Medullary_cords,364.3295211755424
ATTCGTGTACCCATTC-1,1,77,97,3950,9944.0,3950,3843.6438,Low,1,6,3,5,2,1,3,5,4712.436843078111,0.5623351446188083,-0.17154152691364288,0.36472834319631287,0.25853657722473145,0.1677474530503479,0.4221023917198181,0.020152852605337532,-0.2325502187013626,0.21621829529125888,-0.6048825979232788,0.00039885826481185575,0.18360106647014618,0.33145712800686994,0.027111439,0.08869469,0.07133427,0.09370473,0.26443052,0.23875228,0.21597204,0.20174164,0.5864571,2.0806594,2.6422458,0.08699488,0.62339336,0.3987796,1.4168186,0.9274758,2.335024,0.44957966,0.5317061,Medullary_cords,238.76766950322232
ATTCTCGTCTCTTTAG-1,1,11,51,6845,24648.0,6845,4471.679,Medium-High,1,8,0,3,1,5,0,3,4116.7959628818135,1.0114042647073518,-0.22504350543022156,0.23183310413151112,0.009871777147054672,0.9587091103551961,0.06840449571609497,0.7194695445296213,0.12980231642723083,0.49419748412795156,-0.469628244638443,0.008835280420380044,-0.10151439905166626,0.593498285688397,0.030135207,0.09279954,0.107762784,0.1255331,0.3379043,0.0,0.30586508,0.37753206,0.55335313,2.056119,2.7799006,0.2958877,0.5640316,0.44303367,1.3401202,0.9762934,2.1969936,0.23366451,0.37817788,Medullary_cords,239.26763257908496
ATTCTGAGTATGAACT-1,1,6,86,4697,12991.0,4697,4067.726,Low,3,5,0,0,6,3,0,6,3834.818509395197,0.45056120886630463,0.07502326369285583,0.6935700946346771,0.281442254781723,0.13189642011382074,-0.24675920605659485,0.1886568047106054,0.1466871201992035,0.43922817775044865,-0.15178383886814117,0.42331465218724423,-0.3788670599460602,0.03895630780690159,0.009402948,0.123200506,0.20131196,0.27198172,0.39349794,0.0006049717,0.0,0.21576783,0.79009163,1.6372697,2.6122923,0.14271988,0.62970495,0.40194285,0.90337455,1.1299045,2.5126019,0.0,0.4430279,Medullary_cords,276.3494165001982
ATTCTTCGTACTTATG-1,1,9,87,3363,7200.0,3363,3788.1885,Low,5,5,0,1,6,3,1,1,3473.8534799268664,0.6365141682948128,-0.2756890654563904,0.14032057116458324,0.2638827860355377,0.15882037138531194,-0.11480198055505753,0.5457901224024496,-0.12848617136478424,0.49862325585707473,-0.3856557011604309,0.0353118068033462,-0.06924714148044586,0.7161545774444235,0.13368058,0.0034246917,0.33481386,0.09005997,0.32878238,0.109238505,0.0,0.0,0.43795788,2.114149,2.6234543,0.10885354,0.6406926,0.5442677,1.7926673,0.87845945,2.3522522,0.0,0.44304532,Medullary_cords,364.6601157242179
ATTGAAGATCTTAGTG-1,1,31,49,5912,20173.0,5912,4160.1343,Medium-Low,1,3,3,5,1,2,3,5,2811.90682633689,0.6365141682948128,-0.12843650579452515,0.49879065419422774,0.15852975845336914,0.4027511937996736,0.032130252569913864,0.8661505917427794,-0.05062276870012283,0.7905004527891254,-0.6516709923744202,9.579877202535052e-05,-0.035106174647808075,0.8538797223586804,0.014259669,0.12072506,0.08165233,0.18192741,0.2679901,0.0,0.33344546,0.36454672,0.6030635,1.957245,2.844144,0.23709142,0.36553198,0.25163677,1.5893886,1.0268023,2.5606415,0.20130941,0.54975754,Medullary_cords,137.92751719653333
ATTGACCGGCGATGAC-1,1,20,114,7625,34625.0,7625,4472.1587,High,4,12,1,4,4,2,4,7,2802.1108115133493,0.9002560512685369,-0.5397059917449951,0.002083253242734626,-0.1093999445438385,0.5649676012384216,0.14294037222862244,0.451130606325146,0.12136039137840271,0.5229260996459889,-0.28474122285842896,0.12723623385519456,-0.09617818892002106,0.6131513619842393,0.2122676,0.086615376,0.191005,0.0,0.3256844,0.032503683,0.151924,0.12042491,0.37657553,2.132802,2.503348,0.063432805,0.31564766,0.8365279,1.9701464,0.6714423,1.9491571,0.0,0.35886276,B_cell_zone,0.0
ATTGACGTAACTCGGT-1,1,8,72,7292,28814.0,7292,4455.6455,High,1,5,3,6,6,3,7,5,3757.685457831722,0.45056120886630463,-0.3840024471282959,0.036172963769597145,-0.0433218851685524,0.8201845042941426,-0.3427535593509674,0.06371284778895749,0.12341362237930298,0.515864996125354,-0.02782229334115982,0.8839673961718448,0.2650641202926636,0.15689452996955575,0.03181194,0.10058187,0.075396486,0.158837,0.2943139,0.0,0.33905876,0.43795332,0.38296112,1.802363,3.0413647,0.1776246,0.75137496,0.31018454,1.2797885,0.9408095,1.8454512,0.07448438,0.48226154,Medullary_cords,364.9465714320385
ATTGATAGCAACGAGA-1,1,12,22,7772,36252.0,7772,4441.424,High,4,11,1,4,1,5,4,7,5508.194804107785,1.3296613488547582,-0.7896643877029419,2.129411179833381e-07,-0.07058820128440857,0.7108892854225334,0.24346564710140228,0.19481554062927176,-0.11963041871786118,0.5289116913911097,-0.4338933825492859,0.016595139539166612,0.09583670645952225,0.6144182239019856,0.13909015,0.055711165,0.055997774,0.226053,0.27802235,0.15464452,0.09048095,0.33626664,0.5029517,2.1786482,2.7660894,0.12181701,0.6528682,0.87706137,1.8510773,0.9151718,2.0841353,0.10984657,0.19504806,Medullary_cords,0.0
ATTGATCACCACATTT-1,1,52,8,7943,36554.0,7943,4428.9595,High,3,7,0,0,3,0,0,3,5756.9514502034845,1.0114042647073518,-0.39700523018836975,0.029836440025431458,-0.17226704955101013,0.3626727460866307,-0.04118959233164787,0.8289021088115035,-0.1785755753517151,0.34508949320650806,-0.2148517370223999,0.2542176076255071,0.00971832126379013,0.9593504441116629,0.042414945,0.04320773,0.25120258,0.20760414,0.07835601,0.02438924,0.35282525,0.2913917,0.6379907,2.1011314,2.659115,0.17547841,0.6821032,0.38747364,1.4617721,1.2884592,2.5079145,0.2452772,0.5275562,Medullary_cords,275.4813968310746
ATTGATGAGTCCTAAC-1,1,33,99,6396,21455.0,6396,4418.927,Medium-High,3,0,2,0,0,4,0,6,965.1611264446989,1.0114042647073518,-0.4611056447029114,0.010329755384753773,-0.21430034935474396,0.25546779311014367,0.39168787002563477,0.03230888248434552,0.025520209223031998,0.8935116808840942,-0.6904436349868774,2.4154656699601534e-05,-0.04749970883131027,0.8031656608309733,0.006394045,0.056728385,0.17561875,0.23513058,0.073120154,0.26409632,0.18891169,0.28986555,0.9029293,1.7092323,2.9140697,0.38298884,0.5012164,0.53860265,1.1508745,1.3600215,2.2074769,0.31434804,0.67166257,Medullary_cords,238.90793205751876
ATTGCCTATTAGACCG-1,1,67,25,6830,26849.0,6830,4295.758,High,3,1,2,0,5,0,5,6,5556.063354570392,0.0,-0.2509361505508423,0.1810431462832112,-0.012945860624313354,0.9458675268706792,0.1896117478609085,0.31559138972065903,-0.035394202917814255,0.85269379628616,0.06794673949480057,0.7212724540668363,0.399417519569397,0.02876664244878842,0.07153378,1.0397736e-05,0.0,0.5621825,0.18103266,0.0,0.18524072,0.21833178,1.0073218,1.5375311,2.5834608,0.118728764,0.75851303,0.14874214,1.0920323,1.8565199,1.6387054,0.15830502,0.25757506,T_cell_zone,365.65831044842946
ATTGCCTTTATGTTTG-1,1,64,84,5889,18922.0,5889,4295.45,Medium-Low,0,6,7,4,2,1,4,0,3126.5074764023834,1.0114042647073518,-0.01969989575445652,0.9177044693860816,-0.23497886955738068,0.2113234679620455,-0.2941109836101532,0.11466150021247024,-0.2782520055770874,0.1365207478897052,-0.02969062700867653,0.8762330351331489,-0.029434947296977043,0.8772908316493521,0.1406405,0.0023736374,0.14118247,0.101015314,0.17439927,0.0038000734,0.4365887,0.118741795,0.4439289,2.258805,2.7714384,0.090157695,0.59162205,0.41366774,2.065456,0.76444113,2.1950634,0.0,0.33235806,Medullary_cords,0.0
ATTGCGATCAGTAACT-1,1,51,99,6002,19722.0,6002,4310.093,Medium-Low,3,10,0,1,0,4,1,1,1732.124995489644,1.2424533248940002,-0.11930559575557709,0.5300392203540781,0.13785520195960999,0.46755698870361606,-0.14881333708763123,0.43255036123346396,0.13785098493099213,0.4675707394386522,-0.1473146229982376,0.4372515804016895,0.304484486579895,0.10184433349922957,0.11131747,0.16508736,0.04223934,0.2639991,0.28224403,0.0,0.13511266,0.3127316,0.592147,2.1857805,2.8063595,0.10253818,0.3646608,0.16685818,1.8917336,1.2817926,1.9774925,0.0,0.3271586,Medullary_cords,0.0
ATTGCTGCTCCTCCAT-1,1,35,43,6281,22929.0,6281,4261.33,Medium-High,4,9,1,4,3,6,4,7,3117.933289857241,0.6931471805599453,-0.16926482319831848,0.37122337857217064,0.041583623737096786,0.8272896290123702,0.1453380286693573,0.44349411472405725,0.3049074113368988,0.10134568045846501,-0.33521440625190735,0.07016737593582958,-0.3155756890773773,0.0893656501646472,0.17481302,0.0,0.18876934,0.1197726,0.36924985,0.02237993,0.12501524,0.09049775,0.40169865,2.218483,2.846875,0.09049775,0.41818094,0.8751453,1.9331737,0.82583666,2.1420836,0.1809955,0.46186846,Medullary_cords,0.0
ATTGGATTACAGCGTA-1,1,54,102,5897,18683.0,5897,4362.294,Medium-Low,0,10,7,4,0,4,4,0,2145.3104670420084,1.0114042647073518,-0.26683396100997925,0.1540406913287336,-0.14749771356582642,0.4366757693450443,-0.2072097510099411,0.27190444384604257,0.08375731110572815,0.6599088666478218,-0.40397077798843384,0.026832442881126455,0.2582501769065857,0.16823552753329607,0.13797219,0.18137278,0.05836972,0.21666569,0.2331172,0.0,0.17250234,0.14307158,0.48884252,2.2545085,2.773193,0.10717732,0.4462375,0.34661454,2.2676854,0.9473411,2.0600364,0.21435463,0.19275387,B_cell_zone,0.0
ATTGGGAATATCTTGG-1,1,12,52,6178,20648.0,6178,4323.421,Medium-High,3,8,0,0,1,5,0,6,3979.3076030887582,1.5607104090414068,-0.11507858335971832,0.5448164492721836,-0.06567709892988205,0.7302330879808658,0.1882532387971878,0.3191353537178674,0.2709679901599884,0.1475202871786558,-0.49350959062576294,0.005582569125181568,-0.3664681315422058,0.04638800122613999,0.07927178,0.0,0.2149753,0.29038283,0.30013105,0.0,0.11523905,0.25251514,0.7561158,1.9016314,2.900806,0.16153991,0.54033,0.35126024,1.3011758,1.2962368,2.542501,0.0,0.35875148,Medullary_cords,137.0
ATTGGGAGTTCTGTAA-1,1,8,114,6468,20684.0,6468,4579.902,Medium-High,5,12,4,1,4,3,1,1,4013.7725396439696,0.410116318288409,0.26747190952301025,0.15302121041164443,0.2677527964115143,0.1525738774238108,-0.23002876341342926,0.22138119338868917,-0.07648935168981552,0.6878775481165674,-0.2555815279483795,0.17283185348098126,-0.06368289142847061,0.7381351794133886,0.15050201,0.2814755,0.062226705,0.21108742,0.0,0.026517851,0.2681906,0.28747347,0.5247934,2.4382045,2.6803641,0.14789875,0.53681165,0.51993454,2.1641042,1.0753343,1.610741,0.098599166,0.3578744,B_cell_zone,0.0
ATTGTACAACTCGGCT-1,1,35,103,6706,22633.0,6706,4505.3276,Medium-High,3,0,2,0,0,4,0,6,1093.648938188119,0.45056120886630463,-0.6533775329589844,9.05296378587589e-05,-0.3435300886631012,0.06307529505940318,0.550254762172699,0.001630444772910853,0.10539288818836212,0.5793875871991382,-0.6757006049156189,4.176921152609909e-05,-0.038517098873853683,0.8398563260123293,0.00850158,0.0008246849,0.12305467,0.2520296,0.0331038,0.28670144,0.2957842,0.1457551,0.8769239,1.630988,2.5894248,0.40102822,0.57635105,0.40102822,1.0670378,1.5002182,2.0920722,0.21098986,0.7524867,Medullary_cords,238.40302011509837
ATTGTCGCAATACCTT-1,1,15,85,6143,22140.0,6143,4218.421,Medium-High,3,5,2,7,4,3,8,2,2762.22464691053,0.0,-0.6184422373771667,0.0002700280483004393,-0.45839637517929077,0.010847200148318378,-0.30404797196388245,0.10236094318468039,0.2694118320941925,0.14995091158428464,0.16237127780914307,0.39129894667589404,0.064080148935318,0.736558921039805,0.025470013,0.0,0.14346938,0.410368,0.23771594,0.008963854,0.17401284,0.2408317,1.0253537,1.3942648,2.391293,0.25604135,1.6280642,0.41438383,0.9925686,1.5192435,2.089325,0.0,0.204877,Medullary_cords,365.0
ATTGTCTGTTTCATGT-1,1,71,53,4829,14038.0,4829,3972.3015,Low,2,4,0,0,2,1,2,4,4629.134044289493,1.0114042647073518,-0.3595811426639557,0.05097873393169388,-0.026588456705212593,0.8890809051243369,-0.16763274371623993,0.37592087092893217,-0.07824485749006271,0.6810832016717457,0.011596131138503551,0.951504396031983,0.20430868864059448,0.2788222062957521,0.052181352,0.0,0.2939998,0.25218508,0.0,0.04783071,0.35380307,0.17795613,0.752311,2.0187225,2.360936,0.1344744,0.6530297,0.399394,1.1116234,1.162573,2.6698549,0.0,0.42783046,Medullary_cords,632.5693637855061
ATTGTGACTTCGCTGC-1,1,11,109,5095,14282.0,5095,4227.675,Low,0,12,4,1,4,3,1,1,3542.0351494585707,0.6365141682948128,-0.10071482509374619,0.5964256696458244,0.11685366928577423,0.5385874313165271,0.05426911637187004,0.7757792326352175,0.01870768517255783,0.9218364966853356,-0.14302976429462433,0.45084463826050575,0.11604394018650055,0.5414246886152665,0.19574629,0.25250527,0.033550378,0.08732777,0.20523643,0.0410893,0.18454458,0.2189051,0.75870466,2.479113,2.867651,0.13268383,0.49068373,0.19902575,2.2251668,0.9358866,1.7755219,0.0,0.17691177,B_cell_zone,0.0
ATTTAACTCGTATTAC-1,1,14,52,5834,17856.0,5834,4326.485,Medium-Low,3,8,0,3,1,5,0,3,3794.818704496962,0.6365141682948128,0.2942829430103302,0.1144397015620706,-0.3477229177951813,0.059718509003565505,-0.05089219659566879,0.7894102166930784,-0.30558648705482483,0.10054885763655051,-0.7155516147613525,8.80327675824099e-06,0.05109377205371857,0.7885947991915035,0.023251515,0.07771727,0.16348727,0.20639333,0.27066678,0.23650268,0.021981228,0.37943697,0.6366482,1.7747724,2.8436737,0.22248498,0.5869022,0.3456154,1.1253812,0.9258337,2.2311773,0.0,0.43782237,Medullary_cords,275.98007174431996
ATTTACAGTTTACTGG-1,1,30,38,5253,14683.0,5253,4276.6943,Low,1,7,4,6,1,6,7,5,3572.6231259398187,0.6365141682948128,-0.1621609479188919,0.3919210962765901,0.023056264966726303,0.9037431682082117,-0.3087088167667389,0.09694574322773561,0.44355225563049316,0.014084213219232157,-0.06388119608163834,0.737348205671373,0.043711401522159576,0.8185942511331245,0.062753834,0.08099974,0.06769652,0.08600277,0.1028516,0.008666297,0.5910293,0.51838225,0.3769689,2.3327706,2.8699837,0.0649315,0.6439201,0.129863,1.5979995,1.0038676,1.9542685,0.0,0.50190854,Medullary_cords,137.55726080436466
ATTTACTAAGTCCATT-1,1,31,111,5256,15211.0,5256,4230.2847,Low,1,0,0,3,0,4,0,3,1792.1182996666264,0.6931471805599453,-0.37040936946868896,0.043912693193927654,-0.3570322096347809,0.05276620580596304,0.08835908770561218,0.6424268762241211,-0.023403311148285866,0.9023011124802788,-0.2046710103750229,0.2779521006832421,0.18498912453651428,0.327750672300616,0.10237398,0.0019190097,0.07270834,0.084372245,0.16731879,0.26902023,0.3022875,0.52159727,0.5353219,2.1443815,2.7113569,0.26249257,0.86281073,0.39932713,1.7738833,0.8095919,1.8970685,0.25264382,0.5648553,Medullary_cords,237.9012400135821
ATTTATACTGGTAAAG-1,1,75,75,4116,12035.0,4116,3579.1433,Low,2,6,5,2,2,1,2,4,4521.262213143582,0.45056120886630463,-0.464367538690567,0.009734447755503653,0.16238142549991608,0.39126894444549676,0.37741753458976746,0.039772284203291736,-0.19397395849227905,0.3043775808538969,-0.23246602714061737,0.2163893509106248,0.33853477239608765,0.06726493910939063,0.068195425,0.0,0.10784704,0.17332476,0.2860511,0.27730912,0.08727251,0.3492224,0.64036167,2.1440465,2.5355403,0.22683316,0.22683316,0.40986133,1.6885829,0.9805054,2.5285194,0.30244422,0.5732821,Medullary_cords,138.0
ATTTCATTATTTCGCG-1,1,14,78,5669,18460.0,5669,4253.5195,Medium-Low,3,5,2,7,6,3,8,2,2955.8677236980684,0.0,-0.1611975133419037,0.39477814863513816,-0.39647746086120605,0.0300747493914561,-0.11860670149326324,0.5324691364951107,0.03382233530282974,0.8591695580503151,-0.09982244670391083,0.5997001451121752,0.2635340690612793,0.1593920772603832,0.05027197,0.0033999,0.22328499,0.52059466,0.16275425,0.006676537,0.03301765,0.2523154,1.2745594,1.4835575,2.4356925,0.0,1.177466,0.58301437,0.8449533,1.7844977,1.869618,0.29172647,0.2666332,Medullary_cords,496.23381585700105
ATTTCCGGGTTCTGCG-1,1,55,35,5488,26731.0,5488,3064.4597,High,2,9,5,2,5,0,2,4,4177.735511015507,0.0,0.05979703739285469,0.7536076710607227,-0.23098760843276978,0.21940812793303363,0.03681125491857529,0.8468638637391215,-0.10885600000619888,0.5669154603730375,0.043437615036964417,0.8197119481869752,0.3771926462650299,0.039900098768728506,0.09220959,0.0,0.44066763,0.10018333,0.16684185,0.0,0.2000976,0.23354289,0.3584859,2.1000547,2.271472,0.14928135,0.37516472,0.24137048,1.2683711,0.64166,2.9741433,0.15890875,0.23917486,Medullary_cords,414.03864553927815
ATTTGCCTAGTTACGA-1,1,1,61,7094,29837.0,7094,4400.874,High,4,5,1,4,6,5,4,7,4805.360548387603,0.9002560512685369,-0.19452136754989624,0.30298826208720603,0.14755386114120483,0.43649927067676497,0.21360677480697632,0.2570460913244214,0.022205695509910583,0.9072787379040261,0.0761035829782486,0.6893738112069175,0.12413083016872406,0.513409574167457,0.31643447,0.0,0.18821806,0.0,0.4953474,0.0,0.0,0.123118386,0.3251682,2.1029572,2.681831,0.12825549,0.086986475,0.83183044,1.7636721,0.47170836,2.0683906,0.14452766,0.09635177,Medullary_cords,138.0
ATTTGCGCGAGTAGCT-1,1,53,31,6049,20774.0,6049,4175.997,Medium-High,2,9,5,2,5,0,2,4,4315.531253507498,0.0,-0.2631988823413849,0.15994298628358153,0.07353468239307404,0.6993667511996098,0.04361717402935028,0.8189788831757125,-0.11668187379837036,0.5391888060173371,-0.16846047341823578,0.37353415951337005,0.2801012694835663,0.13382602067408014,0.028314702,0.11128784,0.26914266,0.07678697,0.07479161,0.15218854,0.2874877,0.24652499,0.56781423,2.2175236,2.9264474,0.31596035,0.6252193,0.14736885,1.617914,1.0117573,2.494271,0.6281294,0.48425025,Medullary_cords,137.92751719653333
ATTTGTCTTGGGAGCT-1,1,40,84,4783,12163.0,4783,4285.5264,Low,4,2,7,4,0,4,4,7,364.90683742566404,1.0114042647073518,0.2208157479763031,0.24095233522984863,0.032748717814683914,0.8635978137509067,0.00655039818957448,0.9725950365637043,0.053307585418224335,0.7796540124130367,0.054977864027023315,0.7729264879708843,-0.07532788068056107,0.692385965116598,0.13225862,0.33767056,0.16783698,0.084935,0.15938458,0.0,0.11791425,0.07500785,0.1747258,2.2680478,2.8577611,0.27157438,0.6157077,0.42697477,2.0393977,0.7323705,1.9775594,0.0,0.30003142,B_cell_zone,0.0
ATTTGTTCCAGGGCTC-1,1,19,71,6206,21381.0,6206,4373.4062,Medium-High,0,3,7,7,4,3,8,0,2559.2000703344784,0.6931471805599453,-0.389462411403656,0.033391714466631375,-0.048090752214193344,0.8007648967706555,0.33169302344322205,0.07335066448639073,0.375495970249176,0.040875047147483135,-0.3659582734107971,0.046716167285649216,-0.23537005484104156,0.21054219335343066,0.09929841,0.20581385,0.13215579,0.13876626,0.13355485,0.21403629,0.076374546,0.13050239,0.7357403,2.1433825,2.98344,0.2880606,1.4063487,0.47669166,2.1219938,0.915783,1.881668,0.33015957,0.3019032,B_cell_zone,0.0
CAAACCATAAGCGTAT-1,1,77,89,5435,16156.0,5435,4297.1694,Medium-Low,5,6,4,1,2,1,1,1,4671.685027910165,0.5623351446188083,-0.177750825881958,0.34735856235788387,0.3303941786289215,0.07455257602086408,0.3046291172504425,0.10167359823481185,0.15733523666858673,0.40635057651434126,-0.28635063767433167,0.12500720020131956,0.1613577902317047,0.394302025967154,0.32787094,0.0014015973,0.14505343,0.16546743,0.16768825,0.015552894,0.17696555,0.18067017,0.28607523,2.589682,2.8420815,0.22114071,0.27617702,0.16091731,2.252639,0.89045584,2.1219506,0.0,0.32119143,B_cell_zone,0.0
CAAACCCTCCGGCGGG-1,1,70,70,6531,23603.0,6531,4314.3667,Medium-High,1,4,3,3,2,1,2,3,4028.3738654697877,0.8675632284814613,0.2645619213581085,0.15771117234299084,0.1754767745733261,0.35366130741545193,-0.20280054211616516,0.28246277543401965,-0.21296574175357819,0.2585105021069901,-0.36199694871902466,0.04932917554150816,0.1889713704586029,0.31725889667800866,0.065100536,0.07032138,0.14665692,0.107960306,0.32977894,0.0,0.2801819,0.28368163,0.6270368,2.2339401,2.8946974,0.33309543,0.651864,0.2630382,1.5877963,0.9144347,2.3980534,0.17662075,0.49159455,Medullary_cords,137.92751719653333
CAAACGAGTATCGCAG-1,1,47,47,6393,21425.0,6393,4406.1484,Medium-High,1,9,0,3,3,7,0,3,3020.5936502614845,1.2424533248940002,-0.12377093732357025,0.5146409785693413,-0.16840103268623352,0.37370525738454125,0.05999923497438431,0.7528002022467106,0.3352058231830597,0.07017500246760919,-0.46129828691482544,0.010293766772263305,0.005965616554021835,0.9750408015640681,0.04899434,0.001495564,0.03938119,0.24802952,0.2521884,0.01125653,0.3986545,0.3949527,0.58925635,2.0992627,2.8764534,0.19152266,0.61903286,0.32215795,1.5089469,1.2719901,2.1010869,0.2633146,0.5154362,Medullary_cords,137.0
CAAACGGTCGCACTTT-1,1,30,40,6156,21502.0,6156,4209.9585,Medium-High,1,7,4,6,1,6,1,5,3439.7872027205403,0.6365141682948128,0.09866507351398468,0.6039584029334077,0.2271358072757721,0.2274068669425624,-0.4241960942745209,0.01947886988633316,0.3674468994140625,0.045763165625241575,-0.19149672985076904,0.3107146507131272,-0.0390782356262207,0.8375537922559079,0.1072843,0.07643678,0.036505774,0.13715644,0.22882406,0.0,0.41379255,0.34158123,0.48790807,2.3715332,2.9438367,0.09547628,0.5127052,0.21213706,1.7594837,1.0006341,2.178141,0.16439892,0.7690123,Medullary_cords,137.0
CAAACGTGGTCTTGCG-1,1,4,78,6276,22090.0,6276,4300.6084,Medium-High,5,5,0,1,6,3,1,1,4130.404943828147,1.2424533248940002,-0.5033833384513855,0.004573297278705544,-0.06737948954105377,0.7235086454724775,-0.24486584961414337,0.1921804463239833,0.358669251203537,0.05161261993031171,0.052596136927604675,0.7825243497483161,0.41086331009864807,0.024107497674385386,0.17683427,0.18661022,0.032869924,0.23064655,0.2687972,0.04682718,0.057414684,0.14003228,0.39489973,2.5017767,2.8694978,0.09335485,0.45097178,0.23338713,1.8980948,0.96384025,1.9808831,0.0,0.31265876,Medullary_cords,0.0
CAAACTACGATAGAGA-1,1,12,84,7437,32196.0,7437,4391.798,High,3,5,2,7,6,3,8,2,3125.8371678639946,0.0,-0.2761469781398773,0.13963608971999866,-0.1939029097557068,0.30455819449061694,0.04956015199422836,0.7948040771043379,0.04263528808951378,0.8229893283559295,-0.04898517206311226,0.7971352325280903,0.27548736333847046,0.14062284518235282,0.048744295,0.0010393673,0.17527348,0.4424429,0.23126368,0.0,0.10123632,0.15097502,0.9114647,1.5719647,2.3957055,0.2185995,1.2393632,0.75697535,0.9297576,1.5999365,2.0828934,0.13524896,0.13524896,Medullary_cords,364.9465714320385
CAAACTATTGAGCTTC-1,1,11,75,6710,27732.0,6710,4108.068,High,2,5,0,2,6,3,2,4,3355.5071151764823,0.8675632284814613,-0.44406354427337646,0.013960659975280365,-0.12997566163539886,0.49361606430385135,-0.37295591831207275,0.04237017796925668,0.17226499319076538,0.3626785625896133,0.10186924785375595,0.592201115989148,-0.18913859128952026,0.316822937164054,0.062489968,0.10594336,0.24208966,0.0746151,0.31298158,0.14040086,0.061479546,0.2503357,0.46660548,2.0836778,2.5013928,0.44921523,0.64829177,0.5253441,1.2898854,0.7617461,2.9258773,0.21274032,0.34198093,Medullary_cords,275.4813968310746
CAAACTCGCGACGCCG-1,1,45,111,6400,30962.0,6400,3537.1895,High,2,10,5,2,0,4,2,4,1792.378587240988,0.0,0.19476327300071716,0.30237558022547106,-0.10410357266664505,0.5840618318201101,-0.39331668615341187,0.031534515746982336,0.1009460836648941,0.5955783516819723,-0.07743334770202637,0.684220993017486,0.08285224437713623,0.6633683057574729,0.047073357,0.0,0.33144975,0.1358398,0.17837258,0.14393942,0.16332512,0.11967474,0.5925166,2.2286239,2.418934,0.13994601,0.5038454,0.22463426,1.2379675,0.8779855,3.2400968,0.13994601,0.5335602,Medullary_cords,276.0018115882575
CAAAGATTATTGGGCC-1,1,56,30,6100,23202.0,6100,3947.858,Medium-High,2,9,5,2,5,0,2,4,4537.369832843693,0.0,-0.06349913030862808,0.738864668677059,-0.1024620532989502,0.5900368308263979,-0.03859725221991539,0.8395273499662848,0.277272492647171,0.13796401272226172,-0.46651655435562134,0.009358244753237854,0.08334366977214813,0.6614890816608187,0.104729444,0.19178295,0.29429805,0.088843435,0.19331059,0.009032089,0.11800342,0.25965157,0.51808846,2.371958,2.7228882,0.27791458,0.5111305,0.3675075,1.665144,0.80054295,2.601836,0.3345979,0.5435639,Medullary_cords,138.0
CAAATCTCTCACAAGG-1,1,44,24,7014,27084.0,7014,4389.8057,High,1,7,0,3,3,6,6,5,4464.0918449333,1.3296613488547582,-0.1080351397395134,0.5698606978798838,-0.2632606029510498,0.1598414409326658,-0.13841260969638824,0.4657412797727255,-0.1605810523033142,0.39661248402857185,0.009588906541466713,0.9598913226830965,-0.06978683173656464,0.714034086157302,0.028888648,0.09406695,0.09531803,0.13458304,0.028567543,0.20296682,0.415609,0.33566427,0.68155074,2.1483243,2.9815464,0.32523146,0.65481377,0.17176804,1.5638465,1.0680423,2.0638607,0.674248,0.7314522,Medullary_cords,238.76766950322232
CAAATGCGGAGTGTTC-1,1,0,58,7517,36294.0,7517,4153.1006,High,5,8,7,1,6,5,1,1,4997.588618523938,1.3862943611198906,-0.47074592113494873,0.008653561703771528,-0.041255850344896317,0.8286309158027065,0.14917416870594025,0.43142263876975784,0.05411522462964058,0.7763990340491755,-0.2522532045841217,0.1786878048011256,0.07317814230918884,0.7007576240188331,0.06667535,0.04960292,0.09008848,0.25913993,0.3528723,0.022902034,0.15871899,0.24442443,0.71781194,2.0041351,2.7477317,0.2085882,0.58262223,0.4915502,1.5138221,1.2692506,2.109945,0.060844444,0.34931606,Medullary_cords,137.55726080436466
CAAATGTCCTTCCGTG-1,1,45,53,6410,22090.0,6410,4383.512,Medium-High,1,9,0,3,3,7,6,3,2551.014308074339,1.3296613488547582,-0.1709018498659134,0.3665464118064117,0.19767515361309052,0.2950617512417569,-0.17047208547592163,0.36777086794898617,-0.37830808758735657,0.03926936157127161,-0.2589349150657654,0.16707029040072166,0.4135018289089203,0.02312631270042964,0.04392235,0.119997114,0.21545143,0.1337248,0.062342238,0.0,0.4245621,0.26841956,0.4525226,2.1228042,2.955763,0.2206339,0.8061245,0.38181594,1.3872058,1.0153207,2.3391633,0.16118205,0.5346873,Medullary_cords,138.0
CAAATTGGATTATGCC-1,1,22,116,7288,29162.0,7288,4395.988,High,3,12,7,0,4,2,0,3,2718.118834782615,1.2424533248940002,-0.5803042650222778,0.0007748261374111521,-0.11343464255332947,0.5506152525004385,0.3641219139099121,0.047913451182052334,0.09152959287166595,0.630489565928162,-0.38687852025032043,0.03468555461710468,-0.2365138679742813,0.20826911103326745,0.08078456,0.002687033,0.06522563,0.28242803,0.26547417,0.16515279,0.13824785,0.18603176,0.8204099,2.1077647,2.7517073,0.36743543,0.4513121,0.46523026,1.4579844,1.2319633,2.0045624,0.07371448,0.41657478,Medullary_cords,239.0
CAAATTGTCAGCAAGC-1,1,13,67,7417,30441.0,7417,4579.667,High,4,5,1,4,6,3,4,7,3325.2503665137756,0.45056120886630463,-0.1144871860742569,0.5468992259887426,-0.18696051836013794,0.3225304573012609,-0.23206736147403717,0.21720058712945525,-0.17313748598098755,0.36021563937275547,0.09192638844251633,0.6290019051518625,-0.21916495263576508,0.2445770065063528,0.15888129,0.15041806,0.11035571,0.22836693,0.28933543,0.033469174,0.0291734,0.10652624,0.69675577,2.2547913,2.7894905,0.03550875,0.6311972,0.75571954,2.1419842,1.0143616,1.9748361,0.0710175,0.38597283,B_cell_zone,0.0
CAACAGAATAACGCTA-1,1,1,93,7787,34665.0,7787,4463.392,High,1,12,3,6,6,3,7,5,4444.567470519488,0.0,0.24427707493305206,0.19328544923157048,0.25937581062316895,0.16632304705282136,-0.2110069841146469,0.263019004281077,0.07615625113248825,0.6891694618446877,-0.25865358114242554,0.16754834808240043,0.1989375501871109,0.29192608365194045,0.02700086,0.031540908,0.06442944,0.054660227,0.17989591,0.21883859,0.423634,0.43958566,0.41332325,2.0836859,3.06758,0.14556263,0.43211466,0.35110024,1.4776533,0.87691295,1.9484792,0.1267363,0.6963359,Medullary_cords,365.0
CAACAGTGCCAAACGG-1,1,0,70,6468,24292.0,6468,4274.9893,Medium-High,3,5,2,0,6,3,5,6,4716.651778539518,0.0,-0.6682289838790894,5.4500529749695584e-05,0.005070699378848076,0.978784085918125,0.1867925375699997,0.32297325810019223,-0.159101665019989,0.4010343169365996,0.04836341366171837,0.7996579689036001,0.06368124485015869,0.7381417149610255,0.04976419,0.0,0.0,0.5236045,0.4092119,0.003548489,0.013870937,0.19861828,1.0819594,1.5747428,2.6910024,0.1436287,0.66178936,0.3114476,1.0552855,1.653471,1.8951652,0.20106314,0.21503828,Medullary_cords,276.3494165001982
CAACCAGTGGCCTACC-1,1,61,115,6367,23575.0,6367,4161.8613,Medium-High,1,13,3,5,7,1,3,5,3324.1475599016358,1.3208883431493221,0.05571529641747475,0.7699613619887538,0.13510677218437195,0.4765637358084518,0.0540466234087944,0.7766753699449926,0.23379985988140106,0.2136901591309614,-0.02335905283689499,0.9024849989632681,0.3024933338165283,0.10421685245480784,0.06109162,0.0,0.073948205,0.09123581,0.11463327,0.32112423,0.3379668,0.40488845,0.52176213,2.181526,2.7368796,0.0,0.48024595,0.33040524,1.8030206,1.009163,2.0247693,0.08840821,0.8322534,Medullary_cords,137.92751719653333
CAACCTACCGAGCAGT-1,1,61,103,5457,17176.0,5457,4136.212,Medium-Low,1,13,3,5,7,1,3,5,2942.8912654055025,0.45056120886630463,-0.20933488011360168,0.2669080540216465,0.1531505286693573,0.4191023645580508,0.1380060762166977,0.46706516277202553,-0.1368095576763153,0.4709730658401214,-0.17172904312610626,0.3641964021188048,-0.008250916376709938,0.9654843266075238,0.04243005,0.07275399,0.06545327,0.1417723,0.21052116,0.0,0.4670692,0.24519958,0.80253285,2.2565277,2.7770958,0.21125188,0.5662449,0.3615948,1.5519673,1.01979,1.9790992,0.0,0.5854723,Medullary_cords,275.0018181758077
CAACGACCCGTTTACA-1,1,20,50,6735,25531.0,6735,4316.976,High,3,3,0,0,1,5,5,6,3389.371918217297,0.6365141682948128,-0.44344738125801086,0.014109668520944262,-0.10862545669078827,0.567741950352423,0.05392137169837952,0.7771799713186481,0.12906822562217712,0.4966635421056373,0.03795488551259041,0.8421645773692,0.07512092590332031,0.6931903777166764,0.11725573,0.0,0.23569456,0.32928044,0.08169692,0.022705821,0.21336654,0.28890216,0.8913866,2.0702977,2.6034591,0.19626713,0.5478503,0.35961977,1.4715083,1.2991996,2.5120635,0.08263355,0.38738406,Medullary_cords,138.00362314084367
CAACGCGATGAGCCAA-1,1,74,36,6797,25772.0,6797,4324.4116,High,3,4,2,0,5,0,5,6,5604.355627545418,0.8675632284814612,-0.3142881691455841,0.09075138018231972,-0.03437993675470352,0.8568713108430221,-0.18166904151439667,0.336658555131038,0.12413191050291061,0.5134058798951724,-0.26127737760543823,0.16312742344824813,0.29990696907043457,0.10736023085906597,0.031702224,0.0,0.055399742,0.36054757,0.33811605,0.0,0.2142344,0.3454482,1.1770397,1.6533314,2.6226835,0.39386111,0.5655261,0.2665498,1.229659,1.6269109,2.1126378,0.3075344,0.33106354,Medullary_cords,364.6601157242179
CAACGGTTCTTGATAC-1,1,18,38,5580,18007.0,5580,4159.0757,Medium-Low,3,11,2,0,1,5,5,6,4192.800734592571,0.0,-0.3024832010269165,0.10422903114767272,-0.07736161351203918,0.6844986100846628,0.10096302628517151,0.5955162953162879,0.21713054180145264,0.24909350526568771,0.11370643973350525,0.549654543021576,0.3255258798599243,0.07919328715384323,0.031826682,0.07898499,0.11425261,0.43366387,0.23388146,0.0,0.1073904,0.39308888,1.3294091,1.7105601,2.41652,0.11043339,0.41741714,0.14860022,1.2036713,1.8526983,2.1420972,0.22086678,0.34222448,Medullary_cords,600.4065289451806
CAACTATATCGAATGC-1,1,15,79,6983,29040.0,6983,4319.8735,High,3,5,2,7,6,3,8,2,2823.2755798894304,0.0,-0.23383423686027527,0.21362089757516908,-0.4620232582092285,0.01015927402884057,-0.05983078107237816,0.7534728991493528,-0.08481693267822266,0.6558673934556732,-0.2647126317024231,0.1574657783015223,0.06283952295780182,0.7414849842260024,0.06981446,0.0,0.05564058,0.5207155,0.18729377,0.005446685,0.16108899,0.14524055,1.0957503,1.5871284,2.4263017,0.2936613,1.1362451,0.35915652,0.9286202,1.7400606,1.8413538,0.0,0.27329156,Medullary_cords,600.204131941792
CAACTCCAACGTTTAG-1,1,4,86,5928,18847.0,5928,4401.1045,Medium-Low,0,12,7,4,6,3,4,0,4074.65250052075,1.0986122886681096,0.12852561473846436,0.49849033166073803,0.06046222895383835,0.7509522162410572,-0.2645726799964905,0.1576936455254249,0.4157709777355194,0.022308914031075804,-0.10458788275718689,0.5823040836662863,-0.2401173710823059,0.20121806963189756,0.134191,0.0,0.07795812,0.15940022,0.53931725,0.034377854,0.054755617,0.11904241,0.3960526,2.112009,2.6612878,0.10641307,0.6586261,0.73218364,1.7063528,0.7016314,2.1953511,0.0,0.30060732,Medullary_cords,137.0
CAACTCCTTGATCCCG-1,1,18,46,5716,18207.0,5716,4191.908,Medium-Low,3,11,2,2,1,5,0,6,3754.3512089307787,0.796311640173813,-0.0619463250041008,0.7450377636334229,-0.19991198182106018,0.28952022138269634,-0.21517732739448547,0.25348127508559676,0.24858631193637848,0.18529939622455016,-0.11897846311330795,0.5311759320982082,0.16294565796852112,0.3896028369753351,0.023739679,0.0,0.20642795,0.20870525,0.028217047,0.26995718,0.2629529,0.28855765,0.90789044,1.7884619,2.651241,0.28588533,0.5996846,0.29164526,0.8455539,1.3312949,2.5671022,0.21889174,0.62546295,Medullary_cords,365.3833603217311
CAACTGCTCATCCGAT-1,1,59,55,6101,25040.0,6101,3696.227,Medium-High,2,2,5,2,2,7,2,4,3389.050899588261,0.8675632284814613,0.14271312952041626,0.4518579996333779,-0.17955255508422852,0.3424131954001856,0.07794441282749176,0.6822442991473296,-0.16980339586734772,0.36968083465648405,-0.08454874157905579,0.6568893995069301,0.20612208545207977,0.27448491345644094,0.015018494,0.04659877,0.27495292,0.06055226,0.20347863,0.2839568,0.11544211,0.2615744,0.43150896,2.0166786,2.5069726,0.15739354,0.50919384,0.3355505,1.2368253,0.8713374,3.2039287,0.38541168,0.4889007,Medullary_cords,137.55726080436466
CAACTTGTAGTGGGCA-1,1,9,41,5767,17710.0,5767,4296.846,Medium-Low,1,8,0,3,1,5,0,3,4746.552538421965,1.0114042647073518,-0.30988049507141113,0.09561912943808978,-0.2511973977088928,0.18057422438323037,-0.35111403465270996,0.05710737992071803,-0.05920388922095299,0.7559778541486283,0.15512685477733612,0.41305253441180084,0.11984898149967194,0.5281536638968313,0.0009944185,0.1285986,0.3068302,0.10651985,0.14466193,0.019257601,0.2931374,0.26944232,0.54206306,1.8505436,2.7430265,0.111915976,0.46596903,0.29175043,0.9578552,1.0118315,2.430823,0.35966888,0.46329665,Medullary_cords,729.2468717793721
CAAGAGGGCGGAGTAC-1,1,46,74,5215,14923.0,5215,4214.7026,Low,5,2,0,1,0,7,1,1,1359.0592334405444,0.6931471805599453,0.07321283966302872,0.7006222269287082,-0.34060847759246826,0.06550017856800117,0.05686818063259125,0.7653321325564979,-0.5010131001472473,0.0048000995035803445,0.16829577088356018,0.3740083619033908,-0.11906895786523819,0.5308613664635444,0.124818824,0.12076403,0.101279244,0.32300428,0.3255545,0.0,0.0045791776,0.23451363,0.7494632,2.3312154,2.845279,0.38296944,0.4470837,0.372275,1.7157214,1.2426416,2.483925,0.0,0.26916757,Medullary_cords,137.92751719653333
CAAGATATTATAACGT-1,1,45,89,6637,23083.0,6637,4501.688,Medium-High,0,10,4,1,0,4,1,1,841.9988123507063,1.0114042647073518,-0.08196011930704117,0.6667849311055531,-0.15635354816913605,0.4093221783025,-0.02272130735218525,0.9051352779379274,-0.06734652072191238,0.7236386827483824,-0.20582768321037292,0.2751860876525751,-0.08224952220916748,0.665675867153251,0.17517006,0.0024018197,0.046296615,0.22797312,0.059243426,0.2440137,0.24490122,0.21565686,0.6345796,2.2574933,2.9319286,0.19408216,0.5363762,0.5119945,2.0674942,0.9782506,1.7383409,0.17996812,0.3627849,B_cell_zone,0.0
CAAGCAACGTCGGAGT-1,1,32,38,5942,21354.0,5942,4117.6484,Medium-High,5,7,4,1,3,6,1,1,3515.4443531365987,0.45056120886630463,-0.33982086181640625,0.06616615471871531,-0.0777321308851242,0.6830651123505406,-0.3477778136730194,0.059675507371119325,0.3783577084541321,0.03924148991873143,0.12681899964809418,0.5042578699993938,-0.15377558767795563,0.41718366014556413,0.082297415,0.16138797,0.009289523,0.20725273,0.1903701,0.18929914,0.16010314,0.09602569,0.7703943,2.1744444,2.8294473,0.048012845,0.4819327,0.37224472,1.9215062,1.3357878,1.7592995,0.09602569,0.28432715,B_cell_zone,0.0
CAAGCACCAAATGCCT-1,1,18,66,7149,27538.0,7149,4477.2373,High,5,3,4,6,6,3,7,1,2834.0896245531826,1.0114042647073518,-0.5395824313163757,0.0020891444395345275,-0.01325300894677639,0.9445851328207768,0.25676074624061584,0.1707900175750641,0.07476434856653214,0.694577125089356,-0.6265401244163513,0.00021206505711839698,-0.0567345954477787,0.7658681209959748,0.06270486,0.1987916,0.027356287,0.13303232,0.12549861,0.22528051,0.22733581,0.40240586,0.42176637,2.4112885,2.9554176,0.07744914,1.2275908,0.33528864,2.0660112,0.9468334,1.8030262,0.41657186,0.40807444,B_cell_zone,0.0
CAAGCGGCACATAATT-1,1,54,72,5220,14435.0,5220,4269.329,Low,2,2,0,0,2,7,0,3,2209.926921868685,1.0114042647073518,0.12119658291339874,0.5234914534745914,-0.0166585985571146,0.9303760457138813,-0.05223092436790466,0.7839988894719825,0.12478334456682205,0.5111806441047383,-0.17966647446155548,0.34210194828478574,-0.25752830505371094,0.169470187202644,0.10628563,0.0,0.12157239,0.16223906,0.32822612,0.2816768,0.0,0.4623854,0.54766816,2.4514678,2.7772017,0.48452944,0.6150137,0.17448087,1.8341045,1.1785109,2.3373141,0.13159727,0.40810418,Medullary_cords,0.0
CAAGGATCGCATGTTC-1,1,40,68,3246,7470.0,3246,3643.3716,Low,5,2,7,1,0,7,1,1,1397.2920238804772,0.8675632284814612,0.04399459436535835,0.8174385204449579,-0.40193885564804077,0.027682052323066635,0.31432271003723145,0.09071399263800488,0.04094628244638443,0.8298981374910558,-0.17297585308551788,0.36067115540351485,-0.2828846573829651,0.12984371591309504,0.121091604,0.0,0.15484115,0.0,0.3055698,0.0,0.41849747,0.5389298,0.4182706,2.1408823,2.700199,0.3077795,0.5379474,0.520177,1.7068963,0.7329956,2.7943652,0.0,0.28319675,Medullary_cords,137.92751719653333
CAAGGCCAGTGGTGCA-1,1,66,100,5689,22155.0,5689,3709.7437,Medium-High,2,13,5,2,7,1,3,4,3454.1945515561224,0.6365141682948128,0.3223339915275574,0.0823543773080696,0.2882935702800751,0.12235473952112055,-0.33144015073776245,0.0735834831587812,-0.11693326383829117,0.5383089162832467,-0.24056951701641083,0.20034511606661518,-0.06331615149974823,0.7395912731765025,0.08779606,0.09198483,0.28466386,0.27785861,0.13561551,0.0,0.12208119,0.17353743,0.5841711,2.0378692,2.477067,0.18625237,0.30716538,0.3682081,1.4747546,0.97431296,2.6820266,0.2539487,0.2934674,Medullary_cords,550.0009090901577
CAAGGTCCTATAGGCT-1,1,34,110,6757,24428.0,6757,4478.967,Medium-High,0,0,7,4,0,4,4,0,1588.8738150023116,1.3296613488547582,-0.542862057685852,0.0019375756754294107,-0.0749107152223587,0.69400778051011,0.3674064874649048,0.04578883090286515,-0.2052665799856186,0.2765256574702988,-0.343438059091568,0.06315059262414423,0.09947085380554199,0.6009923820315616,0.30017084,0.0022149582,0.060384754,0.13867882,0.419447,0.013512667,0.06559103,0.19601122,0.5110399,2.370138,2.7152963,0.14304903,0.68231565,0.75268435,2.0038981,0.8159869,2.0702112,0.08579396,0.2825624,Medullary_cords,0.0
CAAGTAAGTGATAGAC-1,1,69,53,5341,16448.0,5341,4088.6538,Medium-Low,2,4,0,3,2,0,6,3,4426.16775551944,0.6931471805599453,-0.37664833664894104,0.040210818673675146,0.19366776943206787,0.30515642630027984,-0.002143125981092453,0.9910322946869498,-0.07362393289804459,0.6990187314603891,0.16864866018295288,0.3729927734370872,0.003970058634877205,0.9833884739866715,0.030441523,0.08836115,0.2467515,0.2069441,0.0,0.030940663,0.39656106,0.32181704,0.6370893,2.2243817,2.8335645,0.118744165,0.41243228,0.3369487,1.4642426,1.079088,2.3697793,0.8273438,0.69572085,Medullary_cords,552.6988330003963
CAAGTCGTTGAAATCT-1,1,76,48,6196,21852.0,6196,4228.536,Medium-High,3,4,0,0,5,0,0,6,5320.060619955378,0.9002560512685369,-0.3063870966434479,0.09961549950108475,0.0679813101887703,0.7211362433565971,-0.3130502700805664,0.09209904629541288,-0.04760998487472534,0.8027175956997625,0.056568097323179245,0.7665363154795977,0.10630672425031662,0.5760846801703116,0.17567386,0.0010734608,0.2274088,0.24932566,0.34651822,0.0,0.0,0.13006759,0.5834404,2.087019,2.7086368,0.08123909,0.40145424,0.4321427,1.5055833,1.1464047,2.0987742,0.16247818,0.269647,Medullary_cords,138.0
CAAGTGAACTTTGGTT-1,1,6,54,6250,20941.0,6250,4324.0503,Medium-High,3,8,2,0,1,5,5,6,4490.927409789653,0.0,-0.5173197388648987,0.0034165871298884203,-0.28497377038002014,0.1269123627457034,-0.1996564418077469,0.2901499226148081,0.16050675511360168,0.39683388981273765,-0.1200704574584961,0.5273860669355042,-0.1894635260105133,0.31597686631177274,0.02875908,0.0019152685,0.2199946,0.35996112,0.04127903,0.0,0.34809092,0.23235941,0.9993119,1.4787962,2.8000817,0.14638995,0.6534447,0.29251608,1.0687071,1.5063022,1.8665881,0.22223979,0.4743526,Medullary_cords,239.26763257908496
CAAGTGTGGTTGCAAA-1,1,40,94,6580,23165.0,6580,4417.365,Medium-High,3,10,2,0,0,4,5,6,478.0345175821512,0.0,-0.2710225582122803,0.1474355749012328,0.11119295656681061,0.5585684855157862,-0.06837098300457001,0.7196014871246666,0.040780775249004364,0.830575815981141,0.08671467006206512,0.6486530957923364,-0.10246104747056961,0.5900405001062977,0.116772935,0.00049636076,0.0833117,0.46351248,0.08217447,0.007995716,0.24573632,0.29057008,0.7605233,1.8909185,2.6288235,0.17943932,0.65862995,0.39403716,1.4231491,1.4089744,1.8953443,0.17943932,0.24220568,Medullary_cords,238.40302011509837
CAATAAACCTTGGCCC-1,1,26,74,6278,21750.0,6278,4216.3965,Medium-High,3,3,0,0,4,2,0,6,1730.4086222623835,0.6931471805599453,-0.39057454466819763,0.03284697899475676,-0.24392151832580566,0.19395488417698534,0.17535600066184998,0.3539979423100114,-0.12201395630836487,0.5206733983734659,0.13762149214744568,0.46831938063632367,-0.3217688202857971,0.08292402850231502,0.06447429,0.078619115,0.1888429,0.31360483,0.27449468,0.0014002522,0.07856394,0.31266215,0.7764958,1.9066582,2.6144109,0.22500476,0.4375229,0.41984695,1.2594599,1.3767601,2.6650438,0.09456974,0.4086873,Medullary_cords,364.3295211755424
CAATACGCTCTGAGGC-1,1,40,10,7030,28519.0,7030,4343.2734,High,1,7,3,6,3,6,7,5,5374.957674251957,0.45056120886630463,-0.09613422304391861,0.6133144093393439,0.241458460688591,0.1986364683403798,-0.0045438967645168304,0.9809878220115327,0.13883531093597412,0.46436683871420614,-0.16098250448703766,0.3954173753548874,0.1990596503019333,0.29162392592303266,0.050810788,0.07977304,0.043881536,0.0921642,0.2225584,0.120933354,0.3898787,0.3956065,0.48738712,2.2142467,2.9466865,0.3212722,0.4441666,0.4501925,1.8008211,0.98490596,1.892514,0.15029511,0.4973415,Medullary_cords,137.92751719653333
CAATATTCTTGACCTA-1,1,54,40,6068,21949.0,6068,3990.7236,Medium-High,2,9,5,2,5,0,2,4,3819.5583514327936,0.0,0.10988963395357132,0.563216635780186,-0.3438315987586975,0.06282909400112953,0.06520319730043411,0.7321085172585573,0.2717633545398712,0.14628902619556627,-0.1925182193517685,0.30809165052623955,0.1757616102695465,0.35286813848263215,0.022538738,0.092395134,0.2193787,0.14639087,0.12742727,0.15889905,0.23297024,0.38520357,0.5359144,2.287126,2.6405683,0.14078224,0.52541393,0.26867628,1.4453633,1.1580622,2.8086302,0.34964287,0.62884057,Medullary_cords,601.1222837326861
CAATATTGGACTAGTG-1,1,8,18,6631,26474.0,6631,4312.8984,High,4,8,1,4,1,5,4,7,6010.282023333015,0.5004024235381879,-0.617148756980896,0.00028048180019011037,-0.18382564187049866,0.3308557264414735,-0.05536505952477455,0.7713692283790307,-0.08897784352302551,0.6400902031231629,-0.2565525770187378,0.1711492189540297,-0.21403253078460693,0.25607648472499117,0.09150476,0.13770764,0.08575186,0.11374142,0.4987137,0.0100506,0.06252994,0.20509797,0.5271004,1.9824681,2.7466872,0.1504504,0.5862844,1.0089937,1.7669787,0.8915207,1.8335767,0.08010914,0.17967564,Medullary_cords,137.92751719653333
CAATCCCTATACCAGC-1,1,12,88,6828,25971.0,6828,4392.7876,High,3,5,2,7,6,3,8,2,3114.007867684345,0.6365141682948128,-0.7084484696388245,1.1836346353875926e-05,-0.10845665633678436,0.5683474393969379,0.13796237111091614,0.46720760651198673,0.1772608757019043,0.3487107617931184,-0.1458643525838852,0.44182718039345137,-0.14113178849220276,0.456937115816793,0.008373464,0.0027619146,0.105293065,0.24607544,0.2902379,0.13850042,0.20875783,0.39897415,0.98321533,1.5780768,2.6154852,0.15281191,1.7273685,0.57945925,1.1202286,1.3644345,2.1146572,0.08143313,0.5668096,Medullary_cords,138.42326394071193
CAATCCTGCCGTGGAG-1,1,14,24,7777,34625.0,7777,4432.659,High,3,11,2,0,1,5,5,6,5260.060836150092,0.45056120886630463,-0.7451793551445007,2.31376848218287e-06,-0.15863637626171112,0.4024308092692435,0.02023778110742569,0.915465335276007,-0.02480156719684601,0.8964941730022327,-0.3019370436668396,0.10488704463606198,0.2525184452533722,0.17821608280633874,0.052808784,0.0,0.13511382,0.332614,0.082776815,0.12647572,0.27021083,0.2979231,0.8357257,1.7925367,2.782808,0.17740849,0.6700104,0.5483993,1.2043242,1.5110465,2.2680252,0.12685913,0.47284308,Medullary_cords,239.77072381756702
CAATGACCCTTAATTT-1,1,73,57,3886,9068.0,3886,3930.3906,Low,3,4,0,0,2,1,0,3,4704.740162857031,0.45056120886630463,-0.07113749533891678,0.7087363804968781,0.10732778906822205,0.5724041836179328,-0.1646258383989334,0.38466569603388934,-0.004792645573616028,0.9799472306589649,-0.2072855830192566,0.27172512101715285,0.23534327745437622,0.21059561004281957,0.09753981,0.006923464,0.08071137,0.42531204,0.269383,0.047716852,0.072413504,0.41632703,0.91291314,1.8688916,2.5434155,0.33144966,0.3841552,0.18257959,1.2805102,1.5161912,1.799262,0.0,0.36732575,Medullary_cords,728.0453282591682
CAATGCGAGAAGTATC-1,1,54,82,5655,17658.0,5655,4161.886,Medium-Low,2,6,5,2,2,4,2,4,1960.9150925014576,0.0,-0.03138352558016777,0.8692345406375614,0.09056895971298218,0.6340970187787534,-0.354057639837265,0.054914350567562345,0.1118026152253151,0.5564002752046082,-0.06890280544757843,0.7175085878069828,0.010636702179908752,0.955512665743867,0.0046962653,0.0,0.23341775,0.1648051,0.116738535,0.25906792,0.22127439,0.26988447,0.58859783,2.0158648,2.6983247,0.16827996,0.46138126,0.28046662,1.1818248,1.0518045,2.9937806,0.36041096,0.7639907,Medullary_cords,498.89477848540366
CAATGGAATCTACATA-1,1,9,91,6804,24647.0,6804,4460.7847,Medium-High,3,12,7,1,6,3,1,1,3479.6379121971872,1.0114042647073518,-0.36366036534309387,0.04821817399855369,-0.2673855125904083,0.15315899328864532,0.14248989522457123,0.4525731720824642,-0.0353928804397583,0.8526992407330661,-0.34796130657196045,0.05953194786096872,-0.2659076154232025,0.15552972036586982,0.10453731,0.1579045,0.11610044,0.16447836,0.38841996,0.0,0.06855952,0.31363478,0.5815434,2.1058547,2.7109532,0.0,0.8037151,0.55685526,1.7458879,1.1895976,1.9582918,0.23367198,0.056759328,Medullary_cords,138.0
CAATGGATCTCTACCA-1,1,28,86,5020,14187.0,5020,4102.609,Low,2,0,0,2,4,2,0,3,1205.159325566541,1.0114042647073518,-0.2539224326610565,0.17573372305180354,-0.30688658356666565,0.09903651066845094,-0.05022784322500229,0.7920992130933956,0.003891877830028534,0.9837155548701867,-0.07543103396892548,0.6919851409416291,0.030048463493585587,0.8747529474909601,0.11359481,0.0,0.28302744,0.20918022,0.3323323,0.028111419,0.03375386,0.39740005,0.53108394,2.3144126,2.6405172,0.41084555,0.31865394,0.41995955,1.6425786,1.1744682,2.539256,0.4174177,0.5863738,Medullary_cords,138.42326394071193
CAATGGTCGGCCTGGG-1,1,6,56,5879,19139.0,5879,4242.401,Medium-Low,3,8,0,0,6,5,0,6,4420.279742278763,1.0114042647073518,-0.48530688881874084,0.006559829636494023,-0.18019096553325653,0.34067115723018193,-0.0762624517083168,0.6887574750107881,0.09637893736362457,0.6124071168196089,-0.1688922643661499,0.37229264206704765,0.07530275732278824,0.692483599637057,0.09509333,0.0047469246,0.17487188,0.3719137,0.3480013,0.00019473287,0.005178156,0.20559935,0.76466,2.194779,2.689691,0.14196758,0.5139135,0.42495546,1.6830187,1.2865958,2.3774192,0.21017468,0.34518123,Medullary_cords,138.00362314084367
CAATGTGCCAACCCTT-1,1,37,115,6361,22690.0,6361,4188.7744,Medium-High,2,0,0,3,0,4,0,3,1863.130966947842,0.9743147528693494,-0.06379466503858566,0.7376915729110638,-0.08460737764835358,0.6566659008936349,-0.10059533268213272,0.5968636861356691,-0.06676270067691803,0.7259426613009605,0.34803536534309387,0.05947408318012428,0.09878990799188614,0.6034984892687835,0.030865168,0.10820741,0.18313108,0.11981478,0.12210903,0.03693857,0.39893392,0.4224214,0.49974778,2.2648456,2.6678226,0.24930488,0.72345334,0.24930486,1.3966806,0.92169774,2.2534869,0.15801527,0.68270624,Medullary_cords,240.00208332429116
CAATTAAGGGTGATGA-1,1,29,65,5718,17123.0,5718,4360.8696,Medium-Low,1,3,4,3,4,2,0,3,1915.4299778378745,0.8675632284814612,-0.10566958785057068,0.5783866163509288,-0.07201636582612991,0.7052963091224829,-0.04477901756763458,0.8142391973021955,0.021031498908996582,0.9121623726594715,-0.30697888135910034,0.09892980052698924,0.08587002009153366,0.6518602551359887,0.0859676,0.0018279303,0.1469912,0.14502445,0.058244973,0.22164816,0.34029573,0.26559842,0.64651614,2.3149014,2.8935525,0.26922357,0.65964454,0.45735162,1.7032933,1.175938,2.1694596,0.30845666,0.5430964,Medullary_cords,137.0
CAATTGGGCCGCACTC-1,1,56,4,6426,26347.0,6426,4059.4248,High,5,1,4,1,5,0,1,1,6171.112460488789,0.8675632284814612,-0.14891724288463593,0.43222545474772817,-0.08699597418308258,0.6475863385336038,-0.015267342329025269,0.9361784722952806,0.4275537133216858,0.018436924164061046,0.454116553068161,0.01170887104016685,0.35495901107788086,0.054256257599393794,0.25002718,0.0037415444,0.0,0.34938267,0.27824557,0.010165861,0.10843723,0.22882858,0.50083196,2.1912007,2.7798738,0.040222265,0.68110645,0.5120717,1.8618484,1.0560819,1.7616775,0.0,0.29553768,B_cell_zone,0.0
CAATTTCGTATAAGGG-1,1,37,63,4469,11015.0,4469,4145.06,Low,1,9,3,3,0,7,0,3,1724.837963404099,1.0986122886681096,0.24892446398735046,0.18468263364051757,0.12252381443977356,0.5189193120854323,-0.009839060716331005,0.9588458390870379,-0.11650330573320389,0.5398142251801731,-0.13606661558151245,0.4734081135511884,-0.09082050621509552,0.6331515906418123,0.04326992,0.08087991,0.0,0.123460114,0.1938261,0.34296188,0.21560207,0.41377515,0.72196454,2.1900709,2.869454,0.08075271,0.82976264,0.16150542,1.8574047,1.2858949,1.9089828,0.32301083,0.690181,Medullary_cords,0.0
CACAAACCGCAGAACT-1,1,71,115,5225,16103.0,5225,3946.422,Medium-Low,2,13,5,5,7,1,3,4,4368.050480477532,0.6829081047004717,0.09943054616451263,0.6011406037837252,0.18502779304981232,0.3276477833075045,0.07414712756872177,0.6969798120749189,0.22651048004627228,0.2287237285828552,-0.415263295173645,0.022489700110370565,-0.0031466782093048096,0.986833329430709,0.043298054,0.0,0.28910857,0.15514056,0.28199822,0.0,0.23045456,0.26222318,0.63816035,2.0660248,2.6055207,0.34244365,0.23240536,0.37770543,1.2170808,0.992244,2.9111748,0.36228353,0.39038128,Medullary_cords,239.00209204105306
CACAAGAAAGATATTA-1,1,14,112,7171,28100.0,7171,4415.583,High,1,12,3,6,4,3,7,5,3314.9523375155786,1.0114042647073518,-0.09903386235237122,0.6026001455204356,0.09612131118774414,0.61336229636557,-0.1648324429988861,0.38406110489196893,0.06790276616811752,0.721445723817791,-0.2670626938343048,0.15367460275378925,0.003115363884717226,0.9869643471307797,0.084211364,0.0026248214,0.03038837,0.18795002,0.3580831,0.14895388,0.1877884,0.23952429,0.4792212,2.3049173,2.8909984,0.15223637,0.60380757,0.41089326,1.503081,0.9556461,1.996527,0.076118186,0.41221067,Medullary_cords,138.00362314084367
CACAAGCTAAGAAAGG-1,1,67,15,7948,38697.0,7948,4317.3315,High,5,1,3,1,5,0,1,1,6108.391932415601,1.0986122886681096,-0.3181489109992981,0.0866444696196644,0.321249783039093,0.08344983341237698,-0.032793864607810974,0.8634115181761384,-0.480720192193985,0.007167040250870708,-0.4659062623977661,0.009463814055714965,0.18295112252235413,0.3332014063855906,0.09453359,0.15635926,0.012615768,0.27798206,0.30110618,0.0032474142,0.15415569,0.2203469,0.5605716,2.1302397,2.8410993,0.21369879,0.52452165,0.4274219,1.6542263,1.1882683,1.9412282,0.11492767,0.46843398,Medullary_cords,137.92751719653333
CACAATGAGCTGCTAT-1,1,42,50,4958,15872.0,4958,3899.6572,Low,5,9,3,5,3,7,3,5,2658.795215882562,0.6365141682948128,-0.03140448406338692,0.8691479571768062,0.13351479172706604,0.4818215134762788,-0.05603436008095741,0.7686794277524657,0.0026556989178061485,0.9888876007928136,-0.21256443858146667,0.2594300371554612,-0.07470052689313889,0.6948254329565359,0.11986371,0.2720661,0.12926692,0.0028227067,0.0,0.0,0.47598067,0.1630081,0.42569906,2.1270278,2.9888117,0.22408673,0.42225653,0.2548247,1.7930393,0.7340059,1.8218145,0.0,0.2987823,Medullary_cords,137.55726080436466
CACACACGCTAACGAG-1,1,55,103,6783,24445.0,6783,4506.124,Medium-High,4,10,1,4,0,4,4,7,2283.549868078208,1.4750763110546947,0.15697640180587769,0.4074353664568826,0.19448938965797424,0.3030693118800058,0.0021005100570619106,0.9912106100497154,0.2751045525074005,0.1411978324510226,0.0732666403055191,0.7004123021726139,0.2790443003177643,0.13536142070456317,0.10948983,0.06208172,0.06727709,0.11771585,0.12593679,0.3255988,0.1918998,0.20692013,0.49792457,2.2248092,2.698959,0.12861072,0.4601581,0.5781967,1.9830613,0.89120954,2.0344,0.17148095,0.41802108,Medullary_cords,0.0
CACACAGCTTGCGCTC-1,1,47,115,4422,12698.0,4422,3793.0566,Low,2,10,5,2,0,4,2,4,2149.5394855642917,0.0,0.28798776865005493,0.1227694349842841,-0.08973968029022217,0.6372178280353364,-0.18130654096603394,0.3376399824117889,0.4617540240287781,0.010209047344259488,0.003978606313467026,0.9833527136765889,-0.24336768686771393,0.19500082850052167,0.09185688,0.0050410572,0.3907092,0.042514365,0.029140351,0.053028703,0.3877095,0.19961064,0.48648196,2.2634668,2.5220265,0.0,0.44200468,0.45427954,1.8117542,0.79375255,2.9103818,0.47293472,0.5524787,Medullary_cords,0.0
CACACAGGGATAGATT-1,1,25,27,6163,21485.0,6163,4293.487,Medium-High,5,11,4,1,1,6,1,1,4478.662523566606,0.0,-0.4721532166004181,0.008429251952485419,0.16794903576374054,0.37500781230915187,0.007390311919152737,0.9690826500104891,-0.5090351700782776,0.004069163615890638,-0.2098308950662613,0.265750523001536,0.20700125396251678,0.272397879376727,0.1855097,0.19446003,0.015599864,0.2911926,0.30336925,0.009868557,0.0,0.047769528,0.502007,2.3402026,2.7661905,0.047769528,0.49254698,0.2733252,2.208818,1.1239233,1.808681,0.095539056,0.30262512,B_cell_zone,0.0
CACACGCGCTGTCTTA-1,1,33,89,4731,12217.0,4731,4191.698,Low,3,0,2,0,0,2,5,6,602.8474102125678,0.0,0.13189880549907684,0.48718891460738845,-0.03192153573036194,0.8670123909313504,-0.003884423989802599,0.983746739241831,-0.038529232144355774,0.8398065253263582,0.055864956229925156,0.7693599844591706,-0.1947702169418335,0.3023580045886933,0.06964434,0.00065269956,0.0,0.42232734,0.5027741,0.0,0.004601366,0.22975299,0.9717622,1.7323067,2.540187,0.2990147,0.57522225,0.39192384,1.1970005,1.6172873,1.7400223,0.0,0.099671565,Medullary_cords,365.0
CACACGTTTCAATGGG-1,1,5,89,5656,18449.0,5656,4114.6963,Medium-Low,3,12,0,0,6,3,0,6,3953.455324143679,1.0114042647073518,0.10072311758995056,0.596395277452994,0.0983690619468689,0.6050495594493054,-0.2943699061870575,0.11432765528801424,0.19694913923740387,0.2968747208249428,-0.16707386076450348,0.3775373985467759,-0.1724366396665573,0.362193243232406,0.045849044,0.0,0.1504155,0.26826194,0.24487638,0.0,0.29059717,0.28922543,0.8097928,1.655885,2.560374,0.16242786,0.6539682,0.46671867,0.86492836,1.2073245,2.5185924,0.10828524,0.338967,Medullary_cords,138.06158046321215
CACACTTGTATTGCGA-1,1,10,116,6221,21816.0,6221,4346.436,Medium-High,5,12,4,1,4,3,1,1,3868.1473601712746,0.5004024235381879,0.10950137674808502,0.5646047105232208,0.25010398030281067,0.18254253224377023,-0.2582191526889801,0.168288458453513,0.04289214313030243,0.8219397952159061,-0.3494105041027069,0.05840762948590695,-0.007808370050042868,0.9673346042098284,0.24313352,0.0080981115,0.1187766,0.2653481,0.119434774,0.05858632,0.18662263,0.17567351,0.48733643,2.4440663,2.8285506,0.0,0.48234046,0.38212878,2.097807,0.8762473,1.8095849,0.09433861,0.4545474,B_cell_zone,0.0
CACAGAGACGAGGACG-1,1,64,20,3795,8953.0,3795,3900.854,Low,4,1,1,4,5,0,4,7,5622.170844077935,0.6931471805599453,-0.4926612973213196,0.005677507943029316,-0.06324215233325958,0.7398851845544041,0.04487420618534088,0.8138511622089595,-0.17992949485778809,0.34138398545862986,-0.24086850881576538,0.1997692929700206,0.1467331498861313,0.4390830222862752,0.08195765,0.0,0.13554694,0.32361802,0.2652255,0.018855033,0.17479688,0.1874934,0.5767395,2.0017395,2.7057202,0.0,0.1874934,0.5836483,1.3582993,1.1433245,2.0691965,0.3749868,0.3206098,Medullary_cords,138.0
CACAGCACCCACGGCA-1,1,31,59,5770,20017.0,5770,4045.5525,Medium-Low,1,3,3,5,1,2,3,5,2164.6923568950856,0.6365141682948128,-0.03611312061548233,0.8497351067674963,0.19974176585674286,0.2899395704350174,0.18618232011795044,0.32458495434795004,-0.416233628988266,0.022145204967102566,-0.34806981682777405,0.05944718007532389,0.36734235286712646,0.045829585747943734,0.13266276,0.0017750659,0.12634172,0.17046337,0.26191556,0.025272725,0.28156886,0.16512038,0.40383944,2.3552828,2.754456,0.10129549,0.54898757,0.16512038,1.9343854,1.0677078,2.4833508,0.0,0.4814455,Medullary_cords,0.0
CACAGCTAGGGAGTGA-1,1,20,60,6234,20198.0,6234,4439.669,Medium-Low,0,3,4,1,1,2,1,1,2891.267023296188,0.6931471805599453,0.023283135145902634,0.9028004368159808,0.12040670961141586,0.5262217049901613,0.30427300930023193,0.10209436875408809,-0.0266786590218544,0.8887069205497163,-0.40339285135269165,0.027071897448779435,0.16881076991558075,0.372526775699875,0.14222908,0.16552287,0.0,0.22366172,0.22561947,0.24296686,0.0,0.18657723,0.61820483,2.4319525,2.8362837,0.18657723,0.61702925,0.3946968,2.089493,1.0686771,1.7680306,0.20109606,0.29644325,B_cell_zone,0.0
CACAGGGCCATATAGT-1,1,57,97,6573,22754.0,6573,4437.7544,Medium-High,0,10,3,1,0,4,4,0,2359.2901474808054,1.5607104090414068,0.21051673591136932,0.26415539230133595,0.4141883850097656,0.022876448334911446,0.030442729592323303,0.8731226588998324,0.09593946486711502,0.6140368870268152,0.33263757824897766,0.0724860497490972,0.01611466333270073,0.9326442025725816,0.08770148,0.0,0.056716472,0.29093128,0.14918542,0.0098737795,0.4055916,0.31580013,0.66290903,2.0927076,2.8374376,0.33983436,0.49213916,0.6546921,1.7688528,1.3078215,1.8883824,0.091074385,0.4894025,Medullary_cords,138.42326394071193
CACAGGGCCGTTGTCA-1,1,62,60,6586,23646.0,6586,4372.9854,Medium-High,1,4,3,3,2,1,6,5,3461.3292244454296,0.6365141682948128,0.09021938592195511,0.6354118164141577,0.009546780958771706,0.9600673869926811,0.031253498047590256,0.869771742068586,-0.3931508958339691,0.031612641012843515,-0.5622957944869995,0.0012203641362396687,0.4534228444099426,0.011853797967743674,0.039388973,0.089126036,0.06923232,0.07240451,0.1461969,0.14547864,0.43817267,0.32273346,0.4964891,2.1258955,2.9316366,0.2929964,0.6102242,0.3112991,1.6329861,0.883783,1.8612933,0.37221467,0.5553781,Medullary_cords,138.42326394071193
CACAGTCCCGCTTCGC-1,1,60,112,5151,17579.0,5151,3815.6338,Medium-Low,1,13,3,5,7,1,3,5,3110.376504540889,0.9002560512685369,-0.009403103962540627,0.960667900287535,0.17279574275016785,0.3611791470543023,0.04274434596300125,0.8225436712550409,0.15279211103916168,0.42020478604403316,-0.06765370070934296,0.7224273806235477,0.2810187339782715,0.13250362736466015,0.024513334,0.062754236,0.10343371,0.18061051,0.17145249,0.15008864,0.3071471,0.33904967,0.5270728,2.1936412,2.7257729,0.16889659,0.38834146,0.35588932,1.4033803,1.3098224,2.4376056,0.11259772,0.35182893,Medullary_cords,137.0
CACATAAGGCGACCGT-1,1,1,29,7867,38883.0,7867,4451.139,High,4,8,1,4,1,5,4,7,6011.2617643885715,1.073542846408523,-0.49428603053092957,0.005496861188961224,-0.4497193992137909,0.012653175921482794,-0.26767224073410034,0.1527020719503721,0.22794325649738312,0.22571404865349476,-0.016468487679958344,0.9311687296710337,0.25905415415763855,0.16686796553358318,0.18740049,0.07249299,0.009457476,0.32110313,0.40580222,0.003743669,0.0,0.16831535,0.61086905,2.0468044,2.4905643,0.028611042,0.42330885,0.93113226,1.793206,0.9461243,1.8181008,0.11444417,0.27396396,Medullary_cords,137.55726080436466
CACATATTAGCAGGAT-1,1,47,73,4111,10436.0,4111,3885.4712,Low,2,2,0,2,0,7,2,4,1493.1379708519905,0.6365141682948128,0.19517932832241058,0.30132364682132795,-0.3663617670536041,0.04645631004677748,0.09358277916908264,0.6228072022203808,-0.5418639183044434,0.0019826614994593044,0.12202613800764084,0.5206314555217099,-0.14557410776615143,0.44274600274809484,0.06163007,0.0005379056,0.23183767,0.2821763,0.35774124,0.007857418,0.058219403,0.21781392,0.6254164,2.1249619,2.611013,0.25203136,0.6391616,0.5538558,1.5373156,1.18292,2.6394541,0.43562785,0.5808408,Medullary_cords,239.26763257908496
CACATCGTGCACGCGC-1,1,60,38,5574,17000.0,5574,4287.5283,Medium-Low,5,1,4,1,5,0,1,1,4334.738861800097,1.0114042647073518,-0.4190792739391327,0.021159844253170718,-0.005897940136492252,0.9753238631739419,-0.13595980405807495,0.4737587335373257,-0.010069411247968674,0.9578831811185691,-0.2850453853607178,0.1268127461243652,0.10018355399370193,0.5983741785040788,0.17873396,0.0,0.14338368,0.22693431,0.036546532,0.024403257,0.38999826,0.188824,0.79369634,2.267791,2.994507,0.11565588,0.43159664,0.42573792,2.0738838,1.0466411,2.0788555,0.0,0.33633876,Medullary_cords,0.0
CACATCTCACCGACGA-1,1,57,75,5625,16106.0,5625,4383.791,Medium-Low,3,6,0,0,2,1,0,3,2445.3230870377843,1.3296613488547582,-0.423887699842453,0.019576960309025677,0.2982350289821625,0.10942968049506802,0.06648103892803192,0.7270550471950074,-0.0438174307346344,0.8181614943921414,0.02630804106593132,0.8902436749987673,0.033216383308172226,0.8616683689975618,0.10201305,0.110961474,0.1672058,0.22104494,0.21160387,0.0,0.18717086,0.22328895,0.5476301,2.2177854,2.7400074,0.32257468,0.7560136,0.2820366,1.4629537,1.2301812,2.1662178,0.32257468,0.41679716,Medullary_cords,137.55726080436466
CACATGATTCAGCAAC-1,1,38,64,3357,7903.0,3357,3679.422,Low,1,9,3,5,0,7,3,5,1652.0048426079145,0.6365141682948128,0.033093810081481934,0.8621739936420819,0.15116575360298157,0.4252273218175972,0.18199855089187622,0.33576795393417924,-0.11801309883594513,0.5345371517475783,-0.2065800577402115,0.2733964611389436,-0.010146938264369965,0.9575592009361265,0.1192001,0.00411805,0.053909622,0.3332944,0.0,0.022897147,0.46658072,0.15768647,0.9668844,2.2736735,2.8024664,0.0,0.6135621,0.0,1.5768859,1.2276052,2.0465062,0.0,0.61911154,Medullary_cords,137.55726080436466
CACATGTTTGGACATG-1,1,10,18,6390,22863.0,6390,4379.4683,Medium-High,4,8,1,4,1,5,4,7,5871.021461381316,0.0,-0.6455200910568237,0.00011713234597682315,-0.009250342845916748,0.9613064047617116,-0.18916670978069305,0.31674966626695533,-0.037299785763025284,0.8448558047262232,-0.16630908846855164,0.3797559952888326,-0.19727091491222382,0.2960703305454933,0.29049513,0.0,0.16749229,0.05958112,0.44614494,0.036286533,0.0,0.15012643,0.31565982,2.1119258,2.5549798,0.21462147,0.6765218,1.0566694,1.9114628,0.5117557,2.283254,0.0,0.3583963,Medullary_cords,0.0
CACATTCTTTCGATGG-1,1,18,90,6204,21295.0,6204,4356.9624,Medium-High,3,5,2,7,4,2,8,2,2399.633305319794,0.8675632284814613,-0.7817926406860352,3.378862090033319e-07,-0.30695390701293945,0.09895866606765093,0.16424891352653503,0.38577011508817444,0.3655377924442291,0.04698819312381985,-0.10665327310562134,0.5748343385122868,0.06981359422206879,0.7139289881164017,0.099919595,0.005463441,0.14137392,0.48151207,0.25721177,0.0027578385,0.011761266,0.412858,0.7332216,1.7289338,2.7242115,0.30993706,1.5569961,0.39881042,1.401836,1.3485016,1.6154481,0.33113456,0.22075638,Medullary_cords,137.92751719653333
CACATTTCTTGTCAGA-1,1,44,108,5852,19756.0,5852,4064.3882,Medium-Low,2,10,5,2,0,4,2,4,1553.8008237866268,0.8675632284814613,-0.2288999706506729,0.22371932769597405,0.16351917386054993,0.3879135044587056,-0.21671921014785767,0.2500133361274454,-0.0963536947965622,0.6125006791500724,-0.1284923553466797,0.4986024146565096,0.11790837347507477,0.5349023950251152,0.06025231,0.0,0.21409905,0.3097374,0.056653842,0.16437556,0.19488186,0.34040943,0.9226722,2.0893393,2.6510222,0.2821249,0.61631197,0.47193867,1.3694017,1.4373677,3.1571062,0.10239764,0.42701107,Medullary_cords,138.42326394071193
CACCAGTCAGCATGCA-1,1,60,22,7628,32585.0,7628,4474.424,High,1,1,0,3,5,0,0,3,5252.207631082381,0.6365141682948128,-0.44225919246673584,0.014400756606838597,-0.4563034474849701,0.011261675544354005,0.08412264287471771,0.6585143978530811,0.16875460743904114,0.3726881807316526,-0.058710046112537384,0.757952878737794,0.19351406395435333,0.30554787380103793,0.067126654,0.006489736,0.24708341,0.19062832,0.054005124,0.037520908,0.39714584,0.54649377,0.6099028,2.0114937,2.9497252,0.3350539,0.7963983,0.32715902,1.460274,1.2325311,2.123617,0.3536224,0.5889226,Medullary_cords,239.26763257908496
CACCATCGGAGGAGAC-1,1,11,61,6152,20609.0,6152,4364.6553,Medium-High,3,8,2,0,6,3,5,6,3729.396331847823,1.0114042647073518,-0.5019014477729797,0.004713994491802048,0.016522841528058052,0.9309420899182886,-0.3055330216884613,0.10061142186415901,0.018850184977054596,0.9212429359195065,0.09033096581697464,0.6349920299613141,0.10065370053052902,0.5966497131687717,0.096614555,0.001601926,0.11675474,0.4165289,0.0,0.24891868,0.11958123,0.14834327,1.0224859,1.8705276,2.7283003,0.14834327,0.64945453,0.3679724,1.3281711,1.5792794,1.7912227,0.0,0.26372138,Medullary_cords,138.0
CACCATGATCGCAAAG-1,1,12,114,6929,26925.0,6929,4410.631,High,5,12,4,1,4,3,1,1,3591.7980177064524,0.6615632381579821,-0.12841907143592834,0.4988494235816398,0.13566450774669647,0.47472877639254335,-0.20001651346683502,0.28926288559648544,-0.05109291523694992,0.7885982647429812,-0.22901853919029236,0.22347294834079054,-0.051658995449543,0.7863095150363131,0.21577136,0.22863914,0.016113838,0.10495566,0.2266384,0.023990193,0.18389145,0.1184376,0.40703642,2.5090675,3.056782,0.197396,0.46372563,0.1184376,2.3607254,0.81815076,1.8566788,0.1579168,0.14522149,B_cell_zone,0.0
CACCCAAATCTTATGT-1,1,35,105,6090,20085.0,6090,4304.884,Medium-Low,3,0,7,0,0,4,5,6,1224.7220092739412,1.0114042647073518,-0.7001848220825195,1.6526185956414313e-05,-0.14589904248714447,0.44171743232072,0.6849219799041748,2.9762520077036765e-05,0.08865225315093994,0.6413193457393284,-0.6366165280342102,0.00015550327016365195,-0.03754470869898796,0.843849430276325,0.066015095,0.0,0.14851132,0.31518364,0.19264834,0.23022115,0.04742057,0.22340283,0.99430513,1.8214481,2.6894274,0.273868,0.6306934,0.5250678,1.3921082,1.5112087,2.2994351,0.30305248,0.4581608,Medullary_cords,137.92751719653333
CACCCACACGTCACCC-1,1,17,43,5451,16274.0,5451,4218.457,Medium-Low,3,11,2,0,1,5,5,6,3990.598952538328,1.0114042647073518,-0.17362484335899353,0.35884423001221805,-0.20308315753936768,0.2817782517734109,-0.27799373865127563,0.13690021806477587,0.3248158097267151,0.07988830864293696,0.19934633374214172,0.2909152596472476,0.29103362560272217,0.11868501985986561,0.052184824,0.0,0.17662713,0.29942092,0.13030823,0.0,0.3414589,0.37586343,0.6761385,1.8005276,2.610064,0.2602595,0.6714531,0.3102556,1.0919509,1.2255076,2.3027635,0.3201359,0.25400376,Medullary_cords,498.7604635493876
CACCCACGAGGCAATT-1,1,20,86,6475,21250.0,6475,4599.126,Medium-High,4,5,7,4,4,2,4,7,2159.7393361236905,0.6365141682948128,-0.6797584891319275,3.60350302052131e-05,-0.20708689093589783,0.27219513823420133,-0.04992159456014633,0.7933395562862247,0.1909383237361908,0.3121544067238565,0.0034652173053473234,0.9855005960939062,0.13557590544223785,0.47502003422423084,0.18413198,0.12314292,0.13719682,0.18433033,0.08140762,0.0,0.28979033,0.1793274,0.45237327,2.3269255,2.5919743,0.14462343,0.75291276,0.9462177,2.1063473,0.7678391,1.8365197,0.096415624,0.2391032,B_cell_zone,0.0
CACCCGGTTTGTGACT-1,1,53,39,5315,16756.0,5315,3965.786,Medium-Low,2,9,5,2,5,0,2,4,3821.1842405202083,0.45056120886630463,0.09411867707967758,0.620808372924749,-0.4088490307331085,0.024879281437347852,0.024249497801065445,0.8987863006765638,0.1747378408908844,0.3557239427472713,-0.259333997964859,0.16639381030931788,0.22399890422821045,0.23406443524663054,0.05269604,0.0010502711,0.19852293,0.21888593,0.18498237,0.18926518,0.1545972,0.38378686,0.7832481,2.1612391,2.5643601,0.31338686,0.57743,0.3530797,1.3925593,1.1094794,2.7459283,0.31338686,0.32703182,Medullary_cords,497.2051890316512
CACCCTAACAAGATCT-1,1,56,80,4717,13683.0,4717,3908.36,Low,2,6,5,2,2,1,2,4,2225.7558266800065,0.0,-0.3039019703865051,0.10253417326116177,0.20219673216342926,0.2839288325507985,-0.08307120949029922,0.6625307290565646,-0.1352923959493637,0.47595262310748976,-0.11193962395191193,0.5559135472975903,-0.07546620070934296,0.6918485116805183,0.055717696,0.0038481725,0.28373086,0.28391805,0.14602888,0.010384278,0.21637207,0.21045968,0.7188781,2.0550632,2.4415588,0.29379988,0.5399826,0.28226542,1.2790036,1.1504092,2.8015676,0.6525929,0.61794,Medullary_cords,365.0
CACCCTTGGTGAGACC-1,1,50,16,5951,19697.0,5951,4189.2476,Medium-Low,2,7,0,3,3,6,6,3,5160.88257955943,0.45056120886630463,-0.25135621428489685,0.1802895758400966,-0.3158290386199951,0.08909488207396722,-0.056758344173431396,0.7657728254142663,-0.025031160563230515,0.8955411674705454,0.10680346935987473,0.5742928104640321,-0.07684813439846039,0.6864869902054511,0.023775166,0.0008993506,0.22790542,0.07812843,0.1350048,0.15068285,0.383604,0.25403112,0.53861827,2.197785,2.797892,0.37629104,0.5890262,0.11568478,1.3623197,0.9240868,2.716105,0.76832885,0.81891584,Medullary_cords,729.441567227972
CACCCTTTCCTCGCTC-1,1,8,40,6258,21622.0,6258,4313.6733,Medium-High,3,8,2,0,1,5,5,6,4881.413115072315,0.45056120886630463,-0.3470351994037628,0.060259280597532806,-0.3256450891494751,0.07907706128003289,-0.2008647471666336,0.2871800929471961,0.0832834392786026,0.6617192966094445,-0.010286310687661171,0.956976789661018,0.21548615396022797,0.2527841528015092,0.022319721,0.0,0.03488437,0.3009438,0.2866364,0.16531987,0.18989591,0.38082603,0.85822195,1.5686781,2.5494506,0.22441785,0.6992818,0.2375886,1.1127816,1.6035284,2.1422753,0.09503544,0.6100333,Medullary_cords,768.3749084919418
CACCGATACACCGAGC-1,1,10,84,5685,17993.0,5685,4279.806,Medium-Low,3,5,0,0,6,3,8,6,3364.921692996733,0.45056120886630463,-0.4787362217903137,0.007444085908048533,0.2761610746383667,0.1396150570758222,0.03357166796922684,0.8602030939617109,-0.1484292894601822,0.4337524117058812,0.046788107603788376,0.8060584490732278,0.08324310183525085,0.6618734926025457,0.015979223,0.15400848,0.21081749,0.32657313,0.27058202,0.022039684,0.0,0.30529156,0.67549247,1.5445908,2.4342585,0.25916678,0.83148456,0.64799887,0.87763864,1.2592599,2.273598,0.29734772,0.525256,Medullary_cords,364.9465714320385
CACCGCCAGAAGGTTT-1,1,27,59,5557,17407.0,5557,4278.7603,Medium-Low,5,3,4,1,1,2,1,1,2391.097028562413,0.6931471805599453,-0.1525515764951706,0.42094552453303347,0.13719135522842407,0.46972424240980787,0.1514088213443756,0.4244745783433942,-0.16807636618614197,0.37464060623902984,-0.10069268941879272,0.5965068006781532,-0.17778851091861725,0.3472546872753025,0.20794621,0.0009395502,0.0,0.19552326,0.595591,0.0,0.0,0.0,0.52522886,2.3451107,3.0663261,0.056740753,0.542121,0.39714885,2.0732398,0.87062216,1.7431026,0.19124636,0.07565434,B_cell_zone,0.0
CACCGCCGACCAGCGA-1,1,9,67,5937,20648.0,5937,4160.934,Medium-High,5,5,4,6,6,3,1,1,3762.315244633283,0.6931471805599453,-0.05854535847902298,0.7586118461490176,-0.06212053447961807,0.7443444238068382,-0.14897242188453674,0.43205296803109317,-0.23936066031455994,0.20268490361004535,-0.4456012547016144,0.013594505576349957,0.2244148552417755,0.2331742219070411,0.08164011,0.12768786,0.091380104,0.10649806,0.010966513,0.16721515,0.41461226,0.23279005,0.4000048,2.1557157,2.939285,0.3174624,0.6461945,0.42962974,1.7478731,0.79521585,1.8891592,0.2962354,0.6212044,Medullary_cords,137.00364958642524
CACCGCGTCCACTCTA-1,1,16,104,4860,14366.0,4860,3971.8254,Low,1,12,3,5,4,3,3,5,2856.2333588136667,0.0,0.20576460659503937,0.27533646662618083,0.1285121589899063,0.4985356755408654,0.08822318911552429,0.642940533815505,0.16839222609996796,0.3737306107045011,-0.17030146718025208,0.36825764915716824,-0.2035977691411972,0.28053454360601326,0.037200704,0.0,0.23990798,0.038584813,0.13081944,0.25562927,0.29785785,0.55717707,0.56708413,1.9592674,3.0126352,0.17508325,0.44814152,0.19814306,1.369859,0.8408168,2.2433238,0.3501665,0.6006546,Medullary_cords,239.26763257908496
CACCGGAGATATCTCC-1,1,7,93,7209,29434.0,7209,4437.85,High,4,12,7,4,6,3,4,7,3729.0777680279075,1.0114042647073518,-0.34028342366218567,0.06577439526096086,0.07664226740598679,0.6872847602318218,-0.1925470381975174,0.3080178503944578,0.05346590280532837,0.7790156659265787,-0.3791140019893646,0.03881864678420668,-0.48800110816955566,0.006223964284050549,0.09089334,0.10830074,0.22905467,0.0,0.060620464,0.29946738,0.21166342,0.14384153,0.48211473,2.2071648,2.8024814,0.03656082,0.5369919,0.59511125,1.9192725,0.66010225,2.0312026,0.32192656,0.43778357,Medullary_cords,0.0
CACCGGGCATCACAAG-1,1,72,94,5920,18913.0,5920,4306.948,Medium-Low,5,6,7,1,2,1,1,1,4093.9116990965986,1.0789922078775833,-0.031897854059934616,0.8671101828418559,0.20620959997177124,0.27427670379314556,0.287305623292923,0.123698225061129,-0.21117737889289856,0.26262477984342475,-0.732617199420929,4.164475160842139e-06,0.2277859002351761,0.22604327730085724,0.05416753,0.07163986,0.0,0.265344,0.3516773,0.016734572,0.24043675,0.31508157,0.8240447,2.1464665,2.6908789,0.23343402,0.41099003,0.41200113,1.8527169,1.080094,2.0681775,0.0,0.50611675,Medullary_cords,0.0
CACCGGTAGAGACATT-1,1,66,16,7893,36793.0,7893,4431.838,High,0,1,7,1,5,0,4,0,5984.367969969761,1.5607104090414068,-0.035457294434309006,0.8524340655398139,0.33376240730285645,0.07146672677131646,0.05221385508775711,0.7840678243902188,-0.018798653036355972,0.921457579431095,-0.1237366795539856,0.5147582700623142,0.1685299575328827,0.37333421026255503,0.17106082,0.07231069,0.16509295,0.2506149,0.10453845,0.024219688,0.21216246,0.19420482,0.6004679,2.2305915,2.8176048,0.1346488,0.70620716,0.41238573,2.0258029,0.99865365,1.926168,0.21706231,0.35843736,B_cell_zone,0.0
CACCGTATCCCATCCG-1,1,52,104,6277,19851.0,6277,4478.6963,Medium-Low,1,10,0,3,0,4,6,3,2007.2022817842749,1.5607104090414068,-0.3426065444946289,0.06383411546546897,-0.07702280580997467,0.6858103671978804,0.022165147587656975,0.9074473277269209,0.12448034435510635,0.5122150708450032,-0.38797253370285034,0.03413289394005641,0.14366655051708221,0.4488103482012459,0.023054868,0.0009649778,0.06565823,0.16312805,0.1218387,0.3005376,0.32481754,0.26111594,0.6625179,2.004911,2.8010604,0.29111683,0.6730961,0.4062224,1.7522842,1.2806389,1.8423221,0.27623534,0.52842206,Medullary_cords,137.55726080436466
CACCGTTAGGGATCAC-1,1,53,37,5525,19588.0,5525,3848.0964,Medium-Low,2,9,5,2,5,0,2,4,3943.356565161208,0.0,0.07389381527900696,0.6979667271607332,-0.30444833636283875,0.10188704219348055,0.03658079355955124,0.8478114801640048,0.2824220061302185,0.13049955162406804,-0.15421566367149353,0.4158357282947753,0.21200776100158691,0.26070913354543357,0.0,0.14497624,0.2681489,0.22847258,0.20055668,0.15784562,0.0,0.11610397,0.7752172,1.8823942,2.5094712,0.34573346,0.608925,0.13950759,1.0776937,1.3395141,2.8073213,0.45359948,0.4095574,Medullary_cords,364.6217217884859
CACCGTTGCGCGATAT-1,1,47,29,5941,19339.0,5941,4288.254,Medium-Low,3,9,0,0,3,6,0,3,4202.288067231945,0.6365141682948128,-0.039532508701086044,0.8356907181924246,-0.2161315679550171,0.25133132300384026,-0.1854112595319748,0.3266285302940393,0.049874138087034225,0.7935318049074116,0.03941914439201355,0.8361555690357433,0.1370285600423813,0.4702565182841893,0.008069052,0.06900333,0.17917386,0.25974274,0.26422426,0.059341244,0.16044548,0.16917312,0.75399315,1.729084,2.5632179,0.19296007,0.45089477,0.31003392,1.0696917,1.2128822,2.4483585,0.20839696,0.76290035,Medullary_cords,275.98007174431996
CACCTAATAGAGTCGT-1,1,17,25,6625,25900.0,6625,4255.712,High,2,11,0,3,1,5,0,3,5013.648771104733,0.8675632284814612,-0.583676815032959,0.0007095488722606147,-0.2455851137638092,0.19083650966522242,-0.4088226556777954,0.024889519693155903,0.07877232879400253,0.6790464659106729,-0.1679060161113739,0.37513192346180724,0.2606973648071289,0.16409747259595725,0.0027483564,0.08093382,0.16889036,0.18142864,0.1762798,0.12176631,0.26795274,0.38337195,0.806056,1.8308852,2.8786063,0.22469983,0.47268462,0.29015452,1.1021796,1.2397714,2.4028068,0.32652658,0.4611218,Medullary_cords,237.9012400135821
CACCTAATCAGTTTAC-1,1,20,72,6234,20634.0,6234,4470.3096,Medium-High,0,3,7,4,4,2,4,0,2420.4637985311824,0.6365141682948128,-0.23014123737812042,0.2211491297901853,-0.016582535579800606,0.9306931891678313,0.23087292909622192,0.21964347926252026,0.39785444736480713,0.02945620536933375,-0.35107818245887756,0.057134508315125,-0.29650071263313293,0.11160767868251728,0.19952966,0.0,0.25095132,0.1065816,0.2895167,0.0,0.15342069,0.18414173,0.32679942,2.2203674,2.8943005,0.049398266,1.193833,0.4933147,2.1627254,0.76858866,2.1175663,0.26821876,0.065864354,B_cell_zone,0.0
CACCTCGATGGTGGAC-1,1,18,70,6281,21984.0,6281,4305.336,Medium-High,5,3,4,7,6,3,8,2,2696.60694206627,1.0986122886681096,-0.5388664603233337,0.0021235658509487164,-0.07243403792381287,0.703663448075087,0.30073943734169006,0.10634083081747829,0.18689873814582825,0.3226932676724359,-0.4581018388271332,0.010904742693553541,-0.42419832944869995,0.019478160432280667,0.11469269,0.07322336,0.045334876,0.18227479,0.12892604,0.3194599,0.13608843,0.2760198,0.66416204,2.312584,3.002872,0.17461446,1.5471457,0.3492289,2.0099475,1.1021693,1.9648794,0.09373733,0.3884424,B_cell_zone,0.0
CACCTTGCGAAACTCG-1,1,24,84,5280,14716.0,5280,4311.9414,Low,5,5,4,1,4,2,1,1,1699.0635656148947,0.45056120886630463,-0.10655659437179565,0.5751830314863601,-0.074398472905159,0.6960010391849091,-0.03845105692744255,0.8401274040460636,-0.20439136028289795,0.2786235186012424,-0.18187148869037628,0.33611120893747226,0.3776358962059021,0.03964849340505724,0.08901007,0.0060730525,0.07343962,0.13418013,0.23954287,0.2555743,0.20217995,0.35861245,0.72699845,2.3600311,2.9808438,0.12963574,0.55084085,0.17210594,2.111018,1.2445096,2.034023,0.3889072,0.6633902,B_cell_zone,0.0
CACCTTGGCGCCTTTG-1,1,43,103,5646,18153.0,5646,4243.016,Medium-Low,5,10,0,1,0,4,1,1,1193.9702676365102,1.0986122886681096,-0.4501795768737793,0.012551459929481193,-0.04887732118368149,0.7975726862626941,-0.1869051158428192,0.32267645808244716,0.002113768830895424,0.9911551320791719,0.12020868062973022,0.5269072823535735,0.2542259097099304,0.17520037164199587,0.17175701,0.107630685,0.092602946,0.2505496,0.17717649,0.0,0.20028321,0.32801932,0.56721634,2.3526137,2.8385968,0.1477044,0.44645458,0.38825843,1.894698,0.9842079,2.371877,0.18569936,0.4641254,Medullary_cords,0.0
CACGAAAGTTAGTCCC-1,1,33,29,4890,14811.0,4890,3947.9268,Low,1,7,3,5,3,6,3,5,4105.470740365835,0.45056120886630463,0.18882489204406738,0.3176410842000266,-0.05534949526190758,0.7714318094555013,-0.21547697484493256,0.2528048548338656,0.19051042199134827,0.3132604865600988,-0.15453657507896423,0.41485432648569986,0.18923936784267426,0.31656038323915336,0.0015539817,0.0015059529,0.09327605,0.2722143,0.2910228,0.045210067,0.29521683,0.27816975,0.78711104,1.4562945,2.6415007,0.064499825,0.4071694,0.30033442,0.92104775,1.4274538,1.8620615,0.12899965,0.77271825,Medullary_cords,497.9317222270539
CACGACGTAATAGTAA-1,1,6,106,7022,30272.0,7022,4070.4792,High,2,12,4,2,4,3,2,4,4028.3738654697877,0.6931471805599453,-0.06942567229270935,0.7154528839433834,0.2848149836063385,0.12713344082860262,-0.01693054474890232,0.9292422559173168,-0.4398568570613861,0.015004592044766044,-0.395427405834198,0.03055348896599363,0.23214340209960938,0.21704569435023283,0.0737373,0.0803268,0.15671818,0.080049,0.22529332,0.21921168,0.16466369,0.3200722,0.3362584,2.3714483,2.7372818,0.30693033,0.68155587,0.22084776,1.8656328,0.76449656,3.0472367,0.071360365,0.5217824,Medullary_cords,0.0
CACGACTAAAGTTCTG-1,1,3,49,6094,21456.0,6094,4219.502,Medium-High,3,8,2,0,1,5,5,6,4977.675160152578,0.0,-0.05526707321405411,0.7717632369815219,-0.2441660761833191,0.19349426302926076,0.07032734155654907,0.7119124651065557,-0.09565701335668564,0.6150853025672403,0.014940647408366203,0.9375414742220591,-0.08388446271419525,0.6594234028376813,0.03626554,8.830903e-05,0.12371619,0.4432909,0.22477433,0.0,0.17186476,0.16675733,0.9450048,1.5196397,2.3397648,0.047823176,0.69356704,0.28693905,1.1284838,1.5547073,2.123965,0.26030344,0.23729986,Medullary_cords,551.0036297521098
CACGAGCAAACCAGAC-1,1,74,22,7523,33146.0,7523,4290.82,High,5,1,4,1,5,0,1,1,6263.897987675086,0.8675632284814612,-0.04800665006041527,0.8011064040132967,0.048737555742263794,0.7981396779837521,0.1885269284248352,0.3184194026583593,-0.17739978432655334,0.34832707122813783,-0.499525249004364,0.004947324219231052,0.18599742650985718,0.32507426741755263,0.082445435,0.05400905,0.100978166,0.15755312,0.26610732,0.14071174,0.19819508,0.17381553,0.5644404,2.1832724,2.8111665,0.13183384,0.49623832,0.50261325,1.7032094,1.0147421,2.1186047,0.13183384,0.5341829,Medullary_cords,137.55726080436466
CACGATTGGTCGTTAA-1,1,0,50,6462,25671.0,6462,4110.9204,High,3,8,2,0,1,5,5,6,5249.586078920889,0.0,-0.3247508406639099,0.07995213396756572,-0.2840680480003357,0.12817719652549778,0.42843157052993774,0.018172240766101695,0.07560770213603973,0.6912988484525164,-0.1381724625825882,0.46652308448680957,-0.1796073317527771,0.34226351486884277,0.06481521,0.0,0.12760592,0.4598575,0.15276864,0.016225114,0.17872763,0.17900619,0.9292299,1.4720855,2.3937263,0.082244016,0.67430174,0.50203776,1.0691673,1.5607235,1.7427568,0.0,0.4912411,Medullary_cords,601.2096140282522
CACGCACAGCGCAGCT-1,1,24,72,5311,15787.0,5311,4145.782,Low,2,3,0,3,4,2,0,3,2005.8167912349322,0.0,-0.33316701650619507,0.07200487947858424,-0.12802019715309143,0.5001949364107049,-0.07453621178865433,0.6954648680878611,0.14625923335552216,0.4405787726393503,0.11167681217193604,0.5568473675110499,-0.2053275853395462,0.2763798109449155,0.05336395,0.00050554256,0.26459086,0.17552714,0.085417725,0.023493653,0.39710116,0.29841363,0.48053598,2.1878047,2.6998584,0.32145578,0.72079194,0.45024884,1.5217538,0.8668382,2.8566236,0.2453664,0.6564307,Medullary_cords,275.98007174431996
CACGCAGCGAGGCTTT-1,1,31,43,5290,16073.0,5290,4107.7153,Medium-Low,1,3,4,3,3,6,1,5,3208.4828190283333,0.6931471805599453,-0.07264252007007599,0.702848883610082,0.09792333096265793,0.6066941847270743,-0.11448965966701508,0.5468905067627103,0.45739227533340454,0.011044420795393873,-0.3304857015609741,0.07446738873514115,-0.07096747308969498,0.7094025321543862,0.10588557,0.099359736,0.0756899,0.067277424,0.22699419,0.027108986,0.39768413,0.3482949,0.5477307,2.4316673,2.922942,0.20210096,0.42409134,0.4187601,1.9282085,0.8636924,2.1298895,0.0,0.59201896,Medullary_cords,0.0
CACGCGGAACTGTTGC-1,1,42,98,5413,16342.0,5413,4187.049,Medium-Low,2,10,0,0,0,4,0,3,839.39502023779,0.6931471805599453,-0.4991846978664398,0.004981559345483452,-0.09395840018987656,0.6214059083318516,-0.5951997637748718,0.0005214354449437676,0.018125545233488083,0.9242617342070918,0.23229800164699554,0.21673101070113357,0.09723105281591415,0.6092522374892788,0.054149564,0.0,0.2483525,0.24114338,0.0,0.025769671,0.4305849,0.6349174,0.8183044,2.1030571,2.6552284,0.484498,0.7241535,0.15959695,1.1106495,1.3406085,2.4565008,0.35810447,0.6733571,Medullary_cords,275.0018181758077
CACGGCGCGCCAAAGG-1,1,15,103,5865,19936.0,5865,4133.9863,Medium-Low,1,12,3,5,4,3,3,5,2941.7214348064977,0.0,0.16355696320533752,0.38780234159154386,0.06321398913860321,0.7399970531331252,-0.1862301528453827,0.324458440897587,0.046098046004772186,0.80886607305616,-0.19005239009857178,0.31444714813849917,-0.1750658005475998,0.3548076033605812,0.048531264,0.077293575,0.08772115,0.066349186,0.35323453,0.0,0.36687028,0.2752639,0.42396402,2.0420434,2.8020282,0.2524466,0.7124623,0.2393038,1.3445473,0.8671636,2.1887057,0.10163785,0.41514665,Medullary_cords,365.0
CACGGGATTGAGGGTT-1,1,31,11,7593,34367.0,7593,4453.971,High,4,7,1,4,3,6,4,7,5365.801804017737,1.0549201679861442,-0.44916513562202454,0.012776602528613842,0.00792061910033226,0.9668652770003197,0.21356798708438873,0.2571345451021218,-0.2660714387893677,0.15526563828653236,-0.22966712713241577,0.22212846238742723,-0.2524460554122925,0.1783447388098631,0.16087268,0.12686121,0.09823655,0.14230217,0.13703093,0.21867977,0.116016634,0.12626183,0.57761216,2.185553,2.8367338,0.063849784,0.52752805,0.79689676,2.2621818,0.79921186,1.7901233,0.19154936,0.41584045,B_cell_zone,0.0
CACGTCAATCAATGGA-1,1,62,116,6810,31355.0,6810,3780.9185,High,2,13,3,2,7,1,3,4,3461.3761714092852,0.0,-0.014909371733665466,0.9376719684121002,0.3393862247467041,0.06653591693838715,0.09169580787420273,0.6298662220253077,0.26708751916885376,0.15363490726196438,-0.10108249634504318,0.595078787055579,0.21147280931472778,0.2619421880376016,0.043235723,0.0,0.14747941,0.20944218,0.29624215,0.0,0.30360058,0.27754164,0.576461,2.1281357,2.5841606,0.25423217,0.43744558,0.30287772,1.35888,0.95392394,2.972765,0.06920682,0.41483167,Medullary_cords,239.00209204105306
CACGTCGGCAACCTCT-1,1,49,37,5628,18974.0,5628,4026.7456,Medium-Low,2,9,5,2,3,7,2,4,3749.309936508317,0.0,-0.06646287441253662,0.7271268042493932,-0.41132888197898865,0.023931930711236296,-0.03774165362119675,0.8430403694424827,0.002643473446369171,0.9889387534561253,0.22890622913837433,0.2237063182909651,0.13822795450687408,0.4663423680534422,0.05280781,0.0,0.30327597,0.19375765,0.0495254,0.011021283,0.3896119,0.23117958,0.7172315,2.213319,2.5936084,0.1958184,0.4471372,0.5842945,1.3929204,1.0829132,2.804724,0.28579992,0.53606296,Medullary_cords,498.6551914900716
CACGTCTATGATGTGG-1,1,7,95,6936,25457.0,6936,4481.6216,High,4,12,1,4,6,3,4,7,3743.998530982618,0.6931471805599453,-0.2431744933128357,0.19536660433344866,0.06711089611053467,0.7245682645504435,-0.11214002966880798,0.5552019535286496,-0.10604704916477203,0.5770223773695383,-0.33180367946624756,0.07324896329794936,-0.329437255859375,0.07544776812673537,0.1878436,0.0,0.14355738,0.1793487,0.4774049,0.0,0.011845387,0.13874339,0.5790645,2.1582022,2.5649707,0.082832485,0.5508137,0.5702249,1.9752864,0.8201536,2.1059878,0.16566497,0.23631702,Medullary_cords,0.0
CACGTTCGTGCTCTAG-1,1,37,81,4034,9818.0,4034,3977.3782,Low,5,2,4,1,0,4,1,1,496.23381585700105,0.6931471805599453,0.1799314022064209,0.34137878232959956,0.15311890840530396,0.41919955748486215,0.007804641034454107,0.9673501958711983,-0.031118661165237427,0.8703288730644461,-0.27895936369895935,0.13548535928112787,0.1286114603281021,0.49820109354342806,0.25133574,0.2730077,0.22877216,0.13002844,0.0,0.009848471,0.10700753,0.46640983,0.4355986,2.3618684,2.7547982,0.26338995,0.5411136,0.26338995,1.9212036,1.1319185,2.13207,0.1755933,0.37029827,Medullary_cords,0.0
CACGTTTCGTACACAC-1,1,55,91,5721,17622.0,5721,4277.47,Medium-Low,3,10,0,0,0,4,0,3,2047.0075720426635,1.3296613488547582,0.02311060205101967,0.9035173653434095,0.23117348551750183,0.21902702415644557,0.1868789792060852,0.3227453494085237,0.260576069355011,0.16430085276598858,-0.09051206707954407,0.6343109259811303,-0.05695583298802376,0.764980499679234,0.12663513,0.0,0.10766377,0.3830664,0.24271663,0.0,0.13991806,0.25668502,0.7155504,2.071467,2.8482409,0.40521824,0.5730033,0.35818988,1.4844352,1.5166612,2.1325705,0.11237638,0.25283372,Medullary_cords,138.42326394071193
CACTAAAGTTGCCTAT-1,1,35,51,5325,18225.0,5325,3916.146,Medium-Low,1,9,3,5,3,6,3,5,2572.3360977912666,0.0,0.04254942759871483,0.8233402290160969,-0.18601875007152557,0.3250178123876556,0.08902056515216827,0.6399289930335594,-0.19301319122314453,0.3068256481969379,-0.11861025542020798,0.5324567667302103,0.03221313655376434,0.8658084025214261,0.11907572,0.0,0.064046286,0.05440719,0.28087997,0.2452363,0.23635444,0.1998668,0.28762293,2.3661866,2.8052619,0.23098888,0.6132997,0.3235758,1.8960899,0.62290066,2.2833123,0.40388077,0.5908502,Medullary_cords,0.0
CACTACGGGAGCTGCC-1,1,59,107,4991,14984.0,4991,4056.352,Low,1,13,3,5,7,1,3,5,2834.91446079066,0.0,-0.023680124431848526,0.9011511085980835,0.1572658270597458,0.4065602807535378,0.03947923332452774,0.8359091673589623,-0.05187593773007393,0.7854328452230458,-0.0693153440952301,0.7158864886323764,0.14372572302818298,0.4486215649257023,0.025153602,0.0012990208,0.17088436,0.22154795,0.09592638,0.27162844,0.2135602,0.26522866,0.75975394,2.1452963,2.8111954,0.3616148,0.53372455,0.40264416,1.701922,1.4768461,2.4471445,0.5303861,0.53826225,Medullary_cords,240.00208332429116
CACTACTCAGTTCTGT-1,1,5,75,5372,16202.0,5372,4187.5425,Medium-Low,3,5,0,1,6,3,0,3,4052.12487467995,1.0114042647073518,-0.5420768857002258,0.0019729662226866166,-0.06543350964784622,0.731196884161912,-0.2900010943412781,0.12005817390920842,0.05403038486838341,0.7767407851069341,-0.05669209361076355,0.7660386748130829,0.4974689781665802,0.005157132424077526,0.0806138,0.0047862018,0.14281668,0.31207362,0.25132826,0.02512865,0.1832528,0.10050172,0.5975997,2.0562031,2.7144995,0.24036232,0.66316843,0.5564373,1.379735,1.2480834,1.9981576,0.20100345,0.48212767,Medullary_cords,238.90793205751876
CACTCAAGAGCTATGG-1,1,39,57,4154,11821.0,4154,3710.839,Low,1,9,5,5,0,7,3,5,2136.659542369818,1.0114042647073518,0.0781005322933197,0.6816408714148148,-0.13305892050266266,0.48333257603284085,-0.2157881259918213,0.2521037254554843,0.38478437066078186,0.035763586416765455,-0.11151907593011856,0.557408181088013,-0.05381267890334129,0.7776179338475395,0.09637733,0.11260048,0.09242566,0.1736783,0.11726736,0.30259,0.105060935,0.15794012,0.6189637,2.2888997,2.7741761,0.1532488,0.2770299,0.0766244,1.6232159,0.91856325,2.2527723,0.3064976,0.6821259,Medullary_cords,240.0
CACTCAGCTCTTGAGG-1,1,11,71,6039,23753.0,6039,3871.7478,Medium-High,2,5,3,2,6,3,2,4,3439.047106394444,0.6365141682948128,-0.010085849091410637,0.957814487926335,-0.11202645301818848,0.5556051859676929,-0.3734201192855835,0.04209372358060969,0.17443804442882538,0.35656282551859336,-0.23173794150352478,0.21787247490761188,-0.3074006736278534,0.09844324869132538,0.08907495,0.0026770541,0.254137,0.108636074,0.1822307,0.010240302,0.35300386,0.28638133,0.41428167,2.3338661,2.5469754,0.120280445,0.5894836,0.4518431,1.5543444,0.6155816,2.7600636,0.17568646,0.35923684,Medullary_cords,138.0
CACTCCTATGTAAGAT-1,1,56,36,6100,21401.0,6100,4081.621,Medium-High,2,9,5,3,5,0,6,4,4178.600363758181,0.0,0.18608136475086212,0.3248520722343654,0.08168298006057739,0.6678476433460996,0.14541026949882507,0.44326511802463037,0.2681924104690552,0.1518756488899009,-0.05951651930809021,0.7547283317749134,0.1869005262851715,0.3226885546488218,0.020903498,0.003085532,0.249259,0.080866784,0.1839629,0.14140508,0.3205172,0.3455561,0.681561,2.1452334,2.5517633,0.2608267,0.71768755,0.22626758,1.4792145,0.875715,2.932134,1.0863502,0.6082779,Medullary_cords,365.7608508301565
CACTCCTCTCGGTCGG-1,1,15,87,5528,17889.0,5528,4167.7534,Medium-Low,3,5,2,7,4,3,8,2,2755.0210525511416,0.0,-0.6821220517158508,3.303018763242359e-05,-0.35727089643478394,0.05259675210373796,-0.2378113716840744,0.20571102549568113,0.3532688617706299,0.05549538418427572,0.14787688851356506,0.435484596358687,0.16089674830436707,0.3956724954762138,0.08056664,0.0027404898,0.18248686,0.5200744,0.0,0.019133952,0.19499768,0.20229848,1.0216708,1.7027333,2.5015635,0.055505797,1.7504499,0.46819818,1.0939747,1.7111343,1.817988,0.48624903,0.2220232,Medullary_cords,276.3494165001982
CACTCGAGCTGAACAA-1,1,48,74,5931,21497.0,5931,4035.4543,Medium-High,2,2,5,2,0,7,2,4,1537.374710342277,0.45056120886630463,0.2980545163154602,0.10965488063490907,-0.4450058043003082,0.013735329663589833,0.04562533646821976,0.810790711641697,-0.49734365940093994,0.005170160952365849,0.35930463671684265,0.0511702880808997,-0.2571353614330292,0.17014495435138452,0.07759592,0.08384037,0.32963455,0.2720889,0.22580364,0.0,0.011036656,0.25244337,0.5972388,2.0803769,2.6211874,0.32137558,0.52941245,0.48580247,1.1058998,1.048242,3.010433,0.19098946,0.23884232,Medullary_cords,275.98007174431996
CACTCGGTTAGGAGGA-1,1,35,13,7316,30047.0,7316,4302.065,High,1,7,3,3,3,6,0,3,5174.647620853038,0.6931471805599453,-0.2510012984275818,0.18092613013758324,-0.10456608980894089,0.5823831284860764,0.07093137502670288,0.7095439923679682,-0.2975163757801056,0.11032829691644319,-0.28304117918014526,0.12962238530890177,-0.05006939917802811,0.7927408682638389,0.04116973,0.040673185,0.12509334,0.03371352,0.14932576,0.14570199,0.46432254,0.20905143,0.51099074,2.254626,2.776677,0.25805467,0.7972629,0.29101124,1.5372202,0.77654445,2.1744418,0.19937266,0.84409857,Medullary_cords,138.00362314084367
CACTCTCAAGCATCGA-1,1,69,47,6800,26905.0,6800,4222.357,High,2,4,0,3,2,0,6,3,4663.836296440946,0.45056120886630463,-0.1687489151954651,0.37270454192438274,0.1764923632144928,0.3508381144100608,0.010308627039194107,0.9568835358130549,-0.019636543467640877,0.9179682361777798,0.22411850094795227,0.23380824298694503,0.055464599281549454,0.7709690303555334,0.051340383,0.0023803166,0.25666916,0.06638808,0.055045616,0.2281901,0.33998632,0.36732206,0.5773598,2.2199888,2.7570257,0.27189547,0.54479116,0.227501,1.4905906,0.91207874,2.599578,0.9399296,0.49416557,Medullary_cords,632.3606565876786
CACTCTTCTGCTAGCC-1,1,59,101,4751,14173.0,4751,3924.7515,Low,1,10,3,5,7,1,3,5,2669.6385523137774,0.0,0.2681821584701538,0.15189190566192362,0.3184676170349121,0.08631188841828742,-0.15596535801887512,0.4105006044382546,0.03555205464363098,0.852043991759116,0.4480496644973755,0.013028054779446335,0.014885647222399712,0.9377709572885224,0.021668551,0.0,0.17566644,0.07904607,0.07207124,0.29034168,0.36120602,0.43693593,0.543381,2.077985,2.9129975,0.0667372,0.2669488,0.42885837,1.511181,1.1159836,2.3626437,0.50421804,0.82656825,Medullary_cords,478.0345175821512
CACTGACGATTGTGGA-1,1,65,51,6168,20945.0,6168,4298.848,Medium-High,3,4,0,0,2,0,5,6,4117.110880216855,0.6931471805599453,-0.12405145913362503,0.5136810243135638,0.1971851885318756,0.29628449860308986,0.20275510847568512,0.28257291972325904,-0.123993419110775,0.5138795667553537,0.14936286211013794,0.4308335494098404,-0.13577242195606232,0.47437416075799743,0.05666569,0.002853462,0.26058578,0.38402277,0.0050306907,0.02831033,0.26253125,0.3600081,1.0220556,1.6717496,2.640569,0.24394467,0.6021341,0.37626615,1.0713054,1.4187304,2.0417976,0.16758244,0.49306777,Medullary_cords,364.6601157242179
CACTGTCCAAGTGAGA-1,1,19,43,5644,18116.0,5644,4158.604,Medium-Low,3,11,2,0,1,5,5,6,3843.4922921738766,0.45056120886630463,-0.35750168561935425,0.05243331427676862,-0.09905966371297836,0.6025051672278127,-0.04563535749912262,0.8107498997169769,0.4102610647678375,0.02433616783550815,0.02342962846159935,0.9021917704359648,0.10376257449388504,0.5853008446079765,0.08646611,0.0,0.26295337,0.35431403,0.0,0.0035394116,0.29272708,0.47527707,0.80102015,2.008548,2.4427428,0.1648361,0.60126776,0.1648361,1.1088318,1.447164,2.6207385,0.0,0.23606944,Medullary_cords,275.98007174431996
CACTTAATCAGACGGA-1,1,34,48,6077,22454.0,6077,3961.5603,Medium-High,2,9,3,2,3,6,2,4,2794.154612758571,0.6931471805599453,-0.1334284245967865,0.4821076053478308,0.27695339918136597,0.1384365728140412,0.2718239426612854,0.1461955385450635,-0.23522789776325226,0.21082588043052694,-0.5154901146888733,0.0035523817190811872,0.1889079511165619,0.31742433371232426,0.08638887,0.07685741,0.28452826,0.061648987,0.10375381,0.006144853,0.38067785,0.20864661,0.400582,2.3020222,2.7813272,0.13813825,0.37920925,0.4399318,1.6232976,0.7101508,2.7993746,0.092092164,0.6439461,Medullary_cords,137.0
CACTTCGCCACAGGCT-1,1,21,31,6273,21985.0,6273,4266.6074,Medium-High,2,11,0,0,1,5,0,3,4419.71266034343,1.0986122886681096,-0.6130436062812805,0.00031606973761907236,0.31191763281822205,0.09334537652927137,0.08139006048440933,0.6689715511593602,-0.20340926945209503,0.2809896981106517,0.04410816356539726,0.8169751414718204,0.22071626782417297,0.24116974689184958,0.110463485,0.0028361867,0.28987247,0.25227603,0.08053419,0.0,0.26401758,0.29723534,0.711866,2.169138,2.6663694,0.27600294,0.5878458,0.31519723,1.3051405,1.1371655,2.5445502,0.09373021,0.18746042,Medullary_cords,138.42326394071193
CAGAACTTAGCCCTCT-1,1,53,85,5876,22790.0,5876,3757.022,Medium-High,2,6,5,2,0,4,2,4,1808.3177265071533,0.0,0.10122223198413849,0.5945672408143857,0.1778889149427414,0.34697802470205935,-0.042896777391433716,0.8219208619624436,-0.04188781976699829,0.8260452493793277,-0.20906686782836914,0.2675348658829564,0.024198800325393677,0.8989968309757748,0.09929517,0.0,0.3444882,0.27740353,0.27881312,0.0,0.0,0.32451522,0.483029,2.2510052,2.4408894,0.12422304,0.4584461,0.2939213,1.2276896,0.9587116,3.224988,0.09095043,0.32190087,Medullary_cords,365.7608508301565
CAGACACCGATCGCTG-1,1,53,51,5831,20459.0,5831,4053.0344,Medium-High,2,2,5,2,2,7,2,4,3116.5001203272877,0.45056120886630463,-0.3114377558231354,0.09387726317761874,-0.12491365522146225,0.5107360878061227,0.09242862462997437,0.6271209677129783,-0.1554441750049591,0.4120857480537173,-0.1695462465286255,0.3704168743054335,0.14901521801948547,0.4319192154700777,0.03774036,0.12131345,0.3376244,0.16672467,0.0,0.16189484,0.17470226,0.5058202,0.6029438,2.0671246,2.8192217,0.13498312,0.6459826,0.3828122,1.4765601,0.9820783,2.8400986,0.61183894,0.33876538,Medullary_cords,238.40302011509837
CAGACCTGTAAGTGTT-1,1,31,99,5910,18771.0,5910,4309.8843,Medium-Low,5,0,7,1,0,2,1,1,1129.4356998076516,1.2424533248940002,-0.5121411681175232,0.003812977069039299,-0.12213016301393509,0.5202733536889702,0.21595188975334167,0.2517352251736621,0.11305789649486542,0.5519482105646948,-0.4564361274242401,0.011235011514593942,-0.36009570956230164,0.05062376991757856,0.070189595,0.0681691,0.0,0.1349142,0.24134132,0.16594757,0.31943828,0.23266819,0.57438743,2.1282635,2.8226295,0.26341444,0.59309995,0.4533668,1.6216742,1.1060658,1.8278805,0.0,0.33443448,Medullary_cords,138.0
CAGACGAACCTGATAC-1,1,50,50,5264,17958.0,5264,3830.8784,Medium-Low,2,9,5,3,3,7,2,4,2984.573671397642,0.45056120886630463,-0.11650241166353226,0.5398173574450307,-0.2087409347295761,0.26829842738985066,-0.12281107902526855,0.5179322960784163,0.05605892091989517,0.7685807719274458,-0.05785408243536949,0.7613796640738264,-0.09786467254161835,0.606910758775875,0.0359404,0.0007845308,0.43539426,0.09074201,0.0,0.014996923,0.42214188,0.41340634,0.43001714,2.0923555,2.7307897,0.22133385,0.56702465,0.11066692,1.2781777,1.1457466,2.7994695,0.6018119,0.5808045,Medullary_cords,365.0986168146902
CAGAGACGGTCACCCA-1,1,51,57,5524,16532.0,5524,4258.402,Medium-Low,1,2,0,3,2,7,6,3,2641.9441704926317,0.45056120886630463,-0.447938472032547,0.01305334511086291,0.12045188993215561,0.5260653508712954,0.16639314591884613,0.3795117755565916,-0.1727019101381302,0.36144396490856845,-0.29886460304260254,0.10864695369567359,0.11920830607414246,0.5303771578395153,0.037140045,0.07032877,0.10864651,0.1518206,0.1452258,0.20504072,0.28179753,0.4672348,0.5369869,1.9590839,3.2877052,0.37107855,0.45559645,0.25736552,1.239581,0.96240485,2.20671,0.30738795,0.59468925,Medullary_cords,238.40302011509837
CAGAGCATGAGCTTGC-1,1,26,70,5149,14662.0,5149,4216.114,Low,3,3,2,0,4,2,5,6,1897.0819697630359,0.45056120886630463,-0.3722788989543915,0.04277597572304454,0.1681310087442398,0.37448308793859963,-0.3925047218799591,0.03191863537529108,-0.25039610266685486,0.18201520480753927,0.19773522019386292,0.2949120704490775,-0.16675135493278503,0.37847206240833686,0.04957892,0.11908881,0.19135605,0.40505984,0.23491633,0.0,0.0,0.16450119,1.1334018,1.7478409,2.5148408,0.17256543,0.5068323,0.5493828,1.3076562,1.5733593,2.293064,0.13001496,0.17335328,Medullary_cords,478.17360864020924
CAGAGGCGATGCATGA-1,1,54,48,5538,22180.0,5538,3547.1606,Medium-High,2,2,5,2,2,7,2,4,3354.836806761247,0.0,-0.06193413957953453,0.7450862679663763,-0.09322723746299744,0.6241347789848332,0.024592380970716476,0.8973625946992706,-0.48365262150764465,0.006773585834209596,-0.36291322112083435,0.04871471101278568,0.35718369483947754,0.052658610243841136,0.0,0.0,0.25247675,0.06600473,0.16692747,0.2632236,0.2513675,0.40311903,0.32237226,1.9948219,2.66932,0.046521023,0.51690173,0.093042046,1.125787,0.92552876,3.23271,0.511454,0.43580252,Medullary_cords,477.6703884479338
CAGAGTGATTTAACGT-1,1,9,69,5604,18832.0,5604,4041.9158,Medium-Low,1,5,3,5,6,3,3,5,3711.1663934671537,0.6365141682948128,-0.09791677445173264,0.6067183905448011,-0.021031491458415985,0.9121624036575341,-0.11790266633033752,0.5349223028504754,-0.11452709138393402,0.5467585707533956,-0.4795270562171936,0.007332583910019309,0.08907483518123627,0.6397242282206367,0.076947704,0.08790071,0.1376236,0.12465731,0.016326407,0.006612302,0.54993194,0.24887313,0.39185828,2.0930533,2.8972497,0.21296416,0.76242,0.21296416,1.7113049,0.86633795,2.206814,0.10648208,0.38145733,Medullary_cords,138.42326394071193
CAGATAATGGGCGGGT-1,1,66,102,5568,21418.0,5568,3674.339,Medium-High,2,13,5,2,7,1,3,4,3490.084239671014,0.0,0.39096301794052124,0.03265840327473243,0.23774251341819763,0.20584623787956394,-0.3509059548377991,0.057264969572108325,0.08303642272949219,0.6626637673783603,-0.21867157518863678,0.24566730513188875,-0.11432241648435593,0.5474801726833987,0.08076627,0.0018968444,0.31653023,0.07509441,0.32890543,0.0,0.1968068,0.13032915,0.41414684,2.1754053,2.5121613,0.29422078,0.50316656,0.35677606,1.5640166,0.79409367,2.8091514,0.2606583,0.38358986,Medullary_cords,632.5693637855061
CAGATACTAACATAGT-1,1,26,46,7309,30957.0,7309,4222.929,High,2,3,4,2,1,2,2,3,3228.0235439042262,0.6931471805599453,-0.03006792813539505,0.8746724494330347,-0.15183298289775848,0.42316278018198356,-0.23962485790252686,0.20217193988808063,-0.5521307587623596,0.0015595963895441794,-0.2477020025253296,0.1869191089544753,0.07765679061412811,0.6833565096518357,0.07928927,0.059943724,0.21854936,0.22335133,0.27130994,0.0,0.14755636,0.46448573,0.6314355,2.1767755,2.846991,0.2246936,0.5129986,0.20229286,1.557121,1.1468525,2.8117,0.0,0.35727814,Medullary_cords,137.0
CAGATATGAAGATGAC-1,1,67,19,7725,32900.0,7725,4464.907,High,1,1,0,3,5,0,0,3,5884.072229332335,0.6931471805599453,-0.43457791209220886,0.01640574610618888,0.019464334473013878,0.9186852701446826,-0.10054973512887955,0.5970308669421855,0.16210342943668365,0.3920913329660004,0.004070295952260494,0.9829691203111567,0.14993545413017273,0.42904865461788483,0.050812896,0.081780486,0.05394283,0.278709,0.2470486,0.0,0.28770623,0.2997735,0.78589207,2.1840448,2.8965878,0.16580564,0.70467335,0.26154935,1.5440193,1.3843215,2.2594583,0.1850871,0.53153956,Medullary_cords,238.76766950322232
CAGATCATTTAAAGTC-1,1,22,108,6223,21076.0,6223,4269.5015,Medium-High,1,0,3,6,4,2,7,5,2359.827112311408,0.410116318288409,-0.3619878590106964,0.04933530185437936,-0.2755773961544037,0.1404878621484823,0.32897093892097473,0.07588699674046565,0.33473673462867737,0.07059279200335791,-0.4784967601299286,0.007478130281485824,-0.14384162425994873,0.44825191851678825,0.026343552,0.067402415,0.058526147,0.16105425,0.31329995,0.043211512,0.3301621,0.3407319,0.5469044,2.0609233,2.8763244,0.25626948,0.5761019,0.27862045,1.4859223,1.0035208,2.0325978,0.09707903,0.47958136,Medullary_cords,238.90793205751876
CAGATCCTGGTTTGAA-1,1,55,17,7978,33273.0,7978,4607.536,High,1,1,0,3,5,0,6,3,5294.169245500185,0.45056120886630463,0.17698617279529572,0.3494702874245846,0.008276863023638725,0.9653758495402284,-0.14258676767349243,0.4522627490268613,0.13058900833129883,0.49156161133854154,-0.07347642630338669,0.6995939448064574,0.29779213666915894,0.1099828316813521,0.0,0.045394607,0.13032076,0.045966346,0.23360194,0.09232492,0.45239142,0.4682932,0.40708706,1.9244802,2.8595543,0.39088356,0.5844537,0.27758902,1.084646,0.814884,2.230719,0.8624755,0.89782137,Medullary_cords,478.17360864020924
CAGCAGCCCGTTCCTT-1,1,28,78,5418,15445.0,5418,4349.5435,Low,5,3,4,1,4,2,1,1,1381.2664478658708,1.0114042647073518,-0.2517482042312622,0.17958835710202872,-0.267000287771225,0.15377442204613548,0.24152764678001404,0.19850390873562151,-0.10508601367473602,0.5804986145091768,0.026578962802886963,0.8891202688094374,-0.3075035512447357,0.09832485025286554,0.14017133,0.23201266,0.09063563,0.25677425,0.18837363,0.0,0.09203243,0.19731495,0.70037454,2.212178,2.8290277,0.24962968,0.45731306,0.7558781,1.6561077,1.0374398,2.0728192,0.12481484,0.13845557,Medullary_cords,138.0
CAGCAGTCCAGACTAT-1,1,50,100,5629,17459.0,5629,4207.0166,Medium-Low,1,10,0,3,0,4,6,3,1658.6126732905425,1.0114042647073518,-0.23764899373054504,0.20602997395667944,0.16881129145622253,0.372525277038988,0.03320152312517166,0.8617296656247051,0.012738252989947796,0.9467343977073712,-0.01633869856595993,0.931709933871867,0.43846362829208374,0.015364335876069423,0.036494013,0.0011344047,0.35261533,0.15186118,0.070759945,0.0,0.3871351,0.47655368,0.49791142,2.1619678,2.6340365,0.19087853,0.61877686,0.45870876,1.3138156,0.96184725,2.6336398,0.8540638,0.6054059,Medullary_cords,138.42326394071193
CAGCAGTCTGTGCTGC-1,1,62,74,5359,15506.0,5359,4265.1367,Low,3,6,0,0,2,1,0,3,3031.676928698043,0.6931471805599453,-0.10372994840145111,0.585419451593603,0.1335580050945282,0.4816784015923168,-0.04373325780034065,0.8185050407615826,-0.18218959867954254,0.33525224528685765,-0.21181949973106384,0.26114263901298457,0.1629653424024582,0.38954478505726486,0.056230444,0.0,0.1505002,0.346456,0.24765761,0.01906946,0.1800862,0.3995319,0.79203343,1.7895944,2.6782167,0.39375114,0.6317125,0.3728888,1.1804596,1.3343229,2.2337472,0.12442167,0.5385422,Medullary_cords,364.6601157242179
CAGCCCTCACAGGCAG-1,1,3,63,6603,25134.0,6603,4391.698,Medium-High,4,5,1,4,6,3,4,7,4531.633811331185,0.0,0.21722102165222168,0.2488914722392831,-0.04540885612368584,0.8116724739394688,0.16322290897369385,0.3887856466277077,0.011599206365644932,0.9514915502655414,-0.03933919966220856,0.8364834152834882,0.09295552223920822,0.6251501299980894,0.18204878,0.0,0.17420214,0.022965724,0.11924536,0.25660014,0.24493782,0.115045264,0.34187406,2.1330957,2.6116729,0.1400616,0.5120176,0.82831746,1.6903816,0.7352677,1.9713395,0.08373695,0.42374715,Medullary_cords,137.55726080436466
CAGCCGGGCCCTCTAT-1,1,11,85,5779,18719.0,5779,4238.273,Medium-Low,3,5,2,7,6,3,8,2,3240.0748448145455,0.0,-0.6234004497528076,0.00023307770023939223,-0.005507403053343296,0.9769573696837419,-0.12150110304355621,0.5224406967738535,0.06976241618394852,0.7141299721121157,0.043461188673973083,0.819615698282037,0.011337567120790482,0.9525845058555567,0.044499453,0.00010330216,0.19418786,0.42119426,0.07552103,0.26449406,0.0,0.119570374,1.0406421,1.5377285,2.579479,0.10700962,1.3335885,0.28726476,0.9105114,1.6538913,2.004546,0.39572397,0.5274917,Medullary_cords,365.0986168146902
CAGCCTCCTGCAGAGG-1,1,23,77,6003,24386.0,6003,3756.6506,Medium-High,2,3,0,2,4,2,2,4,1949.6527896012665,0.0,-0.28594017028808594,0.1255729427162561,-0.12786605954170227,0.5007153720588379,-0.010302059352397919,0.9569109802980335,-0.03198971599340439,0.8667308557389724,0.22340631484985352,0.2353366145957597,0.018921807408332825,0.9209446194642678,0.08786818,0.0,0.38781124,0.22076614,0.048054706,0.0,0.25549978,0.18236235,0.32217333,2.1123202,2.3349915,0.16077444,0.35699967,0.36450392,1.3003788,0.6594887,2.9605289,0.17182015,0.37683272,Medullary_cords,238.40302011509837
CAGCCTCTCCTCAAGA-1,1,15,95,6754,27512.0,6754,4315.6416,High,5,5,3,7,4,3,8,2,2796.633869493824,1.0114042647073518,-0.3878704309463501,0.034184170184851585,-0.1720351129770279,0.3633291366380056,0.15845009684562683,0.4029906697400307,-0.03490640968084335,0.8547024170809905,-0.07017847895622253,0.7124965743092105,-0.06645490229129791,0.7271582980106234,0.08233901,0.008336143,0.0,0.29203376,0.36524525,0.0,0.2520458,0.3767693,0.9246198,1.9348277,2.850529,0.19377413,2.0470135,0.35585022,1.5496118,1.4111085,1.6728848,0.33646226,0.10334621,Medullary_cords,275.98007174431996
CAGCGATTCCCTTCAA-1,1,53,43,5979,20408.0,5979,4135.6274,Medium-High,2,9,5,3,5,7,6,4,3580.6514770359877,0.6365141682948128,0.14016284048557281,0.4600641971911891,-0.20388981699943542,0.2798302951754999,0.18523238599300385,0.3271037332025585,0.20152074098587036,0.28557591280055905,-0.35561054944992065,0.05378445196335065,0.21111762523651123,0.2627629816480341,0.0,0.05131133,0.29549798,0.0,0.060798734,0.13867544,0.45371658,0.49557036,0.4856648,2.2426372,2.8239841,0.22062254,0.28519136,0.18549666,1.2462425,0.8075756,2.8718188,0.956892,0.7716865,Medullary_cords,732.7318745625852
CAGCTCGACAAGTTAA-1,1,28,90,6372,20901.0,6372,4454.406,Medium-High,3,0,2,0,4,2,5,6,1205.5824318560717,0.0,-0.1318102926015854,0.48748378374242973,-0.12296119332313538,0.5174168818971412,0.0024937912821769714,0.9895650428594909,-0.33109286427497864,0.07390415830393034,0.16238197684288025,0.39126731440617957,0.16057386994361877,0.39663388439837705,0.03462407,0.005152218,0.0,0.40489364,0.39541265,0.028690886,0.1312266,0.23660563,1.1192286,1.5386363,2.5328486,0.36422306,0.48065996,0.24405433,1.0201021,1.5427706,1.6359873,0.0,0.3265897,Medullary_cords,275.98007174431996
CAGCTCGTGCTTGTGT-1,1,14,42,5712,18314.0,5712,4195.7896,Medium-Low,2,11,0,3,1,5,0,3,4276.402460012388,0.0,-0.2583048641681671,0.16814225347351258,-0.19007724523544312,0.3143826822640383,-0.2578156292438507,0.1689779928352523,0.19618019461631775,0.2988025548618078,0.3052697479724884,0.10091992785049982,0.192963644862175,0.30695222728674415,0.065347694,0.0,0.23042215,0.29893973,0.0,0.23320514,0.17208529,0.36890107,0.7243434,2.0270157,2.850255,0.25565267,0.7152074,0.20119134,1.2494189,1.1790253,2.3351955,0.21784529,0.56027836,Medullary_cords,631.129146847141
CAGCTCTGGGCTCACT-1,1,73,35,5760,19148.0,5760,4148.1045,Medium-Low,3,4,2,0,5,0,5,6,5557.28755779292,0.0,-0.2407001405954361,0.20009340969164593,0.028543513268232346,0.8809804759690268,0.08323468267917633,0.661905677813324,0.19933520257472992,0.29094275485734916,-0.19281692802906036,0.3073272453665082,0.36521559953689575,0.047197483338521605,0.035895057,0.00048471557,0.0,0.4052912,0.18438126,0.1803404,0.19360742,0.117829725,1.1018872,1.6215825,2.6662385,0.15757051,0.50453305,0.2966175,1.0917369,1.4713495,1.667165,0.105047,0.36720031,Medullary_cords,364.00137362378183
CAGCTGGCGTAACCGT-1,1,48,22,6796,31409.0,6796,3728.5498,High,2,7,5,2,3,6,2,4,4698.22104631104,0.0,-0.0847175195813179,0.6562461598301542,-0.13940517604351044,0.4625172672970153,0.3284445106983185,0.07638521098233593,-0.12294963747262955,0.517456549740789,-0.18880635499954224,0.31768947087990207,-0.1285576969385147,0.4983822277613438,0.09341775,0.0003427594,0.38309595,0.1298526,0.19961514,0.18763192,0.0060438546,0.37131232,0.53816116,2.266567,2.5282004,0.19880651,0.3891061,0.44852534,1.3601117,0.88921154,3.0692203,0.19228065,0.5064872,Medullary_cords,497.24139007126104
CAGCTTAGTAGGTAGC-1,1,32,28,6510,22574.0,6510,4368.5073,Medium-High,3,7,0,0,3,6,0,3,4192.217551606786,0.45056120886630463,0.07173897325992584,0.7063814667936987,-0.09996429085731506,0.5991791510335222,-0.22339685261249542,0.2353569657063767,0.2592918276786804,0.16646520047826557,-0.07879410684108734,0.678962421371684,0.10756216198205948,0.571560863031344,0.030433245,0.0015492458,0.13318074,0.26731792,0.03678253,0.19516504,0.33557126,0.3555458,0.90300786,1.8491569,2.5995393,0.25030735,0.61550003,0.32252356,1.1178825,1.2903972,2.227827,0.0,0.76264316,Medullary_cords,414.77222664976017
CAGGAAGACTTTATAT-1,1,13,85,6339,23348.0,6339,4245.15,Medium-High,3,5,2,7,6,3,8,2,3001.638219372881,0.0,-0.4597817361354828,0.010579955021337831,-0.20972654223442078,0.2659937753914961,-0.002125099301338196,0.9911077226362811,0.17551270127296448,0.3535612053202539,-0.09594525396823883,0.6140154065829555,0.2823634743690491,0.1305826966421414,0.006359444,0.0,0.112851515,0.31314105,0.2771341,0.29051396,0.0,0.3041961,1.0810019,1.3452849,2.3677874,0.13368723,1.4675404,0.51358163,0.92456436,1.5197614,1.8798574,0.08912482,0.40339774,Medullary_cords,276.0
CAGGATATATCGTTGT-1,1,44,60,4230,9582.0,4230,4153.84,Low,3,2,0,0,0,7,0,6,2056.648000995795,1.2424533248940002,-0.225290447473526,0.2313077144087121,0.022039704024791718,0.9079689208847245,0.21678167581558228,0.24987350451024112,-0.016982093453407288,0.929027355864942,-0.14063790440559387,0.4585296132063464,-0.05855464190244675,0.7585746958168184,0.04534977,0.0,0.27631956,0.28181127,0.126696,0.061367065,0.20845631,0.23025052,0.56694406,1.6383045,2.4081202,0.14090997,0.88563955,0.4969021,1.2612954,1.0415074,2.1802268,0.0,0.6294924,Medullary_cords,137.00364958642524
CAGGATCCGCCCGACC-1,1,1,49,6705,26446.0,6705,4235.432,High,3,8,2,0,1,5,5,6,5181.085793537875,0.0,-0.06970788538455963,0.7143441435463476,-0.22776269912719727,0.22609184720651498,0.26609063148498535,0.15523472086800374,-0.08995430916547775,0.6364095335752181,0.011489586904644966,0.9519494574319617,-0.15073280036449432,0.4265699349512881,0.04332745,0.0724894,0.06417854,0.40483057,0.16088766,0.0,0.25428635,0.40374044,0.9413682,1.6583147,2.469112,0.1953423,0.54787946,0.30003393,1.038964,1.526293,1.677414,0.0801817,0.2007732,Medullary_cords,600.204131941792
CAGGCAGTCTTACCAG-1,1,65,85,6333,20739.0,6333,4430.937,Medium-High,1,6,3,6,2,1,7,5,3241.0536866889447,0.8675632284814612,0.06109892204403877,0.7484131364399568,-0.10387647151947021,0.5848868727713726,-0.15017013251781464,0.42831828647824044,-0.21887274086475372,0.2452223673977647,0.32191213965415955,0.08277928835519467,-0.2549540400505066,0.17392536301063333,0.013382041,0.06567083,0.056697756,0.047051024,0.09687009,0.38069013,0.33963814,0.40262574,0.6246096,2.13559,2.7926378,0.24543759,0.45566645,0.31638464,1.5996706,0.902302,2.292147,0.2671912,0.9314689,Medullary_cords,137.00364958642524
CAGGCCAGTACCACCT-1,1,71,17,6191,24889.0,6191,3963.526,Medium-High,5,1,4,1,5,0,1,1,6286.183977581311,0.0,0.15755431354045868,0.40568908952469795,-0.11723942309617996,0.5372382494802218,-0.05062739551067352,0.7904817271897784,-0.44720420241355896,0.013221383979312428,-0.07980603724718094,0.6750614155073082,0.45884180068969727,0.01076066335253097,0.1885899,0.1087823,0.050870586,0.2261274,0.012984908,0.02054823,0.39209664,0.22203305,0.55696416,2.1428843,3.0378551,0.12665895,0.40831405,0.18330291,1.8878272,1.1597764,1.6617404,0.0,0.30918065,B_cell_zone,0.0
CAGGCCGTTTGGGTGT-1,1,39,43,5257,16685.0,5257,4090.8994,Medium-Low,0,9,7,4,3,6,4,0,3099.6440118181313,1.3296613488547582,-0.014798594638705254,0.9381341859283305,0.14022040367126465,0.45987810813795543,-0.06386631727218628,0.7374072433354705,-0.03670819103717804,0.8472876184328842,-0.20633219182491302,0.27398521162372447,-0.09208452701568604,0.628409410153127,0.24011625,0.0,0.01703642,0.046393413,0.4581009,0.0,0.238353,0.27459154,0.29243153,2.2665436,2.8812003,0.058701742,0.76372045,0.4317796,2.1310916,0.72268337,1.90147,0.117403485,0.2038403,B_cell_zone,0.0
CAGGCGCACGGTGGTC-1,1,56,28,6462,23620.0,6462,4215.2324,Medium-High,2,9,5,2,5,0,2,3,4659.096586249313,0.0,-0.3767394721508026,0.04015865912795055,-0.18437626957893372,0.32938399916746425,-0.23981168866157532,0.2018097311915466,0.1397647261619568,0.461352302461848,-0.09689022600650787,0.610513297691153,0.05061982572078705,0.7905123636565723,0.09450385,0.07953606,0.27215785,0.059521187,0.22433643,0.0,0.2699446,0.23486379,0.39301717,2.4030137,2.781653,0.28878886,0.5191485,0.34409085,1.8158238,0.88971484,2.595448,0.44656938,0.52168983,Medullary_cords,0.0
CAGGCGCCATGCTAGG-1,1,49,73,4871,17044.0,4871,3481.6619,Medium-Low,2,2,5,2,0,7,2,4,1673.6908316651554,0.0,0.2273402214050293,0.22697750620677531,-0.2799374759197235,0.134063116939606,0.1282486915588379,0.49942393927169515,-0.43966707587242126,0.015053178839414729,0.36931413412094116,0.04458973441282813,-0.1989264190196991,0.2919536395253289,0.1657637,0.0,0.6490659,0.034490816,0.07678683,0.0,0.073892795,0.30200619,0.41446805,2.2510927,2.460897,0.24232738,0.5056067,0.115416735,1.3787317,0.5768808,3.2830327,0.30949378,0.24615869,Medullary_cords,413.90457837525787
CAGGGAGATAGGCCAG-1,1,74,18,6982,29005.0,6982,4242.5586,High,1,1,3,6,5,0,3,5,6466.362192144823,0.5004024235381879,0.15007218718528748,0.42862302962388743,0.08385901898145676,0.659520535959139,0.05203535407781601,0.7847888031777756,-0.3214092254638672,0.08328804123922455,-0.2749866247177124,0.14137530523644892,0.38415825366973877,0.03609109133319762,0.050324395,0.08133699,0.03383798,0.093022294,0.20619538,0.12162015,0.41366285,0.2733733,0.40269083,2.0802271,2.8434079,0.15432996,0.4477339,0.32247582,1.6199497,0.84666145,1.9037402,0.2516005,0.6832377,Medullary_cords,238.40302011509837
CAGTAACTATTTATTG-1,1,19,101,6729,25356.0,6729,4345.203,High,1,0,3,6,4,3,7,5,2445.686815600068,0.5004024235381879,0.09562978148460388,0.6151864223163855,-0.14563459157943726,0.4425544451828383,-0.015651512891054153,0.9345759030461231,0.09534967690706253,0.6162269317336844,-0.025446396321058273,0.8938179526508593,0.027726441621780396,0.8843644827558373,0.020303309,0.11679007,0.16583122,0.09398514,0.12475798,0.0,0.47833222,0.34064,0.7302194,1.9262834,2.7642007,0.11425462,0.53196025,0.07269524,1.4032152,0.9909899,2.2824492,0.08311877,0.793221,Medullary_cords,476.80604023019674
CAGTAAGGGACGTCTC-1,1,64,4,235,302.0,235,864.52026,Low,5,1,6,5,5,0,3,1,6568.20112359541,0.0,0.2879529595375061,0.12281670507608423,0.08805829286575317,0.6435640109369453,-0.03492173179984093,0.8546393104955259,-0.02498169243335724,0.8957464898084712,0.06649914383888245,0.7269835278544848,0.11216717958450317,0.55510558290248,0.44670144,0.02176554,0.0,0.0,0.36149475,0.046078097,0.12396031,0.0,0.0,1.4177579,1.543282,0.0,0.0,0.0,1.1765555,0.0,0.7059333,0.0,0.0,B_cell_zone,238.76766950322232
CAGTAATCCCTCCCAG-1,1,21,25,6574,24745.0,6574,4201.9634,Medium-High,2,11,0,2,1,5,2,4,4790.084132872825,0.6931471805599453,-0.2969991862773895,0.11097840032729682,0.1295783817768097,0.49494909904499057,-0.1400696188211441,0.46036564668666374,-0.33275309205055237,0.07238085558164227,-0.4135913848876953,0.023093593390221587,0.1591561883687973,0.4008708537996339,0.11826715,0.0,0.20307754,0.33441147,0.29415908,0.0,0.050084766,0.35642397,0.5205547,2.1043334,2.7296548,0.08485306,0.6874057,0.3149867,1.4641099,1.1757733,2.8990285,0.08485306,0.23106982,Medullary_cords,237.9012400135821
CAGTACATTCTCTAAA-1,1,20,102,6766,25719.0,6766,4304.5063,High,1,0,3,6,4,2,7,5,2361.4921130505604,0.0,0.010422814637422562,0.9564063862432606,-0.0596587210893631,0.7541601790813292,-0.07165692746639252,0.7067025375943535,0.2009364813566208,0.2870043933770628,-0.022035976871848106,0.9079844189266023,0.015260687097907066,0.9362062367940274,0.018560229,0.06566207,0.06720679,0.07851001,0.18480884,0.086439945,0.4988121,0.20960349,0.56504905,2.0582633,2.7950323,0.041056592,0.4936845,0.3944811,1.4381272,0.91696334,2.5511572,0.16422637,0.5534859,Medullary_cords,414.40318531594323
CAGTACCAGTTTACGT-1,1,48,18,6584,23162.0,6584,4337.4595,Medium-High,2,7,5,3,3,6,0,3,4964.707947100212,0.0,-0.1299426406621933,0.4937267937613765,-0.18173617124557495,0.33647699985437246,0.04948274791240692,0.7951177979983314,-0.14616870880126953,0.4408647952094711,0.052697982639074326,0.7821132808010343,-0.10428053885698318,0.583419282567415,0.0,0.041555636,0.2058953,0.13978252,0.23480159,0.17174995,0.20621508,0.3354476,0.7197726,1.91887,2.69667,0.3564338,0.52090627,0.17945233,1.1341426,0.95437586,2.5699205,0.34053046,1.3630276,Medullary_cords,633.0157975911818
CAGTAGCCCACGCGGT-1,1,25,91,5828,17569.0,5828,4404.0796,Medium-Low,3,5,2,0,4,2,5,6,1570.1776969502528,0.0,-0.4536803364753723,0.011799829343555729,-0.13532178103923798,0.4758559184210582,0.13560928404331207,0.47491029957009645,0.001225755549967289,0.9948708746640298,-0.17622093856334686,0.3515913108462538,0.07207194715738297,0.7050789434209199,0.12658189,0.0021196124,0.19333883,0.46897247,0.0076830643,0.036912758,0.16439137,0.24195656,1.0580966,1.7174991,2.4970415,0.16896623,0.4418373,0.35898462,1.3005884,1.544438,1.8054636,0.11264415,0.36778855,Medullary_cords,238.40302011509837
CAGTAGCGAGGTAGTA-1,1,4,30,6252,20907.0,6252,4357.4585,Medium-High,3,8,2,0,1,5,5,6,5702.266917638984,0.0,-0.6996357440948486,1.6890172164491342e-05,0.18405303359031677,0.3302474632482618,0.16580453515052795,0.38122383821967265,-0.24879425764083862,0.1849199494853554,-0.17927826941013336,0.343163292345544,0.03935403376817703,0.8364225798999094,0.050442655,0.0014371758,0.018406233,0.36396456,0.26407927,0.22084528,0.080824845,0.3171007,0.8295833,1.5135078,2.427317,0.097728536,0.6245053,0.44806486,0.9174283,1.5634212,1.546488,0.097728536,0.42039406,T_cell_zone,276.3494165001982
CAGTCGAGGATGCAAT-1,1,25,99,6333,21989.0,6333,4357.5767,Medium-High,5,0,4,1,4,2,1,1,1731.761242204017,1.3296613488547582,-0.1701497733592987,0.36869075621701747,-0.19763489067554474,0.2951621099699811,-0.1765652596950531,0.3506359933745104,0.11295017600059509,0.5523296095927499,-0.1342284232378006,0.479460947301153,-0.10772290080785751,0.5709828157330357,0.09023889,0.13977426,0.024052622,0.20611937,0.33642027,0.0,0.20339462,0.23527563,0.49362332,2.1725407,2.892787,0.08085817,0.56610113,0.43838674,1.7990406,1.0752544,2.0104187,0.09371244,0.43042266,Medullary_cords,137.55726080436466
CAGTCTCTCGGCTAAT-1,1,6,28,6187,21844.0,6187,4280.4663,Medium-High,3,8,2,0,1,5,5,6,5634.416562520028,0.0,-0.5059009790420532,0.004342492764888747,-0.07599236816167831,0.689805388558427,0.1827782243490219,0.33366636071768585,-0.19821284711360931,0.2937235766887634,-0.18803374469280243,0.3197102524323618,0.022012582048773766,0.9080816987460254,0.08028168,9.479079e-05,0.07551084,0.5829253,0.14727435,0.027394168,0.08651886,0.42257267,1.2670628,1.6196195,2.5780149,0.14134601,0.6949975,0.14134601,1.0629568,1.7104286,1.7201248,0.094230674,0.25238916,Medullary_cords,496.9557324349926
CAGTCTGTATACTGGG-1,1,42,66,3345,7090.0,3345,3844.8252,Low,4,2,1,4,0,7,4,7,1588.2247951722702,0.6365141682948128,0.016325078904628754,0.9317667278726806,-0.30162134766578674,0.10526881558275276,-0.04050334542989731,0.8317120348957598,-0.04373787343502045,0.8184862014938366,-0.040126003324985504,0.8332579797471756,-0.1859583556652069,0.3251777247763584,0.21351671,0.0,0.28606454,0.012123532,0.4882952,0.0,0.0,0.32995903,0.83792377,2.0391114,2.7712579,0.10998634,0.27755928,0.4268197,1.5275972,0.7876233,2.0880296,0.21997268,0.14664847,Medullary_cords,138.0
CAGTGAATAAATGACT-1,1,25,83,6239,21172.0,6239,4305.3857,Medium-High,5,3,4,6,4,2,1,1,1594.44034068384,1.0114042647073518,0.07472226023674011,0.6947408726214046,-0.2004597932100296,0.2881732392020241,0.056905217468738556,0.7651835471766351,-0.13381250202655792,0.48083601496346756,-0.11862891167402267,0.5323918342031673,0.1246238499879837,0.5117250215850708,0.11173024,0.073038526,0.08129573,0.18931921,0.0,0.18525422,0.35936207,0.19990759,0.6652313,2.294697,2.910997,0.35208958,0.61843485,0.38686934,1.9573855,1.3038305,2.1680403,0.19342035,0.5297637,Medullary_cords,0.0
CAGTGGTTGCACATGA-1,1,16,22,6657,24294.0,6657,4358.6855,Medium-High,5,11,7,1,1,5,1,1,5251.549961677981,1.5607104090414068,-0.5777005553245544,0.0008287646959914666,-0.15500858426094055,0.4134131963430666,0.08833763003349304,0.6425079693158366,-0.014507178217172623,0.9393502149016844,-0.5259454250335693,0.0028348226264234603,-0.05928891897201538,0.7556379466972267,0.1756036,0.0,0.0,0.28444022,0.3024388,0.2375174,0.0,0.4069832,0.6232156,2.2792835,2.8372085,0.12928239,0.612175,0.42265442,1.8629558,1.066909,1.8971041,0.0,0.3797283,Medullary_cords,0.0
CAGTGTCCGCAGAATG-1,1,15,37,6776,24442.0,6776,4375.716,Medium-High,3,11,2,0,1,5,5,6,4462.040452528417,0.45056120886630463,-0.5169106721878052,0.003446554207651803,-0.17322951555252075,0.3599564329709673,0.03129180520772934,0.8696134722787262,0.26311424374580383,0.16008231221498812,-0.1641872078180313,0.38595109180299225,0.44896724820137024,0.012820912349704386,0.033491954,0.0026231527,0.11490029,0.48413688,0.2221003,0.0041876975,0.13855977,0.31618288,0.9104645,1.6512737,2.5870407,0.20335042,0.69335806,0.4565009,0.9275125,1.6378714,1.9885156,0.17148688,0.3183864,Medullary_cords,364.9465714320385
CAGTGTCGGCTGGCCC-1,1,52,92,6369,25251.0,6369,3952.7869,Medium-High,2,10,0,2,0,4,2,4,1700.2143982451155,0.0,0.06516449898481369,0.732261729855012,0.3433423638343811,0.06322896384556784,-0.12481275200843811,0.5110803035899926,0.42829951643943787,0.018211854438604062,-0.35949745774269104,0.05103664809226867,-0.15821968019008636,0.40368379406898697,0.048372712,0.0023565125,0.3670259,0.21311311,0.12104066,0.0,0.24809109,0.25113258,0.5899786,2.0658557,2.564206,0.20853162,0.4563105,0.4146042,1.1798344,1.0218637,2.9612029,0.08341265,0.38598034,Medullary_cords,366.742416417845
CAGTGTTAATCTCTCA-1,1,70,16,5740,20629.0,5740,4038.7146,Medium-High,5,1,4,1,5,0,1,1,6265.527431908666,0.0,0.05346978083252907,0.7790000312228571,0.08396987617015839,0.6590973710623377,-0.011315159499645233,0.9526781140123388,-0.29689034819602966,0.11111557224096971,-0.21049091219902039,0.2642153398599649,0.3611610233783722,0.04989510320943321,0.27110827,0.0020215153,0.1999705,0.15587798,0.0,0.0020303712,0.36899137,0.049406175,0.38712645,2.1760976,2.7939785,0.1341292,0.26044685,0.1341292,1.7871802,0.7379031,1.9494147,0.0,0.2813876,Medullary_cords,137.00364958642524
CAGTTCAAATTGACAC-1,1,29,51,6301,21818.0,6301,4333.853,Medium-High,1,3,3,6,1,2,7,5,2765.2459203477724,0.45056120886630463,-0.2434442937374115,0.1948559192573727,0.2495395392179489,0.18356446909796562,-0.18426105380058289,0.3296916177134123,-0.38111841678619385,0.03771565114491552,-0.4009329378604889,0.02811069714199751,0.1815144419670105,0.33707690278437435,0.06480986,0.00069368834,0.050065696,0.105558075,0.26344794,0.013225812,0.50219893,0.30930662,0.6818043,2.1132817,3.0387444,0.20245641,0.48793504,0.330947,1.69207,1.0030195,1.8724209,0.16265337,0.38063818,Medullary_cords,137.05838172107534
CAGTTCCGCGGGTCGA-1,1,26,26,6160,19572.0,6160,4471.605,Medium-Low,5,11,4,3,1,6,1,1,4503.084498429937,1.0114042647073518,-0.43815818428993225,0.015444155204889773,0.05719638615846634,0.7640157136791345,-0.07210005819797516,0.7049690163220532,-0.5963571071624756,0.0005052243126934833,-0.3470495939254761,0.0602479226270043,0.32774367928504944,0.07705238829320771,0.08398822,0.0835648,0.031791132,0.21900512,0.08738216,0.25496656,0.239302,0.22691827,0.6442539,2.283074,2.7164366,0.20637263,0.7889947,0.20637263,1.920016,1.2944546,1.6215855,0.20637263,0.40920377,B_cell_zone,0.0
CAGTTCGAGGACCCGA-1,1,69,49,6363,26826.0,6363,3813.8445,High,2,4,0,2,2,0,2,4,4581.923722630048,0.45056120886630463,-0.17960494756698608,0.34227002897605996,0.016612380743026733,0.9305687489603193,0.06250021606683731,0.742834000476663,-0.07421886920928955,0.6967003916731609,0.10458651930093765,0.5823090288956247,0.018790077418088913,0.9214932995662721,0.044629548,0.0,0.2644111,0.18998234,0.09138667,0.13110062,0.2784897,0.35453653,0.47584265,2.153461,2.62648,0.287126,0.35774165,0.33256498,1.3143799,1.0299904,2.7642665,0.3753112,0.4436744,Medullary_cords,690.8834923487461
CATAACGGACAGTCGT-1,1,36,94,4495,11745.0,4495,4107.313,Low,3,0,2,0,0,4,5,6,477.6703884479338,0.0,0.09670336544513702,0.6112051466024403,-0.07867059111595154,0.6794391358406506,-0.06167403608560562,0.7461218428515287,-0.14761878550052643,0.4362952308287331,0.26986104249954224,0.14924632826198872,0.10165036469697952,0.5930011103360308,0.00585247,0.0,0.108429335,0.48366898,0.39087743,0.0060223937,0.0051494553,0.20128298,0.81412405,1.1269541,2.403422,0.07699452,0.7799612,0.4933406,0.7106928,1.4120811,1.8015707,0.15398905,0.45246878,Medullary_cords,497.9317222270539
CATAAGAAGCTTGGCT-1,1,58,72,6027,19471.0,6027,4322.1597,Medium-Low,3,6,0,0,2,1,0,3,2637.0866500742823,1.3296613488547582,-0.3590618371963501,0.051338960678432376,-0.11833903938531876,0.5334011536837583,0.0770508348941803,0.6857018133499384,0.04824548214673996,0.8001366907282378,-0.0036215633153915405,0.9848464749694477,0.07788039743900299,0.6824917848397603,0.09746659,0.0,0.17042263,0.26563767,0.30896348,0.010749456,0.14676018,0.25477204,0.5903118,2.050856,2.791758,0.24376023,0.4768753,0.51282555,1.5828414,1.2252805,2.603146,0.20724028,0.42126447,Medullary_cords,137.92751719653333
CATAAGCTCTCCGTCT-1,1,42,14,6692,25827.0,6692,4253.8647,High,5,7,3,1,3,6,1,1,5116.709196348763,0.6931471805599453,-0.5167167782783508,0.003460837079337694,0.29398173093795776,0.11482842469847217,-0.08584333956241608,0.6519616614683869,-0.016077082604169846,0.9328009298432993,-0.10398080945014954,0.5845077575231337,0.1632896512746811,0.38858907278810206,0.122458234,0.18195508,0.0736741,0.17089157,0.03884575,0.2395144,0.1726609,0.33170727,0.5585481,2.3147383,2.9871812,0.08182844,0.40511522,0.23534484,1.9402754,0.8574656,1.7107669,0.16365688,0.5905129,B_cell_zone,0.0
CATAATGAGCGGGCGA-1,1,6,46,6988,28371.0,6988,4274.1045,High,3,8,2,0,1,5,5,6,4800.862005931852,0.0,-0.16966938972473145,0.37006429373540656,-0.25537633895874023,0.17318889589156078,0.06849982589483261,0.7190942641555323,0.058819618076086044,0.7575145386417279,0.0583665631711483,0.7593274505142587,-0.043307527899742126,0.8202431331818393,0.031642366,0.0007188147,0.17501651,0.46464476,0.06409482,0.0,0.26388267,0.1931727,0.9310551,1.4203885,2.2541335,0.14218348,0.5333436,0.5382635,0.9661068,1.6136329,1.8163894,0.0,0.28585628,Medullary_cords,715.9357513073362
CATACAAAGCCGAACC-1,1,13,35,7559,34358.0,7559,4291.9966,High,2,11,0,3,1,5,6,3,4719.030620794911,1.3296613488547582,-0.3952878415584564,0.03061758187990108,-0.16142438352108002,0.3941042988418114,0.011061131954193115,0.9537393605685375,0.30932682752609253,0.09624428811896636,-0.3136499524116516,0.09144430440685085,0.2684226930141449,0.15151081575193356,0.04434755,0.0,0.22057928,0.19859286,0.06928126,0.092829645,0.37436938,0.45781177,0.78532106,2.061513,2.807011,0.23160574,0.3691734,0.2678436,1.3371315,1.3681924,2.751664,0.293257,0.6333781,Medullary_cords,138.0
CATACACGGTTCCCAC-1,1,61,55,5813,18810.0,5813,4200.7954,Medium-Low,1,4,0,1,2,1,0,3,3571.182717252087,1.0986122886681096,-0.14773648977279663,0.4359254503931736,-0.02426842413842678,0.8987077074143278,0.21247990429401398,0.25962400934822377,-0.2944051921367645,0.11428221496686457,-0.4567684531211853,0.011168458023399499,0.45212531089782715,0.012128908802820191,0.06530569,0.16276033,0.17106996,0.16578302,0.0,0.0,0.43508098,0.31394473,0.52003384,2.282806,2.8920217,0.22578551,0.39425534,0.21317618,1.7380811,1.0446887,2.5374181,0.28766727,0.31249765,Medullary_cords,137.55726080436466
CATACCCGTACCCAGT-1,1,37,31,3042,7848.0,3042,3368.5183,Low,1,7,6,5,3,6,3,5,3925.5414913104664,0.8675632284814613,-0.06293825060129166,0.74109260369942,0.0452243871986866,0.8124240263979946,0.26493439078330994,0.15710519657096997,0.0219777412712574,0.9082265752870919,-0.3506055474281311,0.05749308633571948,0.359622597694397,0.050950064240237646,0.072085485,0.17608503,0.0020264394,0.25648928,0.044523753,0.0,0.44879,0.40462273,0.58941334,1.867888,2.6187851,0.0,0.56912917,0.2610169,1.4820291,1.3306701,1.6282389,0.0,0.1369388,Medullary_cords,238.40302011509837
CATACGAACTAGCTGG-1,1,65,31,6860,26301.0,6860,4305.0234,High,3,1,2,0,5,0,5,6,5085.1344131694295,0.0,-0.267364501953125,0.15319251381185384,-0.15976403653621674,0.3990510643639568,-0.2803015112876892,0.13353658109682132,-0.09681503474712372,0.6107916529046576,0.2027072161436081,0.2826890543811005,0.3679603934288025,0.04543804620012924,0.027717259,0.063596316,0.08177331,0.35290235,0.2531617,0.17171834,0.04913072,0.22909479,1.1837643,1.6112745,2.561388,0.23182103,0.5379356,0.2965462,0.9473139,1.5701058,1.7481177,0.14139326,0.53329927,Medullary_cords,631.6969209993033
CATACGGCGTCTGGGC-1,1,39,63,3564,8921.0,3564,3663.9111,Low,5,9,3,5,0,7,3,5,1724.4639746889466,0.6931471805599453,0.19205564260482788,0.3092777433429318,0.06204590946435928,0.7446414014740147,0.01768057607114315,0.9261159582327128,-0.06651310622692108,0.7269283741457259,-0.13317832350730896,0.4829365596243338,-0.024934999644756317,0.8959402988759603,0.19644347,0.0,0.07819732,0.2541527,0.026315076,0.0,0.44489145,0.24100304,0.51199037,2.433525,2.8526995,0.24100304,0.51912683,0.735677,2.118288,1.1312668,2.218635,0.0,0.12531073,Medullary_cords,0.0
CATACTATGTAATTGT-1,1,36,48,5706,18210.0,5706,4262.7925,Medium-Low,1,9,3,6,3,6,7,5,2763.8388158501575,0.6365141682948128,0.0025688637979328632,0.989250929027041,-0.10969418287277222,0.5639152067342027,0.042324140667915344,0.8242611059977208,0.028178075328469276,0.8824937336273148,-0.25965115427970886,0.16585759273257245,-0.15213651955127716,0.4222254157065181,0.088821895,0.0,0.08985373,0.035286363,0.1590455,0.0,0.62699246,0.2858622,0.4843753,2.419785,2.9565816,0.14736606,0.4735787,0.20208414,1.9108735,0.913051,2.2456703,0.29473212,0.285808,Medullary_cords,0.0
CATACTTAGGCAATAC-1,1,37,113,6611,22852.0,6611,4421.6167,Medium-High,2,0,0,3,0,4,0,3,1725.461387571452,1.0986122886681096,0.11361968517303467,0.5499611056525628,-0.13311485946178436,0.4831470260744884,-0.1411217749118805,0.45696937475889243,-0.08430124819278717,0.657833070612577,0.370760053396225,0.04369765304973643,-0.1505340188741684,0.42718714957635723,0.12036089,0.007980369,0.23871446,0.12586679,0.23190467,0.030298883,0.24487391,0.4278496,0.68213373,2.1847353,2.926394,0.2741398,0.39810073,0.5099074,1.6152315,0.90912336,2.2781534,0.15717842,0.44203365,Medullary_cords,276.3494165001982
CATACTTCTTTCTCCG-1,1,68,52,6294,23410.0,6294,4096.6523,Medium-High,2,4,5,3,2,0,6,3,4365.313390811707,0.45056120886630463,-0.3515585958957672,0.05677183277657654,-0.07218419760465622,0.704640027345827,-0.09694500267505646,0.6103105500305862,-0.033248599618673325,0.8615354829504297,0.24578359723091125,0.1904667996226119,-0.1227017194032669,0.5183079379453057,0.029763516,0.0051554376,0.27988476,0.18263501,0.12951171,0.018315874,0.3547337,0.39917254,0.58096546,1.9391034,2.7621415,0.28776613,0.46365047,0.28776613,1.302612,1.0540555,2.545946,0.6526108,0.58573806,Medullary_cords,497.96586228375133
CATAGAGGAGATACTA-1,1,69,87,5032,13605.0,5032,4275.5405,Low,0,6,7,4,2,1,4,0,3714.4846210477167,1.3296613488547582,0.3178507685661316,0.08695647636655644,-0.3654930293560028,0.04701722614330827,-0.10962919145822525,0.5641475829948124,-0.10705733299255371,0.5733780322534298,-0.05391335114836693,0.777212286725944,0.27138566970825195,0.1468727698871219,0.054847404,0.12019067,0.0061528157,0.07799234,0.19992857,0.32181415,0.2190741,0.0,0.5499906,2.4332035,2.790366,0.06888543,0.2912089,0.36385214,2.2497253,1.0797851,2.0006936,0.13777086,0.3932889,B_cell_zone,0.0
CATAGCCGCCCGGGAT-1,1,26,22,7254,29191.0,7254,4410.077,High,3,11,0,0,1,6,0,3,4765.363050177814,0.6365141682948128,-0.08776557445526123,0.644671371265388,0.157100647687912,0.4070595754551852,-0.1310502290725708,0.4900195796954982,-0.2638906240463257,0.15880753819543753,-0.39269280433654785,0.031829322837935846,0.2453441023826599,0.1912861061632403,0.010765888,0.07051975,0.09919263,0.18112539,0.27511132,0.12693396,0.23635107,0.3072878,0.70732814,1.9348989,2.6606548,0.3972823,0.6742341,0.38088658,1.2824318,1.198305,2.422986,0.0,0.59542334,Medullary_cords,276.0018115882575
CATAGCGTTGCCCACC-1,1,54,42,4113,10996.0,4113,3744.2278,Low,2,9,5,2,5,0,2,4,3701.353806379498,0.0,0.1750580370426178,0.35482927877755255,-0.2119918167591095,0.2607458297861254,0.1165781021118164,0.5395522155795693,0.19240765273571014,0.3083748952882088,-0.35572609305381775,0.053701121017409204,0.20399105548858643,0.2795864325321012,0.06155597,0.0,0.38305053,0.0062450445,0.0,0.31151918,0.23762932,0.49068582,0.604323,2.1624055,2.6887238,0.08085005,0.6174339,0.29124093,1.3319143,0.93063396,2.6341794,0.7069541,0.3234002,Medullary_cords,603.7292439496367
CATAGGGACACTTGTG-1,1,75,21,7379,31470.0,7379,4337.087,High,1,1,3,6,5,0,7,5,6396.049562034365,0.848685557726417,0.07793375849723816,0.6822854869143516,-0.07766618579626083,0.68332016900531,0.11096670478582382,0.5593741209805985,-0.3539239466190338,0.055012493519405084,-0.5151186585426331,0.0035805102534986707,0.21440811455249786,0.2552231353690222,0.050259534,0.0,0.13824998,0.033737637,0.19413719,0.115204245,0.4684114,0.3519144,0.33720827,2.0905437,2.8327703,0.068985805,0.53638864,0.50119805,1.3903301,0.6948574,2.4013321,0.34303683,0.71840245,Medullary_cords,239.00209204105306
CATAGTACATTGAGAG-1,1,15,77,6454,22478.0,6454,4395.838,Medium-High,3,5,2,7,6,3,8,2,2857.044801888833,0.0,-0.4018094539642334,0.027736893025034234,-0.44926169514656067,0.012755027990390579,-0.1443905383348465,0.4465034774453383,0.07182654738426208,0.7060388163984523,-0.11972451210021973,0.5285852891085905,0.07013800740242004,0.7126554047541037,0.026515992,0.0046388973,0.11806783,0.32450318,0.1351988,0.18844414,0.20263116,0.1737879,0.8258634,1.721769,2.431864,0.25111878,1.0473226,0.4226814,1.0699735,1.1789248,1.8502901,0.09200647,0.2639848,Medullary_cords,476.6686480145301
CATAGTAGCATAGTAG-1,1,19,45,5571,16902.0,5571,4292.559,Medium-Low,3,11,2,0,1,5,5,6,3732.9678541342946,0.6365141682948128,-0.2857062518596649,0.12589619205312108,-0.07884855568408966,0.678752312158685,-0.1918894350528717,0.3097046115822407,0.5093322992324829,0.004044034236420958,0.18254688382148743,0.33428909552612235,0.12297138571739197,0.5173818956336501,0.042921208,0.0,0.07480245,0.3044838,0.4049831,0.17280945,0.0,0.3101123,0.87623453,1.7415278,2.5962236,0.05810158,0.4236647,0.21381539,1.4284964,1.4743066,2.5484874,0.11620316,0.20761842,Medullary_cords,239.0
CATAGTCAAATACATA-1,1,65,93,6699,28988.0,6699,3880.6545,High,2,6,3,2,2,1,3,4,3252.105933083976,0.6365141682948128,0.19679228961467743,0.2972673213613107,-0.38054877519607544,0.03802652054811012,0.11717776954174042,0.5374537762023286,-0.08752764016389847,0.645572031519265,-0.3299047350883484,0.07500941561392664,0.030741697177290916,0.8718867683218295,0.033834,0.0,0.17002915,0.054063924,0.29769185,0.3293843,0.11499677,0.26534048,0.5461341,2.2593741,2.6490924,0.2110306,0.5674999,0.38777202,1.344718,0.67949444,2.6639256,0.26236784,0.46394882,Medullary_cords,137.00364958642524
CATAGTCCACAAGAAC-1,1,45,31,6600,23957.0,6600,4380.0566,Medium-High,3,9,2,0,3,6,5,6,4011.6511563195522,0.45056120886630463,-0.20065253973007202,0.2877002572891861,0.020205842331051826,0.9155982739585106,-0.2663789987564087,0.1547707231426704,-0.02201446145772934,0.9080738837824378,0.028095349669456482,0.8828363523363293,0.300673246383667,0.10642161865014288,0.114285514,0.0015857179,0.088788696,0.43677917,0.31400356,0.0,0.044557314,0.24906358,0.9508866,1.9380767,2.6258583,0.16307753,0.532728,0.36670792,1.4466262,1.5887992,2.0783904,0.17441723,0.17441723,Medullary_cords,276.0018115882575
CATATACTACTGATAA-1,1,18,102,5701,17674.0,5701,4300.0938,Medium-Low,1,12,3,6,4,3,7,5,2582.2796130551005,0.0,-0.05038071796298027,0.7914802382564747,0.1643674373626709,0.3854226339184984,-0.007017278112471104,0.9706425523221971,-0.13376601040363312,0.4809898459130461,0.025665592402219772,0.8929084866062587,0.05558285862207413,0.7704936454404551,0.031176686,0.0020017184,0.14349292,0.09008354,0.099412166,0.0072069163,0.6266261,0.24244842,0.53538984,2.018821,2.8013353,0.05604984,0.4600119,0.48140484,1.3809128,1.0387659,2.1311307,0.22419935,0.5951164,Medullary_cords,364.3295211755424
CATATAGGTACAGTCA-1,1,43,55,4775,12707.0,4775,4112.944,Low,2,9,0,3,3,7,0,3,2349.239238562135,1.0114042647073518,-0.22939902544021606,0.22268355652380864,0.11524563282728195,0.5442288115411531,-0.06312837451696396,0.7403371596101936,0.1427287757396698,0.4518078967313791,-0.027545571327209473,0.8851138519907993,0.39208871126174927,0.0321169026211767,0.025766775,0.0,0.16117607,0.0,0.14071767,0.4382132,0.23412633,0.40191567,0.105048455,2.1702816,2.6353555,0.14513005,0.5330153,0.23635903,1.5528144,0.7875762,2.5427485,0.30305246,0.7692059,Medullary_cords,138.42326394071193
CATATGTCAGGCTACG-1,1,48,24,5610,19338.0,5610,3904.1477,Medium-Low,2,7,5,2,3,6,2,4,4565.006571736782,0.0,-0.07279287278652191,0.7022616377554247,0.010095648467540741,0.9577735368055134,0.3255990743637085,0.07912190892087616,-0.06592746824026108,0.7292428851614974,-0.31743597984313965,0.08739197841815048,-0.0096520334482193,0.9596274865863795,0.038359236,0.0,0.26108664,0.12453973,0.13774918,0.15993801,0.27832714,0.3604736,0.61075586,2.0769255,2.7249918,0.20840576,0.617528,0.10420288,1.5048497,1.0516897,2.8483891,0.17752972,0.59898466,Medullary_cords,414.2764777295472
CATATTATTTGCCCTA-1,1,9,79,5236,16213.0,5236,4140.459,Medium-Low,5,5,4,1,6,3,1,1,3528.3378523038295,0.45056120886630463,-0.31077688932418823,0.09461351081398336,0.1625765562057495,0.3906922861061805,-0.16232305765151978,0.3914415303806989,-0.011191174387931824,0.9531960747057632,0.13301363587379456,0.48348281227338585,0.02674069255590439,0.8884497391336884,0.15674415,0.13842934,0.13805969,0.17119418,0.32322887,0.0043115187,0.06803229,0.20090972,0.5755666,2.3357344,2.7843215,0.060058206,0.49101928,0.22057128,1.9819636,0.8146057,2.060055,0.0,0.28730738,Medullary_cords,0.0
CATCAAACTGGCGCCC-1,1,15,117,7430,34664.0,7430,4280.0435,High,5,12,4,1,4,3,1,1,3401.790851889634,0.9502705392332347,-0.08439120650291443,0.6574900075491762,-0.0336448960006237,0.8599011412275418,-0.13175177574157715,0.48767877499580303,0.02236221730709076,0.9066279899468165,-0.17123495042324066,0.3655990190292677,0.1859164535999298,0.3252887015445186,0.23960172,0.17737591,0.0,0.28330344,0.29971895,0.0,0.0,0.2951032,0.6907489,2.28619,2.905746,0.1519915,0.5008243,0.334276,1.9870566,1.1472234,1.7716866,0.0,0.084490865,B_cell_zone,0.0
CATCATCTACCCGGAC-1,1,11,69,5289,15815.0,5289,4180.6826,Low,5,5,7,1,6,3,1,1,3488.727131777434,1.3296613488547582,0.12208455801010132,0.520430332275057,-0.1811799854040146,0.3379830253715167,-0.3621888756752014,0.049199960703422606,0.0032579777762293816,0.986367659879246,-0.4114286005496979,0.023894463443020125,-0.0385269820690155,0.8398157606549492,0.14033094,0.12371856,0.040662114,0.27509403,0.048551872,0.0,0.3716425,0.2656135,0.81791925,2.440804,2.8497274,0.06125267,0.44357955,0.3471911,2.0766711,1.2784784,1.8621569,0.32686615,0.16334045,B_cell_zone,0.0
CATCATTACCCTGAGG-1,1,52,94,5882,18838.0,5882,4257.4663,Medium-Low,2,10,0,3,0,4,0,3,1727.0972757780612,0.0,0.008272834122180939,0.9653926934270799,0.002415437251329422,0.98989288863683,-0.15969739854335785,0.3992503369694307,0.328743577003479,0.07610186489101364,-0.14182710647583008,0.4547000955410232,0.05578548088669777,0.7696793236616818,0.00916816,0.057864826,0.20659798,0.11881875,0.09450206,0.16287658,0.35017172,0.3136652,0.60674834,1.9656749,2.75273,0.35889268,0.51519006,0.29139584,1.1963832,1.086677,2.4103088,0.1808876,0.64133596,Medullary_cords,364.3295211755424
CATCCAATATAGTTTG-1,1,66,18,6306,20944.0,6306,4364.7427,Medium-High,3,1,0,3,5,0,0,3,5870.779845982985,1.3296613488547582,-0.485598087310791,0.006522801918154062,0.34529805183410645,0.06164233542560533,0.047305457293987274,0.8039550774055316,-0.2922193109989166,0.11712258100076005,-0.35725274682044983,0.05260962215184041,0.2075996994972229,0.2709831332481966,0.08993357,0.08391283,0.03994456,0.23653735,0.21908714,0.0072388183,0.32334572,0.30602276,0.7842162,2.1342673,2.7240815,0.23017542,0.57976526,0.4250853,1.709434,1.1592091,2.1184473,0.09758558,0.32493693,Medullary_cords,138.0
CATCCCGAGATTCATA-1,1,69,115,4421,12580.0,4421,3803.2756,Low,1,13,5,5,7,1,3,5,4152.843002089051,0.6829081047004717,-0.04560137540102005,0.8108882981105798,0.17947621643543243,0.3426218613118226,0.1682283878326416,0.3742024688656525,0.24466964602470398,0.19254818926845907,-0.5459436774253845,0.0018039408309477379,-0.1997944414615631,0.2898097559938018,0.044215553,0.00050435757,0.1634686,0.15858634,0.40419132,0.00853596,0.22049789,0.27367407,0.6309548,2.2605612,2.8046262,0.21937183,0.5947745,0.46345028,1.8372092,0.95285755,2.5919738,0.3048331,0.65432435,Medullary_cords,0.0
CATCCTCTCAAAGATC-1,1,54,92,5837,18749.0,5837,4266.4087,Medium-Low,2,10,0,2,0,4,0,3,1936.3512078132933,0.6931471805599453,-0.11359789967536926,0.5500381010801889,0.18648317456245422,0.3237897251313166,-0.017252396792173386,0.9279005757441258,0.3363970220088959,0.0691226868262594,-0.41644641757011414,0.022070241885612515,-0.18443499505519867,0.3292272736604589,0.09608729,0.0,0.42851567,0.22465125,0.067341454,0.0,0.18340437,0.24964154,0.6306482,2.0250554,2.6565053,0.28836828,0.50252557,0.05343514,1.5066042,0.917693,2.637867,0.5021089,0.46915954,Medullary_cords,240.00208332429116
CATCGCCCGCGGCCAA-1,1,14,44,5869,20495.0,5869,4084.8196,Medium-High,2,8,0,2,1,5,2,4,4175.76160718018,0.45056120886630463,-0.06162668392062187,0.7463104172582321,0.18479421734809875,0.3282695820538433,-0.08814232051372528,0.6432462704870314,-0.21587608754634857,0.2519057507047641,-0.015901070088148117,0.933535007936455,-0.25974974036216736,0.16569116338878243,0.06912591,0.0,0.2035155,0.27074817,0.23465008,0.028167859,0.19379236,0.40589857,0.5664365,2.0575628,2.5027297,0.14901817,0.509739,0.36944035,1.3207301,0.94519657,2.6932385,0.099345446,0.6134217,Medullary_cords,728.9478719359842
CATCGGACGGGTTAAT-1,1,42,58,4818,13063.0,4818,4140.187,Low,5,9,4,1,3,7,1,1,2119.9886792150564,0.6365141682948128,-0.28179845213890076,0.13138731503614645,0.06853047758340836,0.7189736131589998,-0.164637953042984,0.3846302295342746,0.18480412662029266,0.3282431880283088,-0.09753395617008209,0.6081324143180822,0.30015262961387634,0.1070586492272079,0.22531202,0.0,0.17261764,0.22006859,0.27721334,0.0,0.10478839,0.21319208,0.5115623,2.188744,2.8814514,0.18715449,0.66562593,0.47840592,1.7099003,0.92481863,2.2206342,0.0,0.094752036,Medullary_cords,137.00364958642524
CATCTACCCGAGAACG-1,1,6,112,6258,21531.0,6258,4419.6543,Medium-High,5,12,4,1,4,3,1,1,4173.969094279449,0.5623351446188083,0.3105705976486206,0.09484422615622126,0.20261695981025696,0.282908001087183,-0.14778223633766174,0.4357817788236616,-0.17384397983551025,0.35822859900705306,-0.355511873960495,0.05385569821948064,0.07240011543035507,0.7037960177192999,0.18436623,0.25650293,0.0,0.16077106,0.36605132,0.03230842,0.0,0.1789462,0.41915014,2.4864366,2.79762,0.047686517,0.50476295,0.41639134,2.2917001,0.8007729,1.8129139,0.0,0.38211164,B_cell_zone,0.0
CATCTATCCCGTGTCT-1,1,18,100,6367,24090.0,6367,4169.89,Medium-High,1,12,3,6,4,3,3,5,2533.7028239318042,0.6365141682948128,-0.055662430822849274,0.7701738229111156,0.053274061530828476,0.7797892010466961,-0.07698772102594376,0.6859462557059067,0.05269806087017059,0.7821129650673259,0.07758667320013046,0.6836277463195262,0.04336968809366226,0.8199893046330208,0.05488046,0.06400417,0.046701565,0.13766159,0.25436297,0.0,0.44238925,0.41457197,0.66633594,1.927208,2.741311,0.16235635,0.51649964,0.37146962,1.4174914,1.0058109,1.9602549,0.15110905,0.36456066,Medullary_cords,495.9858868959882
CATCTTACACCACCTC-1,1,37,99,5414,15624.0,5414,4317.071,Low,3,0,0,0,0,4,0,3,766.6094181524253,0.45056120886630463,-0.3435485064983368,0.0630602342176877,0.0675121545791626,0.7229854576465088,0.013597417622804642,0.9431473323435905,-0.13917003571987152,0.4632799746846252,-0.10401636362075806,0.5843785949821252,0.11041133105754852,0.5613539479271875,0.015407861,0.110182695,0.4052744,0.21703954,0.054732934,0.06647894,0.1308836,0.30014712,0.60289514,1.853236,2.7341306,0.19579336,0.6224256,0.55029917,1.2117703,1.2857895,1.9283613,0.48246366,0.59639746,Medullary_cords,601.4000332557357
CATGAACCGACATTTG-1,1,11,43,5412,16728.0,5412,4150.1777,Medium-Low,2,8,0,2,1,5,2,4,4477.510580668682,0.6365141682948128,0.10125227272510529,0.5944572920488076,0.21464243531227112,0.2546916918945879,-0.25282022356987,0.17768044580398862,-0.20019178092479706,0.28883173943856233,-0.17358088493347168,0.3589678002641222,0.07490948587656021,0.6940125618036891,0.09118427,0.0011159962,0.28230178,0.24074714,0.21588045,0.0,0.16877033,0.24897632,0.64111567,2.0863075,2.6702647,0.23431388,0.45823544,0.4024498,1.6075101,1.0491289,2.7340245,0.19661388,0.45284522,Medullary_cords,728.9890259805013
CATGAACCTCTTATCA-1,1,5,69,5693,18384.0,5693,4236.2334,Medium-Low,3,5,2,0,6,3,5,6,4162.822359889982,0.45056120886630463,-0.29007336497306824,0.11996168091632968,-0.11969408392906189,0.528690831349607,-0.14861518144607544,0.4331703510079365,-0.21428486704826355,0.25550295501582565,-0.14273041486740112,0.4518026480277691,0.4168018400669098,0.02194549556706692,0.14285922,0.0,0.15561481,0.57461363,0.0,0.0,0.12691231,0.21850775,1.0027677,1.7234108,2.5155118,0.18404707,0.4870505,0.38279238,1.2631669,1.6281818,2.0359523,0.0,0.31529778,Medullary_cords,238.76766950322232
CATGACTTCGCTGAAT-1,1,40,106,6227,22928.0,6227,4097.62,Medium-High,2,10,0,3,0,4,6,4,1262.4456423941588,0.6931471805599453,-0.3069050908088684,0.09901510655501064,-0.07103386521339417,0.7091423810383262,-0.17127656936645508,0.36548074953668347,0.09788751602172852,0.6068264139783317,0.12008154392242432,0.5273476573312657,0.34971898794174194,0.05817046690388865,0.027354367,0.055821758,0.25850016,0.06865555,0.1183178,0.24772415,0.22362624,0.539445,0.42496723,2.214149,2.6357615,0.19507563,0.7344182,0.39712602,1.5271126,0.77138937,2.645393,0.73064274,0.55749744,Medullary_cords,138.42326394071193
CATGAGATGCACTCTC-1,1,59,79,6222,20738.0,6222,4329.421,Medium-High,2,6,0,3,2,1,0,3,2590.5709795332764,0.45056120886630463,-0.5159952640533447,0.0035144340569188627,0.3302224576473236,0.07471261265561101,0.20445843040943146,0.2784623934991806,-0.10642405599355698,0.5756612136369649,-0.11545736342668533,0.5434844251910592,-0.004189047962427139,0.9824723141784039,0.06904025,0.0003225637,0.22230767,0.14937668,0.16224854,0.009898431,0.3868059,0.32218546,0.6468682,2.319431,2.9065943,0.21022889,0.34515452,0.30861577,1.6260786,1.176289,2.5088532,0.36557811,0.5363386,Medullary_cords,138.0
CATGAGTCCATCACGG-1,1,75,33,7117,28303.0,7117,4418.152,High,1,4,3,6,5,0,7,5,5828.64529715096,1.0986122886681096,-0.4765496253967285,0.0077598839320366896,0.004450403153896332,0.9813789420027348,-0.26996058225631714,0.14909052460755687,-0.020788608118891716,0.9131729841314573,0.21200521290302277,0.2607149978581278,0.2096181958913803,0.2662464901312713,0.014838895,0.15422472,0.013332764,0.14230722,0.23227468,0.0,0.44302168,0.30295217,0.82969606,2.0939927,2.8616583,0.14245997,0.5611787,0.31940338,1.7048953,1.2420824,1.8846368,0.20927754,0.4865554,Medullary_cords,138.00362314084367
CATGATACGGTGAAAC-1,1,76,76,4032,12016.0,4032,3550.6025,Low,2,6,5,2,2,1,2,4,4626.352883211569,0.6931471805599453,-0.47011011838912964,0.008756543409051106,0.1425136923789978,0.45249690471774007,0.4184947609901428,0.02135924182654825,-0.1567622423171997,0.4080835666189474,-0.26992446184158325,0.1491470481725492,0.4805610775947571,0.007188932057485475,0.1001871,0.0,0.21903238,0.0,0.39789957,0.0,0.2828809,0.29952246,0.37801313,2.2122316,2.5628996,0.2270739,0.5188813,0.1513826,1.4499059,0.34514046,2.91527,0.1513826,0.32666558,Medullary_cords,137.55726080436466
CATGATCGCTTTGAGA-1,1,66,116,5801,19362.0,5801,4273.3843,Medium-Low,5,13,3,1,7,1,1,1,3868.3196610414707,1.0042424730540764,-0.17733271420001984,0.3485122992845505,0.0742582306265831,0.696547102765186,0.21697375178337097,0.2494438592014491,0.1389560103416443,0.46397476862915216,-0.5048322677612305,0.00443921849007822,-0.12028416246175766,0.5266459130402322,0.10289058,0.1495505,0.014740301,0.15864249,0.21822779,0.0,0.3559484,0.3097669,0.641181,2.4441044,2.973551,0.20819446,0.63242006,0.22942075,2.0836163,1.1608071,1.7412126,0.10409723,0.2570444,B_cell_zone,0.0
CATGATGCACAATTCT-1,1,21,69,6348,20514.0,6348,4480.797,Medium-High,0,3,7,4,4,2,4,0,2420.135946594736,0.6365141682948128,-0.2510029077529907,0.1809232402001938,-0.05848344787955284,0.7588596129751816,0.3023047149181366,0.10444373043171336,0.13293930888175964,0.48372945135177736,-0.46548864245414734,0.009536631361441674,-0.20854422450065613,0.2687599432330239,0.25300872,0.0041967575,0.0,0.24563415,0.42365423,0.0,0.07350614,0.23449041,0.61978215,2.2902546,2.7470984,0.21976976,0.8092026,0.43168214,2.1988041,0.768671,1.9852357,0.170135,0.13235936,B_cell_zone,0.0
CATGATGGAAGTTAGC-1,1,45,103,5863,19416.0,5863,4215.699,Medium-Low,2,10,7,1,0,4,0,3,1330.4589433725491,1.2424533248940002,-0.28610438108444214,0.12534638701832423,-0.2901196777820587,0.11989987600248218,-0.3108043670654297,0.09458281198381494,0.003371899714693427,0.9858910230578142,-0.002504405565559864,0.9895206311297706,0.18699964880943298,0.32242736241587444,0.09935617,0.0026363225,0.061329193,0.17206225,0.32726994,0.057441033,0.2799051,0.29476058,0.67329824,2.2394774,2.647068,0.10386032,0.40355226,0.44895,1.6668789,1.047847,2.3237484,0.0,0.54268575,Medullary_cords,138.0
CATGCACATGAGAGGC-1,1,73,21,6152,23290.0,6152,4150.216,Medium-High,5,1,4,1,5,0,1,1,6233.138856146235,0.410116318288409,0.03212769329547882,0.8661611581682721,-0.005473470315337181,0.9770993051663727,0.08554418385028839,0.6530990971963253,-0.10543514043092728,0.5792346885071245,-0.4063692092895508,0.025857084672969283,0.17508798837661743,0.3547456601238487,0.28650302,0.0,0.023636635,0.207685,0.13424748,0.0,0.34792787,0.2755052,0.5641833,2.33431,2.9289947,0.077489674,0.5546966,0.27026975,2.2297506,1.0056347,1.7992474,0.089311466,0.33545727,B_cell_zone,0.0
CATGCACGTGTTACTG-1,1,3,91,6208,24876.0,6208,3936.9067,Medium-High,2,12,3,2,6,3,2,4,4196.626383179709,1.3296613488547582,-0.14171098172664642,0.45507329307767824,0.2632052004337311,0.15993258937402086,-0.313566654920578,0.09153503776312541,0.09581881016492844,0.6144846472046261,-0.20084241032600403,0.2872348168949362,-0.03122389130294323,0.8698940686173081,0.061277922,0.07599248,0.2208786,0.19190297,0.35952026,0.010120723,0.08030694,0.18337043,0.44907248,2.1210177,2.673055,0.11598688,0.76699096,0.16894771,1.3179976,1.0163032,2.4144852,0.1474999,0.48446482,Medullary_cords,138.0
CATGCATGGAGACCCT-1,1,6,70,6475,24400.0,6475,4242.083,Medium-High,3,5,0,0,6,3,0,3,4028.2010873341465,0.6365141682948128,-0.4233127236366272,0.01976093034098547,-0.17212599515914917,0.36307185245549844,-0.37288379669189453,0.04241325986521775,-0.06527280062437057,0.7318329723789133,0.028563885018229485,0.8808961297518589,0.3213869631290436,0.0833106172261816,0.011391658,0.05299661,0.17196536,0.18806471,0.14571486,0.26780543,0.16206133,0.25621384,0.752144,1.9069135,2.5803165,0.12880254,0.5659423,0.4580503,1.0101563,1.116168,2.1666965,0.25760508,0.66082716,Medullary_cords,364.44478319767455
CATGCCAACTCGCAAA-1,1,43,21,6217,23886.0,6217,4056.9773,Medium-High,5,7,3,5,3,6,3,5,4650.182792106134,1.0114042647073518,-0.2469819188117981,0.1882453042652865,-0.20689086616039276,0.27265936090064385,-0.1299751102924347,0.49361791302285657,-4.3064355850219727e-05,0.9998197977443319,0.131300687789917,0.48918323538000835,-0.15606138110160828,0.41020893063549124,0.062998705,0.14144288,0.041669093,0.2038319,0.094016306,0.17696406,0.27907705,0.36401504,0.58237743,2.1944532,2.7498891,0.31555116,0.57968783,0.25090113,1.7063067,1.2180413,1.9219322,0.08743045,0.43087447,Medullary_cords,137.92751719653333
CATGCGACCAGTTTAA-1,1,26,98,6256,20566.0,6256,4394.5728,Medium-High,5,0,7,1,4,2,1,1,1593.7208036541406,1.3296613488547582,-0.3803704082965851,0.038124282521431255,-0.12910820543766022,0.49652907699966187,-0.05722961202263832,0.7638824819699275,0.19224651157855988,0.30878799113459765,0.027178362011909485,0.8866355462852857,0.10459345579147339,0.5822838705718986,0.09721518,0.13626125,0.0,0.15234295,0.28877607,0.022666497,0.30273807,0.18454894,0.63535213,2.3372009,2.9125693,0.261058,0.5213565,0.3538094,2.1420937,1.0924569,1.8905699,0.0,0.47915304,B_cell_zone,0.0
CATGCGTTAGACAGAA-1,1,15,63,6538,27556.0,6538,3956.8523,High,2,3,4,2,6,3,2,4,3247.311041461843,0.6365141682948128,-0.48067596554756165,0.00717311950132289,0.10209238529205322,0.5913860549644824,0.06663081794977188,0.7264634468518132,-0.37467899918556213,0.041351252409636705,-0.06706809252500534,0.7247371737034701,0.15457023680210114,0.4147514582507333,0.056069262,0.0,0.19576775,0.16197695,0.33781412,0.0,0.2483719,0.18950039,0.43909276,2.1818545,2.6833825,0.20817807,0.62413967,0.22302413,1.4740355,1.0369647,3.1517434,0.15481126,0.4216789,Medullary_cords,137.00364958642524
CATGCGTTGAGAGGAG-1,1,72,46,6591,24933.0,6591,4227.863,Medium-High,3,4,0,0,5,0,0,6,4994.653241217052,1.0986122886681096,-0.27446243166923523,0.1421661386107425,-0.18586570024490356,0.3254231519564495,-0.4753035306930542,0.007944869807054803,0.024189811199903488,0.8990341606224624,0.2639576494693756,0.15869782763472723,0.22970427572727203,0.22205162161275788,0.025143204,0.06344408,0.12396692,0.3502791,0.21997865,0.0,0.2171881,0.46340972,0.8004727,1.7420112,2.5232081,0.45839942,0.72715646,0.41513973,1.0030918,1.3129141,2.218178,0.0843128,0.15437488,Medullary_cords,365.3833603217311
CATGCTGGCTCCAATT-1,1,12,60,6368,22773.0,6368,4323.25,Medium-High,3,8,2,0,6,3,5,6,3661.9811577887726,0.6365141682948128,-0.4046369194984436,0.026558584439487935,-0.0038741035386919975,0.9837899165922992,-0.1866195946931839,0.32342953027868043,-0.03316328674554825,0.8618873901201264,0.13453005254268646,0.4784650078906742,-0.1002407819032669,0.598164156195919,0.05322331,0.13066326,0.09933148,0.42629343,0.027788104,0.0,0.26270035,0.21775787,1.2063093,1.9460107,2.692717,0.13651605,0.37164348,0.4184034,1.2534541,1.6255475,1.7997792,0.1820214,0.10505866,Medullary_cords,137.0
CATGGAAATGGGACCA-1,1,6,104,7431,34671.0,7431,4134.7993,High,1,12,3,6,4,3,3,5,3987.441410227867,1.0114042647073518,-0.035085201263427734,0.853966090285093,0.14008355140686035,0.4603205864566457,0.06541498750448227,0.7312701861280612,-0.39498600363731384,0.030756569795369157,-0.16422349214553833,0.3858446675384892,0.2006673663854599,0.28766389458056163,0.052113157,0.037636247,0.045145385,0.14697607,0.21035242,0.096863575,0.4109132,0.24873096,0.60984373,2.0387406,2.827515,0.28882775,0.5292722,0.25514475,1.3877196,0.98294777,2.2739458,0.22322164,0.3600039,Medullary_cords,138.00362314084367
CATGGATTGTCTTCCG-1,1,55,101,6556,22531.0,6556,4508.211,Medium-High,4,10,7,4,0,4,4,7,2224.220312828745,1.3296613488547582,0.19540022313594818,0.3007660847789815,0.2255394011735916,0.23077885450893404,0.03977916017174721,0.83467951037551,0.21968579292297363,0.24342950723802825,0.16698414087295532,0.37779728335631574,0.17716073989868164,0.3489875122220093,0.08832602,0.06577196,0.057625,0.09915143,0.31056792,0.3196072,0.05895046,0.12533462,0.50362474,2.4221022,2.7118692,0.171249,0.4024007,0.7336984,2.2538671,0.7700655,2.0195591,0.09182875,0.35287678,B_cell_zone,0.0
CATGGCAGGAAGATCG-1,1,17,57,6380,22072.0,6380,4420.7666,Medium-High,1,8,4,6,1,3,7,5,3298.4390247509505,0.45056120886630463,0.3278990387916565,0.07690410344045101,-0.08912643790245056,0.6395295514155892,-0.05414881929755211,0.7762637194976763,-0.36309945583343506,0.048590565285827704,-0.37686726450920105,0.04008561111518334,0.287667840719223,0.12320439670384692,0.06711686,0.18970242,0.12734127,0.105739154,0.0,0.01093085,0.49916947,0.4861328,0.45029685,2.2947943,2.8679874,0.09341838,0.61718535,0.22076164,1.7706566,0.8287592,1.9630852,0.18683676,0.53667086,Medullary_cords,137.0
CATGGGTATGCCTTAT-1,1,56,82,5702,20192.0,5702,3986.8047,Medium-Low,2,6,0,2,2,1,2,4,2195.2478220009693,0.6365141682948128,-0.2231423407793045,0.23590480425310453,0.3208404779434204,0.08386627192139438,0.11978501826524734,0.5283754493764186,-0.048501379787921906,0.799098010491533,-0.15242451429367065,0.4213371113389685,0.04557982087135315,0.8109760858245763,0.0,0.12508707,0.468559,0.2250641,0.08647878,0.0063140895,0.088496834,0.25052553,0.6453262,1.6663909,2.3916962,0.23692507,0.68406814,0.5065059,0.8605634,1.1982498,2.844896,0.32823792,0.54149425,Medullary_cords,477.31017169132275
CATGGGTCGGGTGTGG-1,1,21,85,5397,15012.0,5397,4382.993,Low,0,5,7,7,4,2,8,0,2045.9095776695508,1.5607104090414068,-0.410788893699646,0.024135657614652684,-0.11738598346710205,0.5367260728153392,-0.04655953496694565,0.8069881728554295,-0.11919717490673065,0.5304158287449269,0.017999688163399696,0.9247861521986995,0.12702225148677826,0.5035692359800571,0.23389202,0.3049732,0.114606865,0.23374169,0.0,0.026279297,0.08650691,0.1372599,0.48892736,2.4321902,2.9013944,0.063813224,0.965671,0.456326,2.2689679,0.9036378,1.8086797,0.12762645,0.085084304,B_cell_zone,0.0
CATGGTAAGTAGCGTT-1,1,45,73,3440,7266.0,3440,3881.6255,Low,5,2,7,1,0,7,1,1,1329.7296717754327,1.3296613488547582,-0.013367295265197754,0.9441080033931033,-0.4131016433238983,0.02327298567924616,0.20383962988853455,0.27995123621588197,-0.5779333710670471,0.0008238113206149517,0.044955864548683167,0.8135183174178788,-0.08806833624839783,0.6435260298498945,0.19308297,0.0,0.34945217,0.31091228,0.014551283,0.033531584,0.09846971,0.27354115,0.5717848,2.2454185,2.5924108,0.1082116,0.6042003,0.39943182,1.7123823,1.054036,2.5239425,0.2164232,0.56108046,Medullary_cords,137.0
CATGGTATTAGTTTGT-1,1,59,7,1071,1725.0,1071,2287.542,Low,5,1,6,5,5,0,3,5,6117.24946360699,1.0114042647073518,-0.08495518565177917,0.655340785223438,0.035955607891082764,0.8503831771438443,-0.07633140683174133,0.688490022203446,0.35707926750183105,0.05273276338988853,0.03032442182302475,0.8736118078330916,0.23183631896972656,0.21767167568088938,0.12597612,0.011280211,0.023940232,0.41417933,0.2863756,0.0,0.13824841,0.0,0.42588806,1.5188463,2.3070984,0.23956203,0.7186861,0.23956203,1.124145,1.0610383,1.4037732,0.0,0.0,Medullary_cords,137.55726080436466
CATGGTCTAGATACCG-1,1,26,66,5691,17430.0,5691,4257.4917,Medium-Low,3,3,2,0,4,2,5,6,2087.537544572552,0.0,-0.5747219920158386,0.0008944770720349276,-0.16209761798381805,0.3921085354038361,-0.06544990837574005,0.7311319876154576,-0.18534059822559357,0.32681620138898676,0.0900968611240387,0.6358729074549085,0.013449854217469692,0.9437633430733922,0.08964077,0.0,0.14423747,0.41351455,0.19271389,0.008897581,0.15099569,0.1818276,0.88516253,2.0657883,2.4313774,0.15222842,0.5598646,0.3907418,1.3382773,1.2919502,2.7273116,0.0,0.20297122,Medullary_cords,238.40302011509837
CATGGTTTATTAATCA-1,1,69,103,4831,13612.0,4831,4007.3103,Low,1,13,5,5,7,1,3,5,3854.5148851703766,0.5623351446188083,0.3031626343727112,0.1034147772139443,0.34375694394111633,0.06288998408220128,-0.32207903265953064,0.08261098480613305,0.22247037291526794,0.23735531479459995,-0.37171199917793274,0.043118152128885694,-0.18880128860473633,0.3177026963296949,0.0075817783,0.0,0.09537575,0.043978263,0.2551577,0.26118398,0.3367225,0.30906808,0.42040798,2.1015754,2.4470959,0.1377086,0.3745897,0.1377086,1.5416197,1.1005884,2.6445074,0.2754172,0.7557615,Medullary_cords,716.5765834856733
CATGTAAGAGACATTT-1,1,54,90,6199,22608.0,6199,4149.8096,Medium-High,2,10,0,2,0,4,2,4,1921.3289671474795,0.6365141682948128,0.03573346510529518,0.8512973237772199,0.40447983145713806,0.02662295869917536,-0.07409828156232834,0.6971700804616046,0.23271487653255463,0.2158840188706153,-0.36117023229599,0.049888840805252924,-0.24941985309123993,0.18378167795234232,0.12158745,0.0,0.22461821,0.22759756,0.23168243,0.0,0.19451433,0.23485824,0.6139105,2.2930396,2.6012685,0.4136965,0.46888515,0.40819064,1.5137545,1.054858,2.907966,0.09156346,0.18312693,Medullary_cords,276.84652788142387
CATGTAGGAGCGCCAA-1,1,15,111,3047,7001.0,3047,3501.0884,Low,2,12,3,2,4,3,2,4,3177.025810408219,0.6931471805599453,-0.12182886898517609,0.5213108755515876,0.09323389828205109,0.6241098971617061,-0.05160831660032272,0.7865143466288634,0.15540583431720734,0.4122024940316838,-0.15479376912117004,0.41406871841472465,0.014009393751621246,0.9414276888572626,0.19241998,0.0,0.24204464,0.24160686,0.31331375,0.0,0.010614858,0.1109024,0.39431965,2.252051,2.8315582,0.0,0.4299163,0.5014348,1.5290644,0.8200521,2.578075,0.0,0.14786987,Medullary_cords,137.55726080436466
CATGTCTCATTTATGG-1,1,49,85,4188,10353.0,4188,4022.7864,Low,5,10,0,1,0,4,1,1,1333.5415254126885,0.6931471805599453,-0.13994257152080536,0.46077664573208027,0.012106670066714287,0.949371950403972,0.34880006313323975,0.058879173320796084,-0.2020881474018097,0.2841929931111011,-0.032235272228717804,0.8657170186886225,-0.22579370439052582,0.23023946967270037,0.11554249,0.12807997,0.09600337,0.08589284,0.24891599,0.32556534,0.0,0.084493995,0.69092375,2.4634435,2.881888,0.084493995,0.57234514,0.0,2.0732276,0.81170934,2.4381707,0.16898799,0.33797598,Medullary_cords,0.0
CATGTGGGCTCATCAC-1,1,76,90,3959,9101.0,3959,4017.6667,Low,5,6,4,1,2,1,1,1,4554.437945564743,0.5623351446188083,-0.054112695157527924,0.7764092226633619,0.29339075088500977,0.11559395335858359,0.2264123558998108,0.22893083067395814,0.15527871251106262,0.41258970783177806,-0.3355558514595032,0.069864503959972,0.11969297379255295,0.5286946821275064,0.13269831,0.17820315,0.015184891,0.07976479,0.40187088,0.018708078,0.17356984,0.092669554,0.24434671,2.3810406,2.8412035,0.18533911,0.3265275,0.27800867,2.0082526,0.55477124,1.908299,0.0,0.44085023,B_cell_zone,0.0
CATTACATAGATTGTG-1,1,27,117,7097,29314.0,7097,4350.1167,High,5,0,7,6,0,2,1,1,2391.5963288147104,1.0549201679861442,-0.5170965194702148,0.003432911666944436,0.08941206336021423,0.6384524233906723,0.5280739068984985,0.002705176608200774,-0.41304513812065125,0.023293756872698104,-0.39255306124687195,0.03189566166289031,0.09049476683139801,0.634375977873638,0.08210356,0.19791497,0.0,0.1880623,0.14827688,0.0009317073,0.38271058,0.32512543,0.6184999,2.2289567,2.9327714,0.13840061,0.6509801,0.6112473,1.9496744,1.2264031,1.6562673,0.22014311,0.36573982,B_cell_zone,0.0
CATTACGTCGGCCCGT-1,1,19,65,5879,18701.0,5879,4355.6704,Medium-Low,5,3,4,1,6,2,1,1,2772.5268258395627,1.0986122886681096,-0.43509408831596375,0.016264121476039336,-0.03963121026754379,0.835286036159563,0.4026688039302826,0.02737435114406607,0.02156117558479309,0.9099589803270571,-0.6513743996620178,9.674190195279155e-05,-0.021836884319782257,0.9088123225821994,0.18321913,0.0015924341,0.061006013,0.29498452,0.18503599,0.01531119,0.25885078,0.144467,0.5191129,2.2255392,2.921445,0.05354903,1.0686188,0.342483,1.8402469,0.9782249,1.9822373,0.10709806,0.35215408,Medullary_cords,0.0
CATTATAACAGGGTCC-1,1,1,65,6598,25931.0,6598,4329.1387,High,4,5,1,4,6,3,4,7,4706.168292783419,0.9002560512685369,-0.303235799074173,0.10332738019773866,-0.07608680427074432,0.6894389161117855,0.2975989282131195,0.11022479278364619,-0.04143977910280228,0.8278781995571906,-0.08374404162168503,0.6599595372352327,0.024701114743947983,0.8969111796274584,0.2656155,0.0,0.12515496,0.19362684,0.41560274,0.0,0.0,0.17763054,0.34307054,2.1297498,2.623741,0.13685904,0.48408732,0.8516207,1.9060212,0.7739042,2.0550005,0.0,0.14964834,Medullary_cords,0.0
CATTATCCCATTAACG-1,1,67,31,6784,25809.0,6784,4301.529,High,3,1,2,0,5,0,5,6,5240.0872130146845,0.0,-0.41439980268478394,0.022799952996692335,-0.057717178016901016,0.7619281629600355,-0.0864841565489769,0.6495277540918809,-0.17121806740760803,0.3656470023141658,-0.12141554057598114,0.5227358293608363,0.20341302454471588,0.2809806263781192,0.023677783,0.0016889162,0.042017266,0.36436686,0.25130254,0.015715024,0.30123168,0.17562123,0.92667663,1.5955267,2.6033561,0.35654098,0.5693495,0.163738,0.8569796,1.5630083,1.675752,0.22530833,0.31164998,Medullary_cords,414.77222664976017
CATTATGCTTGTTGTG-1,1,26,52,6086,19478.0,6086,4366.05,Medium-Low,1,3,4,6,1,2,7,5,2864.1092856244154,0.6931471805599453,0.018257835879921913,0.9237105424994281,0.03514774516224861,0.8537085408059285,-0.20239627361297607,0.28344380608982445,-0.3373640775680542,0.06827742442147185,-0.142151340842247,0.45365894622779523,0.26728132367134094,0.1533252688097497,0.05668732,0.11351698,0.010891332,0.09160893,0.069600046,0.019901996,0.63779336,0.19134143,0.37361997,2.3301015,2.9520028,0.103594,0.46740887,0.4342949,2.012813,0.83156973,1.6315162,0.38380897,0.77784,B_cell_zone,0.0
CATTCACTGACAGCTA-1,1,5,67,4940,13568.0,4940,4182.201,Low,5,5,7,1,6,3,1,1,4208.518266563661,1.0114042647073518,-0.30070003867149353,0.10638891240985507,-0.03845268487930298,0.8401207216835346,-0.03718669340014458,0.8453205757142932,-0.4290771484375,0.01797960449444643,-0.2798770070075989,0.13415072511701,0.2293601781129837,0.2227640661777627,0.05149073,0.08306075,0.06921968,0.1746686,0.20099972,0.3475279,0.07303266,0.30971336,0.8068204,2.0039728,2.804864,0.20707765,0.54295456,0.5467913,1.6270928,1.186166,2.404987,0.0,0.49641097,Medullary_cords,137.55726080436466
CATTCAGGTCAGTGCG-1,1,5,21,6662,24434.0,6662,4372.3164,Medium-High,1,8,3,6,1,5,7,5,6073.312275850798,0.5982695885852573,-0.4373304545879364,0.015662194284157063,-0.4210958778858185,0.020483635881528017,0.1695333570241928,0.3704537906140573,-0.023686015978455544,0.9011266346505945,-0.3012464642524719,0.10572351422303514,-0.12280715256929398,0.5179457808476791,0.07139099,0.0034312268,0.0,0.17626972,0.31235206,0.0,0.436556,0.3033421,0.5880276,2.0044262,3.0203087,0.17154036,0.5759861,0.3883644,1.4035268,1.1048888,1.7365997,0.14951195,0.4328302,Medullary_cords,138.42326394071193
CATTCCCATTCCGTCG-1,1,32,118,6269,22666.0,6269,4184.914,Medium-High,2,0,0,2,0,4,2,4,2186.9670779415037,1.0549201679861442,-0.3514774441719055,0.05683296874810813,-0.2831995487213135,0.12939872378400333,0.0393863320350647,0.8362901263499505,-0.01965807005763054,0.9178786094160881,-0.2752808928489685,0.14093275500113392,0.15559318661689758,0.411632189238612,0.06935584,0.10903101,0.09436592,0.12981254,0.2278586,0.16837245,0.20120366,0.25676468,0.50493425,2.4461687,2.7054691,0.38893342,0.46265984,0.31606993,1.7611336,0.91482025,2.4234521,0.24950983,0.37719226,Medullary_cords,240.00208332429116
CATTCCCTAAGTACAA-1,1,12,18,7920,38109.0,7920,4387.973,High,5,11,7,1,1,5,1,1,5736.957381748622,1.3296613488547582,-0.5933399200439453,0.0005484462637452899,-0.2218652218580246,0.23866668084012657,0.16156406700611115,0.3936897384595141,0.06061713024973869,0.7503342467410729,-0.4151560962200165,0.0225280271528088,-0.20681504905223846,0.27283904695529904,0.1349293,0.13480984,0.011428747,0.13918258,0.25124925,0.12941042,0.1989899,0.32966352,0.49550933,2.206049,2.8685358,0.10171397,0.38002205,0.3397787,1.9452492,1.0397307,1.9330043,0.16372946,0.332067,B_cell_zone,0.0
CATTGCAAAGCATAAT-1,1,1,83,6310,22823.0,6310,4273.198,Medium-High,5,12,7,1,6,3,1,1,4445.198083325421,1.0821955300387673,0.029539059847593307,0.8768600727456916,-0.15357887744903564,0.4177869606783833,-0.2525411546230316,0.17817573567101275,-0.004510045051574707,0.9811294363461287,-0.15859784185886383,0.4025465877604452,0.19439706206321716,0.3033033978842302,0.18697359,0.0,0.0,0.2038902,0.44510412,0.0,0.16403206,0.13627028,0.47195143,2.3752677,2.8967402,0.045423426,0.45799068,0.30826974,2.050899,0.7941446,2.0672495,0.0,0.27034706,Medullary_cords,0.0
CATTGCGAAATGGGCG-1,1,36,12,8120,39308.0,8120,4344.3467,High,1,7,3,6,3,6,3,5,5236.922092221728,0.6829081047004717,-0.23589664697647095,0.20949360684654525,0.06445688754320145,0.7350650459791892,0.16832402348518372,0.37392699357847764,-0.43198341131210327,0.017133198140269836,-0.2841718792915344,0.12803172882540212,0.02860277146100998,0.880735129734593,0.058313385,0.157124,0.022109019,0.13657157,0.20613822,0.0977226,0.3220212,0.31166774,0.4250746,2.311382,2.9448266,0.23924041,0.739044,0.23563519,1.7408574,1.0338897,1.8925991,0.22665828,0.73161817,Medullary_cords,137.55726080436466
CATTGCGGGTCAATTC-1,1,25,115,6904,25706.0,6904,4447.7295,High,3,0,2,0,4,2,5,6,2424.406319081024,0.5623351446188083,-0.5369867086410522,0.002216284887032587,-0.08406678587198257,0.65872753109812,0.4730159044265747,0.008294191355396245,-0.07798842340707779,0.6820741714693053,-0.5221562385559082,0.0030789091882509946,-0.24099430441856384,0.1995273672054771,0.063311875,0.07661216,0.083532564,0.39880285,0.17730115,0.0,0.20043947,0.13502304,1.0134559,1.7442949,2.6508458,0.4647619,0.5734899,0.21990672,1.2571702,1.6806583,1.7231405,0.16430804,0.3307233,Medullary_cords,275.0
CATTTAGCGGACCATG-1,1,25,85,5085,13944.0,5085,4289.2236,Low,5,5,7,1,4,2,1,1,1570.1070027230628,0.8675632284814612,-0.09649167954921722,0.6119893074713253,-0.08537185937166214,0.6537546475214518,0.03532007336616516,0.8529989869352403,-0.34611696004867554,0.060987288706413186,-0.35266736149787903,0.05594170872208079,0.31456711888313293,0.090449775516181,0.28152063,0.0,0.12969248,0.30098653,0.0,0.0,0.28780034,0.11121313,0.7019886,2.4379046,2.7479248,0.0,0.52505183,0.45746452,2.0758295,1.3926632,2.1480088,0.35760087,0.0,Medullary_cords,0.0
CATTTATCGTTCAAGA-1,1,5,77,5543,16426.0,5543,4272.121,Medium-Low,1,5,0,1,6,3,0,3,4024.7596201512456,1.0114042647073518,-0.3343150019645691,0.0709700478447381,-0.049447380006313324,0.7952611555320097,-0.4950574040412903,0.005412825841986604,0.16427692770957947,0.3856879684455331,0.004386187065392733,0.9816475852338656,0.3656842112541199,0.04689332646179564,0.03193942,0.07007165,0.07834589,0.129928,0.2645991,0.19580922,0.22930674,0.09955635,0.52640367,2.0106645,2.849698,0.11887649,0.5806183,0.31919664,1.5695491,0.892943,2.158043,0.11887649,0.5908497,Medullary_cords,138.42326394071193
CATTTCTAGCAGACTA-1,1,16,26,6255,21050.0,6255,4331.311,Medium-High,3,11,2,0,1,5,5,6,5015.222028983363,0.45056120886630463,-0.6224749684333801,0.0002396137248868673,-0.08537129312753677,0.6537568020228088,-0.39002200961112976,0.03311671129690658,-0.18219953775405884,0.33522542925134274,-0.13072067499160767,0.4911211499829783,0.3484591841697693,0.05914378663725677,0.019541308,0.06038464,0.07452119,0.3026472,0.2325399,0.1701244,0.14024137,0.2932639,0.8855828,1.8232021,2.6351326,0.2429364,0.6614028,0.27886093,1.071988,1.3990558,2.0976365,0.19434913,0.5361828,Medullary_cords,275.0
CATTTGAGTGGTACGT-1,1,50,48,5175,16457.0,5175,3887.7615,Medium-Low,2,9,5,2,3,7,2,4,3106.0643908328752,0.45056120886630463,-0.15504588186740875,0.4132994395335758,-0.2469029277563095,0.18839118225513668,-0.03506222367286682,0.8540607133867326,0.22493745386600494,0.23205898326526733,-0.34185996651649475,0.06445272540044225,-0.05419919267296791,0.7760608347240929,0.032472428,0.0,0.20573168,0.16180363,0.042596366,0.32128516,0.23611072,0.26671728,0.53455603,1.966191,2.6103158,0.17804731,0.30819285,0.17804731,1.0515988,1.0919987,2.4867487,0.4362504,0.65147716,Medullary_cords,365.3833603217311
CCAAACAGAACCCTCG-1,1,22,48,7277,28111.0,7277,4511.075,High,2,3,0,3,1,5,0,3,3354.22792904716,1.3296613488547582,-0.4822651147842407,0.006957404410681588,-0.1679774522781372,0.3749258441810447,-0.10602770745754242,0.577092248249959,-0.07116319239139557,0.7086357170695861,0.08790090680122375,0.6441593131567581,0.3265555799007416,0.07819367683102889,0.11070133,0.003736266,0.16770978,0.26822338,0.25391883,0.03154755,0.1641629,0.30960932,0.58776945,2.2094603,2.8593118,0.24846572,0.41450623,0.37621197,1.7492427,1.2523332,2.3671997,0.34476042,0.4817667,Medullary_cords,238.76766950322232
CCAAAGTCCCGCTAAC-1,1,3,37,6358,22568.0,6358,4282.556,Medium-High,3,8,2,0,1,5,5,6,5467.62562727186,0.8675632284814613,-0.6543009877204895,8.778746926044614e-05,-0.15026314556598663,0.42802899979420145,0.2750028669834137,0.14135085218740134,0.10591001808643341,0.5775174759913648,-0.329501748085022,0.07538717692951852,0.03187636286020279,0.8671989310109047,0.06406658,0.0,0.054251105,0.31843492,0.15713617,0.31039193,0.09571925,0.25576115,0.9358871,1.8618641,2.5382767,0.22926527,0.6070193,0.3420651,1.2996293,1.6292129,1.8799816,0.18341222,0.27573153,Medullary_cords,240.0
CCAAATAACAAGATTC-1,1,51,113,7841,35093.0,7841,4319.3403,High,1,10,5,3,0,4,6,3,2321.0846602396905,0.6829081047004717,0.33652281761169434,0.06901227691869856,-0.23551997542381287,0.21024329643982353,0.07316701114177704,0.7008010623096371,-0.0879926010966301,0.6438124593792655,0.07725454866886139,0.6849130345645654,-0.25593721866607666,0.17221416105765622,0.05293215,0.040353183,0.1933753,0.009408064,0.17714678,0.08073756,0.44604695,0.46721077,0.4747321,2.3033025,2.7004375,0.30485344,0.5117308,0.30186796,1.6218915,0.67162436,2.6708198,0.7795569,0.4162457,Medullary_cords,276.3494165001982
CCAAATCAAAGGGCAA-1,1,72,22,7555,33771.0,7555,4376.5845,High,5,1,4,1,5,0,1,1,6101.405166025282,0.45056120886630463,0.03931792825460434,0.8365706519645465,0.08590753376483917,0.6517176848977577,0.1265590935945511,0.5051391367396059,0.07708830386400223,0.6855567093437589,-0.23450717329978943,0.21226817069743897,0.18942680954933167,0.31607239896045747,0.14879861,0.11177078,0.09502055,0.14178199,0.0018003784,0.31085145,0.18997623,0.16251637,0.54186165,2.3063173,2.960448,0.21355164,0.44610772,0.3693669,2.1326802,1.0319823,1.7811973,0.18112966,0.3912292,B_cell_zone,0.0
CCAACCTTATGTAACT-1,1,67,41,7588,31778.0,7588,4450.66,High,1,4,0,3,5,0,0,3,4747.404870031626,0.45056120886630463,-0.39106693863868713,0.032608106078719605,-0.1998496800661087,0.2896736649995945,-0.08281691372394562,0.6635034884799184,-0.01982184126973152,0.9171967742342203,-0.026964982971549034,0.8875199586416641,0.051971036940813065,0.7850486276745231,0.07401377,0.0,0.10174487,0.12226874,0.059033483,0.23977694,0.4031622,0.26525295,0.5749854,2.1851633,2.8997023,0.4411285,0.547215,0.3533297,1.5781543,0.94675475,2.0168958,0.13680159,0.7066736,Medullary_cords,240.0
CCAACGATGCACTGAT-1,1,31,37,5662,17509.0,5662,4288.4565,Medium-Low,5,7,4,0,3,6,1,1,3609.718687100146,1.0114042647073518,-0.30973508954048157,0.09578301183038986,-0.09690330177545547,0.6104648971177307,-0.3418065309524536,0.06449718044162309,0.446330189704895,0.013423754735400393,0.06208289414644241,0.7444942127662012,0.028820153325796127,0.8798351981133038,0.12571846,0.112068,0.0,0.2999491,0.22240168,0.0,0.2398628,0.29421213,0.8542881,2.1316724,2.7878907,0.112954736,0.73119015,0.1812574,1.7616159,1.368689,1.8072754,0.112954736,0.3292686,Medullary_cords,137.55726080436466
CCAACGCTTGCCAGGG-1,1,10,100,4684,14222.0,4684,3793.203,Low,2,12,3,2,4,3,3,4,3454.252451689077,0.45056120886630463,0.14965029060840607,0.4299370633528611,-0.3460577130317688,0.06103449692227719,0.006605109199881554,0.9723662277646161,-0.04972787946462631,0.7941243806917159,-0.13065536320209503,0.491339610911171,0.0541624054312706,0.7762089983030178,0.062060174,0.0,0.15922877,0.105342306,0.13847148,0.23197822,0.3029191,0.233846,0.5479135,2.2738624,2.6430602,0.17631875,0.99383235,0.37599546,1.5384136,0.9959866,2.5184693,0.41672593,0.589612,Medullary_cords,238.76766950322232
CCAAGAAAGTGGGCGA-1,1,52,52,6120,21189.0,6120,4165.565,Medium-High,2,2,5,3,2,7,6,3,2992.1839849848807,0.45056120886630463,-0.3531448245048523,0.05558719192446805,-0.17909403145313263,0.3436676898939801,0.08360305428504944,0.6604979996830521,-0.19914346933364868,0.29141661637000543,-0.15308140218257904,0.41931485864817925,0.14513251185417175,0.44414593314383227,0.0660496,0.0005499458,0.24003592,0.018649507,0.20616506,0.004879638,0.4636703,0.517912,0.6116519,2.3692465,2.8892174,0.49205884,0.65243226,0.35189572,1.6516472,0.8081714,2.4848952,0.5377023,0.5758772,Medullary_cords,138.0
CCAAGACTTCTGCGAA-1,1,20,62,6361,21198.0,6361,4442.989,Medium-High,5,3,4,1,1,2,1,1,2801.575628106441,0.8675632284814612,-0.1705753654241562,0.3674763900253695,-0.07311028987169266,0.7010224258718676,0.3026832044124603,0.10398884273955904,0.0658944845199585,0.7293733103734628,-0.46878910064697266,0.008973820723691595,-0.016304660588502884,0.9318518728856509,0.084324814,0.07277881,0.0034241956,0.16745853,0.38583466,0.1909347,0.095244296,0.18083762,0.7017584,2.2286828,2.8053157,0.53266394,0.80243826,0.262742,1.9408227,1.1050403,1.9401753,0.0,0.4791435,B_cell_zone,0.0
CCAAGCGTAACTCGTA-1,1,33,71,5346,16220.0,5346,4182.869,Medium-Low,5,3,4,1,4,2,1,1,1313.947107002409,0.45056120886630463,0.1442345231771469,0.44700005466909887,-0.22055090963840485,0.24153142230813357,0.009522547945380211,0.9601686699580955,0.11846854537725449,0.5329501079235924,-0.2555086314678192,0.1729586385553818,0.09916307777166367,0.6021245500965655,0.08919111,0.15705748,0.0,0.20041639,0.3092322,0.010770156,0.2333326,0.10042506,0.8038886,2.35156,2.917663,0.060037617,0.52268964,0.33549675,1.9412429,1.0533983,1.8388373,0.0,0.5091695,B_cell_zone,0.0
CCAAGGAACAGAGAGG-1,1,14,48,7653,33583.0,7653,4371.086,High,2,8,0,3,1,5,0,3,3980.3296345905824,1.0114042647073518,0.25127410888671875,0.18043669480835667,0.1242804080247879,0.5128982075800532,-0.20183582603931427,0.284807437162609,-0.15208888053894043,0.42237245562208525,-0.4732632040977478,0.008255813620206187,-0.058085691183805466,0.7604519964348754,0.053781383,0.08751726,0.1529985,0.15962514,0.32742193,0.005683632,0.21297216,0.3221324,0.7301117,2.2595026,2.7803252,0.46098483,0.59833246,0.39972422,1.452338,1.0054128,2.5382426,0.28990513,0.3699833,Medullary_cords,476.80604023019674
CCAATAGTGCCGTCGA-1,1,34,42,7010,25894.0,7010,4528.306,High,4,9,1,4,3,6,4,7,3201.83228792515,0.6931471805599453,-0.310762494802475,0.0946295957508153,-0.038506489247083664,0.8398998734397916,-0.27361634373664856,0.14344937003339564,0.36006617546081543,0.05064409037255968,-0.17627522349357605,0.3514405941629068,-0.43007493019104004,0.01768519918545533,0.11087626,0.0,0.0,0.123166725,0.35936493,0.39536372,0.011228323,0.11236024,0.536106,2.1784403,2.8255777,0.081639715,0.11236024,0.6429045,2.0470014,0.6456405,1.9029536,0.0,0.29152042,B_cell_zone,0.0
CCAATCGGTAGATCGA-1,1,14,84,5668,18977.0,5668,4166.6733,Medium-Low,3,5,2,7,6,3,8,2,2887.801932266131,0.0,-0.27801278233528137,0.13687221105045333,-0.3614450693130493,0.04970222793490237,-0.37039661407470703,0.04392053071184982,0.10433411598205566,0.583224809997288,-0.05159556120634079,0.7865659030320272,0.2268604189157486,0.22798616983613726,0.05877465,0.0,0.17374489,0.47335577,0.047765646,0.020970901,0.22538812,0.2984514,0.8803861,1.4656928,2.4622464,0.158728,1.4715941,0.2772434,1.0158077,1.6349638,1.7345747,0.0,0.40559405,Medullary_cords,364.3295211755424
CCAATGTCACAGCAAG-1,1,37,49,5770,18893.0,5770,4142.766,Medium-Low,1,9,3,5,3,7,3,5,2687.3767878732597,0.0,-0.017885703593492508,0.9252611268332067,-0.01917409524321556,0.91989389284548,0.061941154301166534,0.7450583456060303,0.1416488140821457,0.45527315220168285,-0.10234130918979645,0.5904773784703705,0.10402835160493851,0.5843350474080576,0.09220457,0.19435161,0.0866862,0.17164652,0.17539762,0.0,0.27971345,0.45745957,0.41897938,2.3089235,2.9407308,0.106211126,0.51590705,0.3684398,1.7088329,1.0404298,2.4194467,0.0,0.2864474,Medullary_cords,138.42326394071193
CCAATTACGGGTCGAG-1,1,19,93,7267,28411.0,7267,4523.7856,High,1,5,3,7,4,2,8,2,2301.107776702343,0.8675632284814613,-0.5866838097572327,0.0006554679971530571,-0.42588934302330017,0.018947502245843476,0.12816353142261505,0.4997112210644157,0.4980732202529907,0.00509470610496994,0.04599173367023468,0.8092988292710303,0.16080527007579803,0.3959447419692399,0.05255323,0.0031796093,0.019574655,0.116554216,0.28458232,0.19566233,0.32789356,0.35682046,0.5833821,2.0405283,2.937536,0.2752561,1.3243707,0.28995517,1.4819292,1.0828345,2.1351793,0.22618249,0.62876946,Medullary_cords,238.40302011509837
CCAATTGAATGTTAAT-1,1,20,46,6016,19072.0,6016,4370.2964,Medium-Low,2,3,0,3,1,5,0,3,3606.246941073226,0.45056120886630463,-0.4136475622653961,0.023073088355989046,-0.36284151673316956,0.048762576839370665,-0.11650313436985016,0.5398148255302713,0.48373574018478394,0.006762706325284938,0.10381504893302917,0.5851101042418185,0.1862793266773224,0.3243284119797604,0.038612556,0.0,0.21591896,0.21026684,0.135974,0.17759374,0.22163385,0.4379437,0.78522694,1.9049189,2.6593447,0.15808284,0.47869605,0.19503666,1.4780356,1.346792,2.5614243,0.39007333,0.48645198,Medullary_cords,138.42326394071193
CCACAATGTACGTCTT-1,1,29,85,5224,17464.0,5224,3864.7312,Medium-Low,2,0,0,2,4,2,2,4,1097.091609666212,0.0,-0.26597052812576294,0.15542826746290772,-0.21754048764705658,0.24817900100413462,-0.19942256808280945,0.29072699682248543,-0.08097464591264725,0.6705666644017019,0.18838848173618317,0.318781444199319,0.024247366935014725,0.8987951493419835,0.028585248,0.0,0.37560004,0.24360661,0.06964597,0.214401,0.06816107,0.095404856,0.63474435,1.7479699,2.5979495,0.11318361,0.3631411,0.3039933,0.8685012,0.8766607,3.0786238,0.0,0.3175498,Medullary_cords,240.0
CCACACTGAGATATTA-1,1,39,49,3859,10070.0,3859,3774.7935,Low,1,9,3,5,3,7,3,5,2687.0029772964526,0.6365141682948128,-0.17630530893802643,0.3513570815984832,0.07644835114479065,0.6880365202858861,-0.00804666057229042,0.9663382949028264,0.21978949010372162,0.24320147235059922,-0.08917398750782013,0.6393501861969126,-0.1413598656654358,0.45620268837005096,0.06804416,0.0,0.08581801,0.1420822,0.26815915,0.02559788,0.4102986,0.17241636,0.5815218,2.066833,2.8998013,0.08620818,0.4815786,0.35970002,1.7844492,0.8423208,2.0132155,0.34483272,0.5750106,Medullary_cords,137.92751719653333
CCACAGCTGAAATCAT-1,1,8,28,7578,33908.0,7578,4371.9907,High,3,8,2,0,1,5,5,6,5474.414123904036,0.0,-0.642809271812439,0.00012780725725322072,-0.0848257839679718,0.6558336738746146,0.18863171339035034,0.31814555666841066,-0.13840827345848083,0.46575539039743385,-0.2282043993473053,0.22516838683549925,-0.02163010835647583,0.9096722759383828,0.03737404,0.0,0.06866964,0.6094808,0.19989435,0.01756261,0.06701861,0.25704542,1.1221297,1.4334946,2.4033487,0.21949309,0.866989,0.22744748,0.8909185,1.9106908,1.651177,0.1292295,0.4302561,T_cell_zone,496.47255714691823
CCACAGTACCCATCCT-1,1,48,92,5737,18293.0,5737,4253.153,Medium-Low,0,10,4,1,0,4,1,0,1229.0850255372898,0.0,-0.10131576657295227,0.5942249342062609,0.3035507798194885,0.10295176158955834,0.3064347505569458,0.09956015079587353,-0.050031352788209915,0.792894965536798,-0.1454281508922577,0.4432084455363724,-0.0667114332318306,0.7261450947091319,0.12738337,0.099242084,0.17058894,0.011517212,0.10341291,0.0,0.4878554,0.092347145,0.4174114,2.5343654,2.8438296,0.109028816,0.6991033,0.23722228,2.1039011,0.7384,2.1547205,0.0,0.34118718,Medullary_cords,0.0
CCACATGGCTCTTTAT-1,1,55,5,6499,25581.0,6499,4190.217,High,0,1,7,1,5,0,4,0,6064.961994934511,0.8675632284814612,-0.35751375555992126,0.05242477776816192,-0.03998536616563797,0.8338343168503325,0.14235520362854004,0.45300497375717297,-0.20444104075431824,0.27850416356938995,-0.3225317597389221,0.08215575120910688,0.0758349746465683,0.6904163287834354,0.30733705,0.14390782,0.19788438,0.29621607,0.054654717,0.0,0.0,0.11768548,0.4092172,2.3208623,2.9410763,0.1547054,0.6248181,0.55311704,2.0094786,0.86016154,2.011192,0.0,0.30819052,Medullary_cords,0.0
CCACCAACTTTACTGT-1,1,52,40,6612,25678.0,6612,4116.9556,High,1,9,0,3,5,7,6,5,3705.2968841916027,0.45056120886630463,-0.07129792869091034,0.7081079914260173,-0.38803333044052124,0.03410239119124998,0.07675102353096008,0.6868632704547635,0.47639548778533936,0.007782566582082496,-0.3127172589302063,0.09246416617937116,0.17066147923469543,0.36723096339555483,0.02013023,0.050638255,0.1845572,0.1375576,0.17457536,0.10361659,0.32892478,0.26116303,0.5015014,2.1351213,2.7835424,0.41132843,0.4478329,0.44035545,1.4501953,1.0659635,2.4752636,0.86421984,0.4942685,Medullary_cords,551.0036297521098
CCACCCAAGGAAAGTG-1,1,37,75,5434,17399.0,5434,4069.9138,Medium-Low,5,2,5,1,0,4,1,1,902.6150896146153,1.0114042647073518,0.1944918930530548,0.3030629663907719,-0.17855346202850342,0.3451502150499548,0.0797991007566452,0.6750881278462125,-0.11072206497192383,0.5602458316921882,-0.5731925368309021,0.0009299580881276849,-0.13078300654888153,0.49091270361741735,0.120596655,0.22515899,0.13779299,0.08957714,0.062994674,0.0,0.36387953,0.24334006,0.4299301,2.5347328,2.9533958,0.2270574,0.53505313,0.43302852,2.0012336,0.76683015,2.3618033,0.3048442,0.47785765,Medullary_cords,0.0
CCACGAATTTAACCTC-1,1,41,109,5673,18504.0,5673,4065.5444,Medium-Low,2,10,0,2,0,4,2,4,1490.149321376888,0.45056120886630463,-0.3074643611907959,0.09836994010742817,0.08859655261039734,0.6415297151906442,-0.12031149864196777,0.5265512720767404,-0.06522171199321747,0.7320352183056127,-0.07414593547582626,0.6969844553842703,0.31129902601242065,0.09403145584540679,0.030517539,0.0012645647,0.22431543,0.10657319,0.2567594,0.1867889,0.19378099,0.29626197,0.44736174,2.237301,2.4851265,0.21603823,0.55557466,0.5055413,1.5900433,0.87630814,2.7289038,0.66504717,0.4964985,Medullary_cords,276.0018115882575
CCACGAGAAGAGAATC-1,1,17,75,7311,31277.0,7311,4451.634,High,3,5,0,7,6,3,8,2,2669.6385523137774,0.45056120886630463,-0.37867727875709534,0.039062369816639915,0.039200082421302795,0.8370539867370274,0.2839924693107605,0.128283158654664,-0.1180734634399414,0.5343266764245336,-0.10224490612745285,0.5908292179476903,-0.09368503093719482,0.622425612984565,0.042258766,0.0,0.28137487,0.30074087,0.16338669,0.17715867,0.035080113,0.17930332,0.7653443,1.7660602,2.674448,0.48394522,1.5966387,0.5532577,1.057534,1.1046728,2.405022,0.13871121,0.56658256,Medullary_cords,276.3494165001982
CCACGGAGCCATAAGA-1,1,47,27,7389,32791.0,7389,4219.498,High,2,7,0,2,3,6,0,4,4334.76181583256,0.6365141682948128,-0.16741105914115906,0.3765615932084799,-0.21824951469898224,0.24660255554453187,-0.07801629602909088,0.6819664347195198,0.10891880095005035,0.5666904156304824,0.04829372838139534,0.7999408352058706,0.04986322671175003,0.7935760091290732,0.022629952,0.0,0.2545294,0.15503936,0.12285731,0.020011583,0.42493242,0.33056605,0.6463574,1.8323085,2.5689776,0.38717157,0.43593687,0.43013284,1.0750068,1.1593997,2.5780504,0.119058214,0.63339645,Medullary_cords,239.00209204105306
CCACGGCAGGTGTAGG-1,1,71,31,7332,29186.0,7332,4537.4824,High,4,1,1,4,5,0,4,7,5569.987881494896,0.8675632284814612,-0.40922433137893677,0.024733970400513425,0.15368638932704926,0.41745716689095946,0.0606398768723011,0.7502435131847525,-0.08279161155223846,0.6636003064264908,-0.1273084580898285,0.5026003407936119,0.09190866351127625,0.629068328922935,0.09251068,0.07461147,0.13263978,0.29518202,0.2142927,0.023847794,0.16691548,0.21329711,0.6633523,1.9587538,2.7880807,0.21314804,0.4382736,0.81582195,1.7016652,1.0771393,1.7717174,0.14732395,0.34868792,Medullary_cords,137.05838172107534
CCACGGTGCCCGGTAG-1,1,35,107,6772,23329.0,6772,4542.9688,Medium-High,0,0,7,4,0,4,4,0,1356.2053679292085,0.6931471805599453,-0.5715072154998779,0.000970475112750466,0.007242110557854176,0.9697023653432372,0.5093525648117065,0.00404232515411629,-0.11185379326343536,0.5562184405968948,-0.5720522999763489,0.0009572050250465339,0.04553065448999405,0.8111763400405336,0.14612554,0.00018805795,0.082108356,0.30571246,0.35973144,0.0,0.106134124,0.36107147,0.745931,2.1046114,2.6473799,0.13378364,0.6444512,0.8348072,1.602279,1.078625,2.1312463,0.1783782,0.1783782,Medullary_cords,138.00362314084367
CCACTATCCGGGTCAC-1,1,30,116,7021,26666.0,7021,4411.297,High,5,0,7,1,0,4,1,1,2152.4390816002206,1.549826045878202,-0.4638936519622803,0.009819096726131075,-0.20735067129135132,0.2715712653706372,0.3026720881462097,0.10400218158798766,-0.007873687893152237,0.9670615008907798,-0.38371461629867554,0.03632460506167915,0.08070921152830124,0.6715866181531183,0.09885227,0.06833093,0.059423946,0.21325073,0.11970629,0.17703934,0.26339656,0.40248176,0.64671516,2.072452,2.8657892,0.039808847,0.5446967,0.39337164,1.8307768,1.2017226,1.6930166,0.0,0.4078067,B_cell_zone,0.0
CCACTCAGATCCGCAA-1,1,72,80,4725,12703.0,4725,4133.122,Low,1,6,3,6,2,1,7,5,4109.763618506544,0.6365141682948128,-0.21435151994228363,0.25535160207551727,0.08185011893510818,0.6672066606821812,-0.030280275270342827,0.8737943455029841,0.11023570597171783,0.5619806920201779,0.023537423461675644,0.9017439267195545,0.4255814552307129,0.01904322114606123,0.06094097,0.17096803,0.09524261,0.08989555,0.20905676,0.025476266,0.34841987,0.31777495,0.3797272,2.282218,2.9459748,0.19078594,0.48750454,0.30898952,1.5329931,0.75761545,2.1125164,0.14516471,0.6944731,Medullary_cords,138.0
CCACTGGTGGCTGGTT-1,1,39,21,3386,10026.0,3386,3304.4856,Low,5,7,6,5,3,6,3,5,4613.860097575564,0.6931471805599453,-0.10218435525894165,0.591050255307188,0.4430140554904938,0.01421525315352029,0.11493119597434998,0.5453351680129636,-0.11905211210250854,0.5309199166595366,-0.3552493155002594,0.05404563482894101,-0.02194887399673462,0.908346614716459,0.1426016,0.35549518,0.31825715,0.037253357,0.0,0.024835628,0.12155712,0.08648121,0.15374438,2.2534409,2.7528605,0.34592485,0.39655387,0.43240607,1.4412011,0.60990584,2.205128,0.0,0.34592485,Medullary_cords,238.90793205751876
CCAGAAAGCAACTCAT-1,1,52,36,6351,23485.0,6351,4112.0835,Medium-High,2,9,0,0,5,0,0,3,3952.622041126624,0.0,0.05887927860021591,0.7572758990818022,-0.31389763951301575,0.09117491015459525,-0.050337471067905426,0.7916553281098843,-0.042657699435949326,0.8228977416011736,0.003403801703825593,0.9857575495013357,0.3825205862522125,0.036959145517977916,0.055108692,0.0007468505,0.25381124,0.30788273,0.18387285,0.033041608,0.165536,0.32995746,0.8535508,1.9688866,2.604709,0.28278345,0.54308593,0.21004707,1.0927432,1.4163706,2.5090857,0.29446205,0.2743624,Medullary_cords,276.0018115882575
CCAGAGACAAAGCCGG-1,1,23,21,7498,31121.0,7498,4494.072,High,3,11,2,0,1,6,5,6,4949.109111749305,0.6365141682948128,-0.17162393033504486,0.3644945268415873,0.11155854165554047,0.5572678407349606,-0.127319797873497,0.5025619714230025,-0.3498210310935974,0.05809218269450961,-0.5235077142715454,0.002989853190409221,0.23540902137756348,0.2104644777729955,0.036158595,0.11407277,0.11577913,0.363384,0.21149987,0.0,0.15910567,0.3234784,0.8277136,1.73193,2.695549,0.30532598,0.76213825,0.33188748,1.0451722,1.4979945,1.8166173,0.069660984,0.26691452,Medullary_cords,364.00137362378183
CCAGATAGTTGAGTGA-1,1,28,84,4719,13567.0,4719,3879.4568,Low,2,0,0,2,4,2,2,4,1228.858413325148,0.8675632284814612,-0.2327338010072708,0.21584562231989377,-0.17390459775924683,0.35805841301642793,-0.15544460713863373,0.41208443232827807,-0.03283524513244629,0.863240770191075,0.009045157581567764,0.9621640663284999,0.15936261415481567,0.40025232402329136,0.16514945,0.0,0.33991304,0.10142971,0.07754568,0.0,0.31596208,0.24069828,0.5543365,2.0747073,2.6183312,0.13805959,0.54298055,0.20708938,1.3791509,0.8702432,2.4807718,0.36454633,0.3785312,Medullary_cords,138.42326394071193
CCAGCCTGGACCAATA-1,1,37,65,4436,11142.0,4436,4125.742,Low,5,9,4,1,0,7,1,1,1587.2444676230564,1.0114042647073518,-0.05644393339753151,0.7670347201756522,-0.0007940810173749924,0.9966771870183615,0.24650157988071442,0.18913359539335858,-0.18094171583652496,0.3386294555642926,-0.16417503356933594,0.385986803452838,-0.1396530419588089,0.4617140002470729,0.19192801,0.0029582276,0.07726226,0.051718973,0.2570007,0.023396239,0.39573556,0.16329665,0.3277378,2.4341655,2.9319386,0.08007279,0.08007279,0.28863224,2.0903249,0.9334979,2.0328152,0.16014558,0.3244926,B_cell_zone,0.0
CCAGCTACGCCTCATA-1,1,9,35,6234,22119.0,6234,4257.103,Medium-High,3,8,2,0,1,5,5,6,5037.156439897415,0.0,-0.397836297750473,0.02946429042043349,-0.23535993695259094,0.21056237586591517,-0.10074352473020554,0.596320487645466,-0.049563828855752945,0.7947891754624326,-0.19456708431243896,0.3028724140013712,0.1318894624710083,0.4872200353839489,0.017585542,0.0,0.05507921,0.33434024,0.18230072,0.2628686,0.14782573,0.2700346,0.85596424,1.4133499,2.5127957,0.093252696,0.5482461,0.30089456,1.0242497,1.6127809,1.9342868,0.0,0.44895828,Medullary_cords,497.9327263797791
CCAGCTCGAACGCATT-1,1,63,65,5186,15429.0,5186,4132.902,Low,5,4,4,1,2,1,1,1,3387.8868044844708,1.3296613488547582,-0.019706586375832558,0.9176766135313733,0.12503975629806519,0.5103060744555799,0.07723933458328247,0.6849719322252299,0.3333532214164734,0.07183623946856961,-0.028134873136878014,0.8826726583422542,0.19727709889411926,0.29605488504728517,0.08278969,0.0013439866,0.06616815,0.08434049,0.24091338,0.2386618,0.28578246,0.19837433,0.4436618,2.1235647,2.8910394,0.24983346,0.7220615,0.062458366,1.614896,0.9316506,2.0552056,0.39490288,0.2632686,Medullary_cords,138.00362314084367
CCAGCTGATGGTACTT-1,1,37,21,2962,7449.0,2962,3350.2058,Low,5,7,6,5,3,6,3,5,4613.2643540122435,1.0986122886681096,-0.13046666979789734,0.4919710471143994,0.3055974543094635,0.10053602757158996,0.2183009833097458,0.24648837939134985,-0.21566557884216309,0.2523797127573217,-0.2996417284011841,0.10768656322518919,0.14141082763671875,0.45603867239811086,0.115788974,0.0013033616,0.086352624,0.16942848,0.5010051,0.03889174,0.08722981,0.21280064,0.6080842,1.8494691,2.6900141,0.10640032,0.21280064,0.48223218,1.6583982,0.6801672,2.0290108,0.21280064,0.45046306,Medullary_cords,138.42326394071193
CCAGCTTCCGCCCGCA-1,1,29,17,6098,22265.0,6098,4010.804,Medium-High,2,11,0,2,3,6,2,4,5004.8432542887895,0.45056120886630463,-0.04175421595573425,0.8265917339756385,0.1992456316947937,0.29116406492810204,-0.20240609347820282,0.28341995059412733,0.18329480290412903,0.3322783623226089,-0.3635594844818115,0.048284981808634296,-0.36603862047195435,0.04666433037248928,0.09370647,0.084784,0.32098067,0.14934301,0.019453727,0.0,0.33173212,0.19353637,0.6078088,2.2540262,2.5756752,0.34777853,0.40807152,0.2993485,1.3829302,0.96973014,2.803724,0.34983766,0.42670023,Medullary_cords,238.40302011509837
CCAGGGACGTGGCCTC-1,1,27,53,5768,18385.0,5768,4267.1733,Medium-Low,1,3,4,6,1,2,7,5,2745.262282551523,0.6931471805599453,-0.02578146755695343,0.8924277629316714,0.22690166532993317,0.22789934127750056,-0.3658622205257416,0.046778197084587726,-0.37733709812164307,0.039817962250127875,-0.1879357099533081,0.31996723164003393,-0.0026135407388210297,0.9890639952459774,0.13786429,0.0032741907,0.0,0.13492559,0.129357,0.0,0.5945789,0.44943023,0.5107348,2.2426994,2.9431324,0.22953826,0.7203473,0.108581424,1.8554367,0.8049856,1.7959545,0.0,0.406653,B_cell_zone,0.0
CCAGTAGTCTGATCCA-1,1,27,91,5732,16411.0,5732,4423.3887,Medium-Low,3,0,2,0,4,2,0,6,1333.6941178546151,0.0,-0.35409480333328247,0.05488709370719346,-0.1708332598209381,0.36674167267679003,0.03762929141521454,0.8435019405829783,0.03779672086238861,0.8428141780886456,-0.1358269453048706,0.4741950445325075,0.3133382201194763,0.09178421555187952,0.019714694,0.0,0.027528927,0.27931467,0.2911614,0.19370984,0.18857051,0.33387074,1.0369529,1.5775954,2.5985425,0.3970637,0.83332133,0.27808917,1.314553,1.5859835,1.9141446,0.19925487,0.7820855,Medullary_cords,238.76766950322232
CCAGTCCATTATTCGA-1,1,10,22,7198,31687.0,7198,4343.2505,High,4,8,1,4,1,5,4,7,5646.287718492567,0.0,-0.8281962275505066,1.6170330326504994e-08,-0.06449710577726364,0.7349056251597811,0.04375089332461357,0.8184330597834008,-0.04029102250933647,0.8325818320716725,-0.1648394763469696,0.3840405327454257,-0.4098077714443207,0.024509450495644958,0.22063278,0.0,0.15631278,0.15394132,0.32509688,0.0,0.14401628,0.11837596,0.50456464,1.9495189,2.604321,0.034286298,0.5327971,0.8915094,1.6892414,0.85281944,1.9900912,0.13714519,0.21762209,Medullary_cords,238.40302011509837
CCAGTCTAGACGGCGC-1,1,24,86,5967,18860.0,5967,4411.976,Medium-Low,5,5,4,1,4,2,1,1,1681.9206283294109,0.45056120886630463,-0.25892093777656555,0.1670940184655063,-0.14207454025745392,0.45390544570102526,0.13349175453186035,0.48189781584830005,-0.05156378075480461,0.7866943612235058,-0.23896992206573486,0.20344519920264176,0.3590165078639984,0.05137049958389587,0.14262319,0.10910617,0.0,0.23535065,0.3246678,0.0,0.18825223,0.37449494,0.6301899,2.1862981,2.7784107,0.0,0.66241205,0.37618566,1.988532,0.9838828,1.9953682,0.0,0.26230213,Medullary_cords,0.0
CCAGTCTTGTCATAGA-1,1,59,59,5278,16172.0,5278,3976.1467,Medium-Low,2,2,5,2,2,1,2,4,3210.9967299889922,0.45056120886630463,0.07204581052064896,0.7051811549146386,-0.1694178283214569,0.37078476811773564,0.18031814694404602,0.3403247579583482,-0.2241245061159134,0.23379538406431716,-0.2721012532711029,0.14576819887269085,0.3096042275428772,0.09593068421790461,0.023292126,0.12864849,0.08553361,0.15262292,0.32130244,0.0,0.2886004,0.43647337,0.61803216,1.9920733,2.7391672,0.18052828,0.58387625,0.24070439,1.2838615,1.1275606,2.5626242,0.24070439,0.2550835,Medullary_cords,276.3494165001982
CCAGTGTACAGACCGA-1,1,72,18,6276,25544.0,6276,4002.6765,High,5,1,4,1,5,0,1,1,6309.162939725047,0.0,0.2645109295845032,0.1577942616328054,0.0015370040200650692,0.9935684917882996,-0.24419575929641724,0.19343840703719428,-0.24562111496925354,0.19076941410964277,0.0196944959461689,0.9177269511157434,0.21229414641857147,0.2600505823375373,0.15894033,0.15689331,0.029499888,0.16104673,0.2202086,0.25823423,0.015176852,0.19007446,0.37453744,2.1900096,2.9105,0.14456911,0.2106773,0.38624737,1.8630893,0.92365944,1.7644075,0.08259223,0.26156387,B_cell_zone,0.0
CCAGTTCGGTAACTCA-1,1,73,89,4731,12668.0,4731,4168.1055,Low,4,6,1,4,2,1,4,7,4192.744328002842,0.45056120886630463,-0.052229344844818115,0.7840052683670321,-0.00904756784439087,0.9621539913386274,0.12803512811660767,0.500144537395264,0.30398496985435486,0.10243566783132814,-0.20929887890815735,0.2669921960319482,-0.06703430414199829,0.7248705165054392,0.23520352,0.00032103507,0.19181532,0.18264055,0.0,0.0,0.39001957,0.072734386,0.45819396,2.3190372,2.7632957,0.072734386,0.40935215,0.7276132,1.8127216,0.78781515,1.9739178,0.14546877,0.29093754,Medullary_cords,0.0
CCATAAACAACCCGAC-1,1,14,76,7757,34286.0,7757,4495.794,High,3,5,2,7,6,3,8,2,2990.363355848249,0.0,-0.43782395124435425,0.015531892501021886,-0.4409673810005188,0.014722890320530825,-0.010385654866695404,0.956561662163862,0.028302669525146484,0.8819777503479362,-0.10715913027524948,0.5730113970685494,-0.0006109377136453986,0.9974435429319619,0.034588046,0.0,0.07551158,0.3717901,0.19601923,0.21738209,0.104708925,0.15844403,0.9992937,1.5481293,2.5409794,0.20841378,1.2081646,0.57807016,0.8422901,1.5542808,1.9309796,0.06398452,0.35288292,Medullary_cords,364.00137362378183
CCATACCTTTACTTGT-1,1,30,102,6386,21117.0,6386,4511.015,Medium-High,4,0,7,4,0,2,4,7,1359.0599692434473,1.0114042647073518,-0.26442939043045044,0.15792719191720442,-0.2310599535703659,0.21925974525865477,-0.2004396915435791,0.2882225953306278,0.012699751183390617,0.9468951695396568,-0.17519359290599823,0.35445092540854145,-0.114676833152771,0.5462309232564292,0.11173518,0.08171789,0.016988741,0.22589754,0.25465932,0.21603997,0.09296136,0.04846329,0.6777411,2.2153428,2.6957319,0.14538987,0.5117606,0.82299244,1.9287798,1.082761,2.0212317,0.0,0.4341535,Medullary_cords,0.0
CCATAGAGGCTGCCAG-1,1,60,4,2734,6205.0,2734,3366.8938,Low,3,1,6,0,5,0,3,6,6354.47692575872,0.5982695885852573,-0.0019293539226055145,0.9919267729259792,-0.11167621612548828,0.5568494861982811,-0.14677102863788605,0.4389635904839753,0.33472728729248047,0.07060122594870465,0.03538738191127777,0.8527218774341484,-0.12427209317684174,0.5129266272297658,0.067017764,0.0,0.17331688,0.26493886,0.2579689,0.013555913,0.22320159,0.2399911,0.69337964,1.7885852,2.9428725,0.11999555,0.64054567,0.11999555,0.954654,1.0941601,2.3470569,0.0,0.4799822,Medullary_cords,239.0
CCATAGGTTGGCGTGG-1,1,18,62,5822,18075.0,5822,4315.376,Medium-Low,5,3,4,6,6,3,7,1,2989.8003277811044,0.6931471805599453,-0.1792624443769455,0.34320659977625106,0.0934303030371666,0.6233763996191495,0.34314754605293274,0.06338874780299805,-0.05774470791220665,0.7618178570864359,-0.4144322872161865,0.022788218044171367,0.06928732991218567,0.7159966019457196,0.058964204,0.068756975,0.099549696,0.087183625,0.076408856,0.18352544,0.42561123,0.34912995,0.20655622,2.2192812,2.9341776,0.093132146,0.6013653,0.43560025,1.8459301,0.74592316,2.2244222,0.0,0.597055,Medullary_cords,0.0
CCATAGTCAGTAACCC-1,1,15,17,6817,26181.0,6817,4430.834,High,4,11,1,4,1,5,4,7,5610.2838609111395,0.9502705392332347,-0.6128096580505371,0.0003182129506626844,0.030868016183376312,0.8713646717132933,0.05518913269042969,0.7720766800611704,-0.06540746241807938,0.7312999675572139,-0.36012905836105347,0.05060083258196684,-0.17887108027935028,0.34427867266142625,0.14767788,0.0,0.029646128,0.14921544,0.519403,0.017428035,0.1366295,0.14190431,0.25365853,2.116296,2.739173,0.16177648,0.4058383,0.72679967,1.953912,0.7730402,2.1142478,0.14190431,0.2545489,Medullary_cords,0.0
CCATATGGAAACTATA-1,1,53,103,7141,26921.0,7141,4536.611,High,0,10,7,4,0,4,4,0,2072.1498497936873,1.0114042647073518,-0.21431675553321838,0.2554305364657231,-0.10580139607191086,0.5779100658369103,-0.2248103767633438,0.2323298390865159,-0.06325548887252808,0.739832211565784,-0.39248961210250854,0.031925819179724486,0.33860328793525696,0.06720604657604101,0.13039623,0.0057260836,0.10131774,0.18926959,0.11764998,0.23176908,0.22387129,0.3669743,0.39181855,2.380824,2.8646326,0.24201496,0.6017664,0.5023583,2.1805677,0.92376196,1.9600073,0.21786462,0.67257565,B_cell_zone,0.0
CCATCCATACCAAGTC-1,1,14,38,6447,23367.0,6447,4215.323,Medium-High,2,11,0,0,1,5,0,3,4484.368071423219,1.0114042647073518,-0.4816615581512451,0.00703867532335308,-0.17211416363716125,0.36310534096383573,-0.0072968341410160065,0.9694735324599659,0.3713460862636566,0.043340172638113274,-0.08876217156648636,0.6409042864329025,0.3438216745853424,0.06283718571574763,0.01811256,0.0,0.23471767,0.24227445,0.22545561,0.0057444973,0.2736952,0.33743608,0.75162625,1.7877104,2.5952606,0.25541806,0.49018353,0.25541806,1.0041256,1.1461277,2.610074,0.17812131,0.5009328,Medullary_cords,364.00137362378183
CCATCGCAGTTAAACT-1,1,50,62,5347,15321.0,5347,4227.1504,Low,2,2,5,3,0,7,6,3,2295.4650944852115,0.0,-0.023311277851462364,0.9026835022368711,0.11604589223861694,0.5414178402327906,-0.0011714641004800797,0.9950980523100194,0.27234503626823425,0.14539327281153822,0.2517452836036682,0.1795935746274029,0.011976715177297592,0.949914720821298,0.051881574,0.0,0.32211527,0.075405315,0.18406448,0.016580053,0.34995326,0.39721695,0.4587578,2.2715907,2.6701627,0.3867731,0.3905001,0.57439065,1.279031,0.95559084,2.659494,0.9902522,0.72459793,Medullary_cords,600.4839714763417
CCATCTCACCAGTGAA-1,1,38,98,5394,14846.0,5394,4335.4927,Low,3,0,0,0,0,4,0,3,689.0007256890227,1.2424533248940002,-0.37650543451309204,0.040292715086139776,0.038479920476675034,0.8400089275271123,-0.17770496010780334,0.3474850120424073,-0.1518981158733368,0.4229615432874113,0.12838712334632874,0.4989571262556712,-0.22837428748607635,0.22481388156815152,0.07276394,0.00055936154,0.17224194,0.18676583,0.17119524,0.25422904,0.14224465,0.2961863,0.74196005,2.0164294,2.7284794,0.0,0.63298017,0.19311237,1.3578646,0.91738164,2.218561,0.21330197,0.58803016,Medullary_cords,551.9601434886399
CCATCTTGTTCACAAT-1,1,7,41,6220,21654.0,6220,4287.84,Medium-High,3,8,2,0,1,5,5,6,4924.485861488486,0.0,-0.5133291482925415,0.0037187182541235215,-0.38942772150039673,0.03340882269342736,0.07840784639120102,0.680453613803809,0.20558151602745056,0.2757732672782874,0.034778863191604614,0.8552277716583297,0.223414346575737,0.23531934111222755,0.06001437,0.0018943353,0.052890293,0.49971876,0.2878887,0.03800046,0.059593033,0.15613148,0.9330831,1.6882482,2.3638961,0.14237787,0.56974876,0.23135826,0.935316,1.6351733,1.8842057,0.09491858,0.35307154,Medullary_cords,769.5797554509863
CCATGCCCTAGATTTC-1,1,56,98,5568,17216.0,5568,4215.2827,Medium-Low,2,10,0,3,0,4,0,3,2263.992270304826,0.6365141682948128,0.15243849158287048,0.42129402552672557,0.2552528977394104,0.17340394263632827,0.0947512686252594,0.6184522911423744,0.2033940851688385,0.2810263829455671,0.15829730033874512,0.40345022688767307,0.11131806671619415,0.5581232233053004,0.044667322,0.0,0.10527181,0.18632507,0.39381582,0.015678173,0.25424182,0.34636834,0.7029532,2.0550246,2.8797388,0.43835866,0.56098646,0.4426955,1.4324337,1.1092479,2.5413914,0.0,0.5364636,Medullary_cords,138.0
CCATGCCTGTTTAGTA-1,1,35,53,5130,16629.0,5130,3888.0613,Medium-Low,1,9,3,5,3,7,3,5,2435.715295349602,0.0,0.19603203237056732,0.2991749204090718,-0.10176719725131989,0.5925740416912536,-0.0381462424993515,0.8413787876036894,0.03897076100111008,0.8379946957638917,-0.22813837230205536,0.22530626712477814,-0.022401785477995872,0.9064634924717421,0.064337276,0.09307381,0.1835224,0.21681412,0.2691712,0.0055649574,0.16751623,0.25188315,0.49658924,2.1590354,2.747315,0.21642467,0.5729048,0.11771317,1.3906662,0.8768774,2.6673284,0.0,0.4753069,Medullary_cords,137.55726080436466
CCATGCTCTGCAGGAA-1,1,21,43,6103,19757.0,6103,4415.395,Medium-Low,3,11,0,0,1,5,0,3,3706.101455707871,0.45056120886630463,-0.6080257892608643,0.00036494765154843094,-0.38466784358024597,0.03582435651573416,-0.3568822741508484,0.05287287153809643,0.3498895466327667,0.058039666220425654,0.3910938501358032,0.032595091246768265,0.19184769690036774,0.309811864779821,0.26267233,0.00063027313,0.2965127,0.3768566,0.0,0.009648035,0.053680062,0.44300008,0.7342273,2.357483,2.6853297,0.18980633,0.5901386,0.3714427,1.6508849,1.2302871,2.3112626,0.23091847,0.27049625,Medullary_cords,137.00364958642524
CCATGGCAAACGCTCA-1,1,74,40,7179,29877.0,7179,4249.8804,High,3,4,2,0,5,0,0,6,5431.96548221728,0.6931471805599453,-0.20016464591026306,0.28889846295439103,-0.14844302833080292,0.4337093782506994,0.12256475538015366,0.5187785865026447,-0.2031758427619934,0.28155399044236273,-0.19830402731895447,0.2934970358741958,-0.02471153996884823,0.8968679003080143,0.043570563,0.0038604082,0.14014667,0.3648184,0.22721367,0.0020271083,0.21836323,0.4536023,0.87087023,1.790247,2.596507,0.10826968,0.6818046,0.14435957,1.1708405,1.4418664,2.2617204,0.2003009,0.2492655,Medullary_cords,364.00137362378183
CCATGGCCCTTGTACC-1,1,32,22,6249,27785.0,6249,3611.7834,High,2,7,5,2,3,6,3,4,4599.660204841223,0.0,0.18992221355438232,0.3147849165363406,-0.12571509182453156,0.5080061837533079,-0.024997562170028687,0.8956806201859199,0.2156248390674591,0.2524715064938065,-0.20342211425304413,0.2809586678036263,-0.3471011221408844,0.060207278131029524,0.026274137,0.047717992,0.3040783,0.09538051,0.12654,0.1010071,0.29900196,0.14990756,0.6146496,2.2343817,2.468073,0.115280956,0.4060191,0.40454343,1.1436567,0.8097713,3.2914722,0.13555387,0.63905454,Medullary_cords,365.0
CCATGTTCATCTATAT-1,1,68,28,5927,19734.0,5927,4228.5,Medium-Low,3,1,2,0,5,0,5,6,5474.619347498052,0.45056120886630463,-0.5972092747688293,0.0004935730403329304,0.0767817348241806,0.6867442639630451,0.26025325059890747,0.1648430080418024,0.0799904614686966,0.674351342113411,-0.11997152864933014,0.527728870412444,0.24855740368366241,0.18535218931520836,0.030038655,0.0,0.11312012,0.43358734,0.17867295,0.0,0.24458101,0.15779312,0.8764677,1.5715904,2.6430867,0.13872653,0.6377667,0.18997005,1.1878817,1.8010333,2.0527399,0.27745306,0.11664404,Medullary_cords,239.0
CCATTAGCGATAATCC-1,1,32,42,6748,25788.0,6748,4361.8066,High,5,9,4,1,3,6,1,1,3246.8053529585045,1.3296613488547582,-0.32929348945617676,0.07558297353597887,0.07085863500833511,0.7098290729366135,-0.14085988700389862,0.45781348098097274,0.2556975185871124,0.172630252384032,-0.18335804343223572,0.33210868350681616,-0.07823232561349869,0.6811316180713924,0.20372772,0.17916839,0.17139201,0.0963616,0.13661574,0.038270693,0.17446391,0.15368994,0.37785286,2.4405632,3.0858893,0.112727016,0.6805248,0.31580114,2.1129258,0.7912526,2.115987,0.0,0.21070528,Medullary_cords,0.0
CCATTCCCTGCCCACA-1,1,33,39,4185,11336.0,4185,3882.5884,Low,5,7,7,1,3,6,1,1,3425.197220599129,0.8675632284814612,-0.4301230013370514,0.017671116718444225,-0.06851792335510254,0.7190230282383987,-0.3449873626232147,0.06189229164422536,0.2304185926914215,0.22057757671665693,0.06813143193721771,0.7205448512574026,-0.3307836651802063,0.07419057210017554,0.23428759,0.0,0.0,0.20870687,0.3553856,0.029785166,0.1718348,0.12711209,0.4951504,2.226627,2.7938838,0.0,0.7146223,0.24079669,2.0612483,0.9596571,1.6148404,0.0,0.31624752,B_cell_zone,0.0
CCATTTCTACCTATTA-1,1,55,71,4636,11933.0,4636,4148.644,Low,5,2,4,1,2,7,1,1,2348.3496332531067,0.6931471805599453,-0.03733887895941734,0.8446951569042382,-0.02535545825958252,0.8941953023908038,-0.05862336605787277,0.7582996924139906,0.15329572558403015,0.418656225791239,-0.2571668326854706,0.17009084157175364,-0.2905733585357666,0.11929568013132548,0.2166008,0.009164904,0.2110763,0.14004885,0.39654788,0.0265612,0.0,0.2599293,0.4634,2.33673,2.8198318,0.15218073,0.3092839,0.39827693,2.010066,0.9339564,2.0515933,0.39827693,0.27446887,Medullary_cords,0.0
CCCAAACATGCTGCTC-1,1,34,88,5709,16945.0,5709,4366.177,Medium-Low,3,0,2,0,0,2,5,6,479.00104384019875,0.45056120886630463,-0.23346124589443207,0.2143732053258274,-0.03694324940443039,0.8463212198892854,0.04794585332274437,0.801353299099546,0.0020790286362171173,0.9913004936827639,0.16942153871059418,0.37077413554954164,-0.017631735652685165,0.9263195036561659,0.024200674,0.07343616,0.033709817,0.22523174,0.1900752,0.20230512,0.2510413,0.2248164,0.9239197,1.6694627,2.636439,0.17394257,0.569379,0.21339792,1.1643947,1.4802896,1.6819537,0.0,0.41444546,Medullary_cords,238.40302011509837
CCCAACATACGTCGCG-1,1,43,35,5935,18679.0,5935,4316.3105,Medium-Low,3,9,2,0,3,6,5,6,3697.333228152421,0.45056120886630463,-0.28601211309432983,0.12547364874040232,-0.19792991876602173,0.29442722883550443,-0.12757328152656555,0.5017046646575035,0.20517629384994507,0.27674159704334955,0.2726161777973175,0.14497709104000897,0.19559195637702942,0.30028265674205146,0.0210367,0.0040989146,0.28843158,0.47720146,0.1444312,0.010271393,0.054528747,0.14308526,0.87839913,1.528378,2.4484656,0.10719132,0.47503185,0.37150508,0.8045472,1.5828459,1.9402077,0.28916556,0.35241836,Medullary_cords,364.6601157242179
CCCAACCACACTAACA-1,1,8,66,7972,38505.0,7972,4301.5264,High,1,5,3,6,6,3,7,5,3898.7754487787574,1.0986122886681096,-0.23919501900672913,0.20300696799279597,-0.04329442232847214,0.8202966515061783,-0.08705543726682663,0.6473609309987312,-0.19111810624599457,0.31169041500633066,-0.47317132353782654,0.008270054744148804,0.2376050055027008,0.206116435584803,0.038190175,0.055471748,0.09073124,0.08567269,0.1407523,0.14259529,0.44658655,0.3733669,0.45275015,2.2239127,2.8835275,0.11001021,0.49412665,0.36258885,1.6246942,0.879831,2.4604895,0.22002041,0.64650166,Medullary_cords,137.92751719653333
CCCAAGAATGCACGGT-1,1,2,88,7049,29035.0,7049,4254.531,High,2,12,3,2,6,3,2,3,4312.011595531719,1.3296613488547582,0.05464858561754227,0.7742514917376138,-0.16534370183944702,0.38256736306653144,-0.34593647718429565,0.061131187185084576,0.21857254207134247,0.24588654275562838,-0.2660101056098938,0.15536446922177116,0.019873816519975662,0.9169803956256584,0.05367521,0.091730855,0.18447092,0.14680792,0.14766161,0.23038873,0.14526476,0.32139704,0.41083974,2.1020527,2.7576957,0.29903516,0.5972003,0.481756,1.480132,0.94512635,2.4522161,0.14799158,0.4985976,Medullary_cords,138.42326394071193
CCCAAGACAGAGTATG-1,1,4,50,5870,19277.0,5870,4248.6895,Medium-Low,3,8,2,0,1,5,5,6,4839.729434586194,0.0,-0.020202090963721275,0.9156138884111144,-0.10861944407224655,0.5677635126786774,0.16281050443649292,0.39000155635345285,-0.1382870227098465,0.4661500453859461,0.05712444707751274,0.7643042033466674,-0.054768048226833344,0.7737707066830243,0.028425546,0.0,0.12405162,0.642089,0.20543382,0.0,0.0,0.26572844,1.1013515,1.4365982,2.5260782,0.19344592,0.32627568,0.19344592,0.8176362,1.8043077,1.9292943,0.20895363,0.4143573,Medullary_cords,495.9858868959882
CCCAATGAGATTTGCA-1,1,60,40,6812,25213.0,6812,4405.7197,Medium-High,3,1,4,0,5,0,0,3,4226.375870648516,1.3296613488547582,-0.4184398353099823,0.021378058065843187,-0.058349866420030594,0.7593942869892012,-0.11419316381216049,0.5479360952216744,0.17351777851581573,0.359145241074106,-0.26933127641677856,0.15007751570141722,-0.03684405982494354,0.8467289927407899,0.09136502,0.0694837,0.056727424,0.30177993,0.27136955,0.0,0.20927441,0.22013444,0.717308,2.0739312,2.7502627,0.22952013,0.7027482,0.43182144,1.5263696,1.291882,2.1072447,0.1670278,0.36707252,Medullary_cords,137.00364958642524
CCCAATTTCACAACTT-1,1,39,33,3576,9617.0,3576,3561.1943,Low,1,7,6,5,3,6,3,5,3788.197064567787,0.8675632284814613,-0.27292752265930176,0.14450026476719227,-0.07554944604635239,0.691525126012572,0.057736095041036606,0.7618523663620604,0.15638338029384613,0.4092316959168693,-0.09332315623760223,0.623776508711142,0.4505650997161865,0.012466772684486977,0.028865369,0.0,0.039575927,0.13553159,0.201237,0.010145079,0.58464503,0.4724546,0.32918778,2.0003386,2.7611675,0.1782293,0.08911465,0.1782293,1.3754277,1.0492271,2.0061386,0.0,0.47360653,Medullary_cords,275.0018181758077
CCCAGAGGAGGGCGTA-1,1,21,105,6927,28821.0,6927,4118.933,High,1,0,3,2,4,2,2,5,2348.8458868133516,0.5004024235381879,-0.22419220209121704,0.23365045880853108,-0.1381315290927887,0.46665641308764994,-0.0869092345237732,0.6479151985419529,0.1500432789325714,0.4287129963705628,-0.1576714962720871,0.40533551438096427,0.10509021580219269,0.5804833945010452,0.08133,0.0,0.03446534,0.092770696,0.41334212,0.13111353,0.2469783,0.16299927,0.5627637,2.1302183,2.7799754,0.037234366,0.48763132,0.5103623,1.5257124,0.9044397,2.3787243,0.07446873,0.6681876,Medullary_cords,240.0
CCCAGATTCCCGTGAC-1,1,76,38,5616,20742.0,5616,3777.316,Medium-High,2,4,5,2,5,0,2,4,5706.6067851219605,0.37677016125643675,-0.5155527591705322,0.003547656721940545,-0.06869961321353912,0.7183079816089046,-0.1237356960773468,0.5147616374760797,-0.02699531614780426,0.8873942257500864,0.2827698886394501,0.13000618145251752,0.1389254629611969,0.4640739797723931,0.07784606,0.0025478331,0.25066984,0.12687062,0.16602398,0.32551274,0.050528936,0.3585787,0.5994037,2.184828,2.5395622,0.1475627,0.6032985,0.1475627,1.4556795,0.81787837,3.08118,0.0,0.50630593,Medullary_cords,413.0012106519786
CCCAGGAAGAATTCGA-1,1,74,66,5604,18449.0,5604,4086.333,Medium-Low,1,4,3,6,2,1,7,5,4570.543950122348,0.45056120886630463,-0.34187301993370056,0.06444186940809223,-0.18788078427314758,0.3201112645325116,-0.0992967039346695,0.601632888590925,0.027644451707601547,0.8847041655924639,0.005586627870798111,0.9766259870129402,0.24352486431598663,0.19470359284571892,0.03932651,0.0017986773,0.054803636,0.1139609,0.2553991,0.14139727,0.39331383,0.29670307,0.4132416,2.2065637,2.8316603,0.30834174,0.8023816,0.14592817,1.6417387,0.96367854,2.2780578,0.10827571,0.6774586,Medullary_cords,276.3494165001982
CCCAGGTCTGAAGGCT-1,1,53,111,5499,16725.0,5499,4182.5596,Medium-Low,1,10,0,3,0,4,6,3,2395.118577440374,0.5982695885852573,0.08233471214771271,0.6653495296247592,-0.15258251130580902,0.42085021862122457,0.19592627882957458,0.299440882127422,-0.2264900654554367,0.22876680549188597,-0.0489676408469677,0.7972063367624054,-0.035338424146175385,0.8529234350118846,0.05144416,0.0019018771,0.13395186,0.16134124,0.16081502,0.1884978,0.3020481,0.38848275,0.66413957,2.2998552,2.8883338,0.27410462,0.61043715,0.27410462,1.9580619,1.10015,2.2889977,0.50200325,0.6163579,Medullary_cords,0.0
CCCAGTAAACTTGGGA-1,1,52,12,8124,46323.0,8124,3947.116,High,2,7,0,2,3,0,2,4,5493.416878410012,0.45056120886630463,-0.5331417322158813,0.002416904672245678,0.007830830290913582,0.9672406942945061,-0.2311883270740509,0.21899661389593567,-0.21050721406936646,0.26417749541838376,0.30107614398002625,0.10593058257312944,-0.2578391432762146,0.16893775755726975,0.060073964,0.0,0.4164537,0.31329635,0.18302003,0.0,0.027155947,0.44651672,0.65469694,2.028826,2.36047,0.3339601,0.4603919,0.35478872,1.0584046,1.4061434,2.902278,0.33254987,0.23543698,Medullary_cords,477.6703884479338
CCCAGTTAAGGCGCCG-1,1,42,82,4410,11959.0,4410,3868.4077,Low,1,2,4,1,0,4,1,3,632.5693637855061,1.0114042647073518,0.15063540637493134,0.426872280922598,-0.11290562152862549,0.5524873964852015,-0.019222624599933624,0.9196917932248817,0.019127698615193367,0.9200871153300793,-0.236003577709198,0.20928111642214092,0.015432734042406082,0.9354885096844532,0.14362118,0.0020920727,0.23861687,0.12853758,0.14298637,0.052586224,0.29155964,0.23287496,0.29827747,2.365713,2.7686894,0.07596638,0.5344063,0.27481052,1.8214071,0.8530655,2.6307616,0.0,0.51307696,Medullary_cords,0.0
CCCATATAGGTCGATT-1,1,65,117,5361,17342.0,5361,4073.929,Medium-Low,5,13,4,1,7,1,1,1,3800.323275722738,0.6730116670092565,-0.19937099516391754,0.2908543491019632,0.10052241384983063,0.5971310484869539,0.20274560153484344,0.28259597077949056,0.07280915975570679,0.7021980343825193,-0.22700679302215576,0.22767813582900026,0.23080003261566162,0.2197931704805746,0.2750406,0.008785707,0.27335712,0.09160469,0.047541864,0.04666202,0.257008,0.26660818,0.2716178,2.4724193,2.8576136,0.11382317,0.5176748,0.30557,2.090681,0.90659785,1.9739282,0.30557,0.25566247,B_cell_zone,0.0
CCCGAAGTTTCGCGAA-1,1,45,11,7803,34241.0,7803,4456.4043,High,1,7,4,6,3,6,7,5,5366.070070358754,0.6931471805599453,-0.44177955389022827,0.014519669741336763,0.1386151760816574,0.465082355352272,0.3213462829589844,0.08335188263558463,-0.4959033727645874,0.005321925882598701,-0.42521393299102783,0.019158002314720694,0.55039381980896,0.0016250988465177532,0.04243845,0.07050086,0.028940873,0.10707741,0.22930624,0.18253298,0.33920318,0.42969054,0.61346567,2.1089334,2.9085917,0.15358725,0.55404055,0.32609224,1.6420064,1.1128576,1.7519386,0.32158732,0.5814771,Medullary_cords,137.92751719653333
CCCGACCATAGTCCGC-1,1,20,74,5677,17508.0,5677,4322.4463,Medium-Low,5,3,7,7,4,2,8,2,2361.0103769361117,1.3296613488547582,-0.3942534625530243,0.031096013803045594,-0.009203772991895676,0.961501060158124,0.2823573648929596,0.13059137745894667,0.3866443634033203,0.03480477622706541,-0.39253735542297363,0.031903124525482586,-0.24681220948696136,0.18855881487585935,0.18840879,0.0008304746,0.1551529,0.044543352,0.05199636,0.29675472,0.26231343,0.20513564,0.5169557,2.4748766,2.8223083,0.26466915,1.22852,0.23773476,2.161777,0.8437946,2.218683,0.3388642,0.22590947,Medullary_cords,0.0
CCCGAGTTTCTCCGTA-1,1,48,108,5708,18491.0,5708,4167.4985,Medium-Low,2,10,0,2,0,4,2,3,1825.4930840734512,0.8675632284814613,0.01777886599302292,0.9257063428567126,0.17860069870948792,0.3450205138047039,0.20001961290836334,0.28925525762161386,-0.1846221387386322,0.32872813268771817,-0.25196167826652527,0.179207286889409,0.20178554952144623,0.28492997016476124,0.11438031,0.0,0.21618308,0.1638942,0.32282987,0.0,0.18271255,0.5748912,0.5756509,2.3395333,2.756752,0.25376722,0.48936647,0.48236394,1.6686159,0.7297722,2.56413,0.48206377,0.26399148,Medullary_cords,239.26763257908496
CCCGCAAATAATCATC-1,1,77,55,6161,22981.0,6161,4132.34,Medium-High,3,4,2,0,2,1,5,6,5194.413248866516,0.0,-0.3097585439682007,0.09575656265607059,-0.10333307832479477,0.5868630538256322,-0.43606701493263245,0.015999936044931037,0.06792369484901428,0.7213632560644169,-0.1987142562866211,0.29247917690443603,0.40185922384262085,0.02771578998167307,0.06924294,0.004650675,0.023199575,0.28626508,0.24900365,0.1717494,0.19588864,0.27782312,0.7973498,1.9773827,2.5774844,0.18065171,0.62316066,0.23480666,1.5529888,1.3972926,1.8028679,0.24686363,0.22479299,Medullary_cords,600.204131941792
CCCGCAGCGCGAACTA-1,1,49,67,3857,10271.0,3857,3635.5376,Low,2,2,5,2,0,7,2,4,1955.608600921974,0.0,-0.018134791404008865,0.9242232087266258,0.2346150279045105,0.2120519080583689,-0.167877659201622,0.37521374590455053,0.04178823530673981,0.8264525758245206,0.2698156535625458,0.14931741183381994,0.03378887474536896,0.8593075073796708,0.030198317,0.0025283075,0.3531033,0.038111605,0.30977857,0.0,0.26627994,0.39088,0.49218917,2.1685605,2.6237767,0.13510822,0.30507493,0.4249168,1.3835777,0.5869109,3.135307,0.78176,0.6820581,Medullary_cords,479.00104384019875
CCCGCAGGGCCCAAAG-1,1,11,79,7154,32014.0,7154,4222.7295,High,3,5,2,0,6,3,0,3,3292.256520989821,0.8675632284814613,-0.37823939323425293,0.03930797286218383,-0.08396781235933304,0.6591052481148183,-0.29999080300331116,0.10725724194706132,0.10268159210681915,0.5892361872279306,0.12828823924064636,0.4992905561157641,-0.04693017899990082,0.8054807012914024,0.026916713,0.0,0.24487653,0.24700297,0.18381768,0.20965397,0.08773211,0.21224055,0.5133101,1.5999546,2.3132343,0.03397963,0.6593718,0.6902093,0.9808023,0.96076894,2.7016299,0.06795926,0.25239623,Medullary_cords,240.00208332429116
CCCGCGCAATGCACCC-1,1,19,23,6976,26553.0,6976,4435.9995,High,1,11,0,3,1,5,6,3,5020.022410308544,0.6931471805599453,-0.33260130882263184,0.07251910336661273,0.11346358805894852,0.5505129029456887,-0.3292412757873535,0.07563212421857629,-0.2680825889110565,0.1520498599802336,-0.3236171305179596,0.08107220112786521,0.1734141707420349,0.359436675402535,0.04145343,0.0,0.17879905,0.09157369,0.041082203,0.13190882,0.5151828,0.40118492,0.39473435,2.0817842,2.8303137,0.20463812,0.55366117,0.2892666,1.5022691,0.9145138,2.2709901,0.79735625,0.80420035,Medullary_cords,238.76766950322232
CCCGCTAGAGGGTTAA-1,1,0,82,6527,23533.0,6527,4375.975,Medium-High,0,12,7,4,6,3,4,0,4569.712901266336,0.6931471805599453,-0.16253326833248138,0.39082017007771114,-0.06474258750677109,0.7339327958736838,-0.13530457019805908,0.4759125571007595,-0.07460235804319382,0.6952074341218186,-0.30707135796546936,0.0988229706554909,0.15439540147781372,0.4152858998955184,0.10141356,0.07194437,0.05649769,0.17171684,0.28777206,0.2020281,0.108627364,0.12115524,0.42740792,2.2257755,2.8119485,0.1912684,0.44792026,0.4691918,2.036268,0.906377,1.9541725,0.0,0.32308066,B_cell_zone,0.0
CCCGCTTGCCCTCGTC-1,1,2,40,5290,15999.0,5290,4160.505,Medium-Low,3,8,2,0,1,5,5,6,5432.035714168308,0.6365141682948128,-0.6557621359825134,8.359972758414442e-05,-0.15198878943920135,0.4226814835985416,0.1022256389260292,0.5908995478262618,-0.054994434118270874,0.7728598270538775,-0.09905283898115158,0.6025302893673297,-0.13354243338108063,0.4817299686999421,0.094312474,0.0,0.16757253,0.5504244,0.18769063,0.0,0.0,0.15660095,1.0068827,1.6922573,2.3186934,0.22275357,0.5665965,0.1620621,1.1457634,1.6369346,2.0336607,0.12138296,0.08092198,Medullary_cords,238.76766950322232
CCCGGGTCGTTCAGGG-1,1,65,57,6010,19266.0,6010,4341.01,Medium-Low,5,4,4,1,2,1,1,1,3874.4027926894746,0.8675632284814612,-0.1794973909854889,0.3425639745846632,0.20936046540737152,0.26684826655836863,0.1601649522781372,0.3978533706934641,-0.24282093346118927,0.19603723439828166,-0.7794320583343506,3.866464875150018e-07,0.249493807554245,0.18364744263823837,0.082521155,0.088477425,0.105826706,0.06424001,0.30880025,0.028899668,0.3212348,0.41688934,0.3015614,2.1826074,2.9497058,0.16962828,0.7003243,0.31089652,1.8607315,1.080529,2.0603065,0.10452557,0.35602182,Medullary_cords,0.0
CCCGGTGGAAGAACCT-1,1,25,21,7707,31357.0,7707,4580.1587,High,3,11,2,0,1,6,0,3,4868.015201290974,0.0,0.015255008824169636,0.936229925649774,0.14888662099838257,0.4323211934523801,-0.27593833208084106,0.1399476690917965,-0.14882583916187286,0.43251126101094023,-0.5307027101516724,0.002552143899465368,0.11764064431190491,0.5358366757148745,0.0,0.031641204,0.08266229,0.20006122,0.16866401,0.24142107,0.27555016,0.2753478,0.90283895,1.6065278,2.6732836,0.42103994,0.46137184,0.29916036,1.056113,1.3349949,1.8954105,0.06920682,0.6937854,Medullary_cords,364.3295211755424
CCCGGTGTATCGGAAT-1,1,53,17,5949,20464.0,5949,4136.0103,Medium-High,2,7,0,2,5,0,2,4,5207.318887873106,0.0,-0.04216767102479935,0.8249008218995408,-0.24279919266700745,0.1960785241627973,-0.4099735915660858,0.024445944836627573,0.08153418451547623,0.6684184715556222,0.2798662781715393,0.13416627356936578,0.33740678429603577,0.0682402822781888,0.047639236,0.0,0.20309155,0.13442267,0.313029,0.0,0.3018176,0.28411758,0.7905427,2.23215,2.68228,0.44720164,0.47468013,0.36985826,1.5232048,0.9654234,2.8193574,0.19894724,0.31320035,Medullary_cords,632.5693637855061
CCCGTAAGTCTAGGCC-1,1,40,28,4357,13558.0,4357,3652.0083,Low,2,7,3,5,3,6,3,5,4136.56149476833,0.45056120886630463,-0.20618748664855957,0.2743293049468981,0.09864795207977295,0.6040214931163169,-0.07656972110271454,0.6875659681429703,-0.16158851981163025,0.393617191748458,-0.38292041420936584,0.03674568034544816,0.1869543045759201,0.3225468302933649,0.07196814,0.0,0.06419299,0.16833745,0.20099938,0.23288842,0.26161364,0.35307282,0.5767621,2.195221,2.630416,0.3646968,0.7737686,0.28401172,1.6626911,1.0609946,2.4412885,0.0,0.33521268,Medullary_cords,137.92751719653333
CCCGTAGCTGGGAAGA-1,1,57,39,6384,29774.0,6384,3509.2114,High,2,1,5,2,5,0,2,4,4068.580219191948,0.6365141682948128,0.1677737534046173,0.37551364993071057,0.23255544900894165,0.2162076716864407,0.028073027729988098,0.8829288050052281,0.06608738750219345,0.7286106327002361,-0.1355370283126831,0.4751478622855016,0.17393611371517181,0.3579699503638884,0.06327053,0.0002072528,0.3760409,0.13958725,0.10854497,0.0010024181,0.31134677,0.32520002,0.42316413,2.0710847,2.3951883,0.20086974,0.3495503,0.34352714,1.4181697,0.7284249,3.1790245,0.0723987,0.42237294,Medullary_cords,240.0
CCCGTCAGCGTCTGAC-1,1,23,51,6275,20466.0,6275,4461.107,Medium-High,1,3,4,3,1,2,6,5,3116.3602166630226,0.6365141682948128,-0.27098560333251953,0.14749294037877372,-0.15275336802005768,0.42032404823383135,0.2417532056570053,0.19807216559997795,0.0014296956360340118,0.9940175095262364,-0.2880982756614685,0.12261945763511319,0.20541153848171234,0.2761791838209803,0.10530951,0.08603681,0.100120604,0.1545921,0.19931175,0.0060042418,0.34862497,0.37006947,0.2971998,2.2862756,3.0140972,0.14919838,0.76461786,0.23441356,2.012393,0.8988943,2.0759778,0.46976835,0.56592786,Medullary_cords,0.0
CCCGTGACAGTGCCTT-1,1,77,91,4495,11728.0,4495,4091.6543,Low,5,6,4,1,2,1,1,1,4676.084366219241,0.0,-0.08622512966394424,0.6505111483784086,0.2793779671192169,0.13487533904838261,0.32834112644195557,0.07648334978288575,-0.08912599831819534,0.639531209695305,-0.44232895970344543,0.014383527537778924,0.13424354791641235,0.47941098219606115,0.14057358,0.28436878,0.13401401,0.22500744,0.0,0.0016755217,0.21436068,0.27855822,0.426701,2.3565798,2.8367863,0.20148039,0.86293036,0.35563606,1.8885593,1.0060967,2.049559,0.0,0.10277044,Medullary_cords,0.0
CCCGTTTCGCAGATGT-1,1,52,106,5033,13533.0,5033,4235.9937,Low,3,10,0,0,0,4,0,3,2085.0239806774407,1.2424533248940002,-0.3071747124195099,0.09870367759954857,-0.15060019493103027,0.42698161895963804,-0.04940490424633026,0.7954333321266768,0.13627202808856964,0.47273420493295615,-0.2517554461956024,0.1795754202281,0.11444543302059174,0.5470464121378025,0.078753,0.0026997202,0.14736934,0.30510074,0.31728736,0.04449621,0.10429368,0.21522817,0.7859554,2.0712771,2.6062717,0.25176972,0.6389076,0.13833384,1.4432256,1.2875869,2.3294241,0.27666768,0.43821877,Medullary_cords,137.92751719653333
CCCTACCCACACCCAG-1,1,74,90,5270,15314.0,5270,4293.806,Low,4,6,1,4,2,1,4,7,4314.539141090274,1.0114042647073518,-0.10524128377437592,0.579936347214774,0.21625445783138275,0.25105532265576075,0.25323519110679626,0.17694575665822745,0.0014191865921020508,0.9940614833288705,-0.434761643409729,0.0163552184051928,0.0437619574368,0.8183879013530949,0.13683279,0.1265105,0.029929182,0.25226676,0.33906698,0.026784517,0.08860933,0.18849066,0.65711,2.349315,2.8770206,0.0,0.2929389,0.7351662,1.9712516,0.8348478,1.993122,0.12566043,0.26459616,Medullary_cords,0.0
CCCTACTTGAACAATG-1,1,70,86,5762,17850.0,5762,4304.8027,Medium-Low,0,6,7,4,2,1,4,0,3836.1360768356485,1.3296613488547582,0.23060669004917145,0.2201905300145096,-0.2916561961174011,0.1178627124245744,-0.1558336764574051,0.41090078154348114,0.04614032059907913,0.8086940049530672,0.2236659973859787,0.23477855624726232,0.2762596011161804,0.13946811523492927,0.06351357,0.00086529326,0.12547326,0.11195124,0.25731373,0.005628382,0.4352545,0.25819847,0.45897478,2.2169986,2.8968098,0.20516953,0.32843235,0.22242478,1.9517597,0.7430532,2.0643897,0.29912665,0.3953992,Medullary_cords,0.0
CCCTAGCTCTAAGGTC-1,1,77,53,5067,14901.0,5067,4100.8706,Low,3,4,2,0,2,1,5,6,5256.813483470762,0.0,-0.4215734004974365,0.020326148232434733,-0.03256622701883316,0.8643509241985449,-0.33714205026626587,0.0684707752333296,0.07361210137605667,0.6990648633738745,-0.1497243493795395,0.42970624096417365,0.3378191888332367,0.06788242025792686,0.13615592,0.0028919722,0.01329425,0.6662184,0.10183798,0.0,0.079601444,0.33361232,0.86677647,1.8235887,2.4477768,0.19257507,0.44756994,0.34117442,1.3612661,1.5106437,1.7303387,0.0,0.32571426,Medullary_cords,477.1687332590014
CCCTAGTGTCAGGTGT-1,1,10,20,7251,32418.0,7251,4379.9507,High,4,8,1,4,1,5,4,7,5758.097342004562,0.0,-0.7406359910964966,2.872706956928972e-06,-0.019405975937843323,0.9189282742870594,-0.12295906245708466,0.517424196423089,-0.0774696096777916,0.6840806716089246,-0.14851941168308258,0.43347016972386254,-0.21653074026107788,0.2504355457048241,0.15436687,0.0732752,0.03432786,0.23278837,0.2975065,0.0,0.20773518,0.14911824,0.42288128,1.9611647,2.4567692,0.120142885,0.49317092,1.0122577,1.7174954,0.8399396,1.8729075,0.0,0.21406063,Medullary_cords,137.92751719653333
CCCTATGTAGAGCAGA-1,1,60,24,7215,27221.0,7215,4519.0703,High,1,1,0,3,5,0,0,3,5133.470268736345,1.3296613488547582,-0.5492613911628723,0.00166908039553555,-0.5874691009521484,0.0006419548785865392,-0.18189546465873718,0.3360464221934056,0.14979559183120728,0.4294842605566217,0.09718120098114014,0.6094366210380437,0.30749744176864624,0.09833187844321024,0.029247943,0.0011740003,0.20024575,0.12232644,0.095911615,0.15284188,0.3982524,0.49429518,0.5267374,1.9105446,2.8810196,0.30882642,1.0606318,0.21595266,1.399313,1.149168,2.3696506,0.47992867,1.0223417,Medullary_cords,138.42326394071193
CCCTCAGATCGAGAAC-1,1,72,26,6408,23925.0,6408,4177.031,Medium-High,2,1,7,1,5,0,0,3,5899.275633499421,1.0114042647073518,-0.2450985610485077,0.1917449100636327,-0.12310944497585297,0.516908109503309,0.20040157437324524,0.28831620017314147,0.07562235742807388,0.6912419286562062,-0.12237666547298431,0.5194252584939882,-0.1029709205031395,0.5881817498699853,0.14986396,0.0,0.2984975,0.22781152,0.114351094,0.0,0.20947592,0.32283652,0.7571037,2.2180462,2.7246947,0.21826766,0.63353366,0.55093616,1.6061993,1.1876425,2.545517,0.15188992,0.36631766,Medullary_cords,138.0
CCCTCATCACAGAGTA-1,1,77,25,8000,39391.0,8000,4236.57,High,1,1,3,5,5,0,3,5,6373.911593362431,0.5623351446188083,0.004242951050400734,0.98224680949728,0.089845210313797,0.6368203498707183,0.20976470410823822,0.26590480109473014,-0.28530940413475037,0.12644599221673036,-0.45030438899993896,0.012523990117931537,0.05781862884759903,0.7615216957655263,0.011034359,0.026542883,0.07975511,0.079117455,0.30119488,0.27594057,0.22641474,0.2052204,0.64027107,2.0391557,2.764201,0.08483657,0.5282056,0.3173982,1.3469276,0.96589273,2.5564103,0.16967314,0.6643855,Medullary_cords,276.3494165001982
CCCTCATTCTGGAATT-1,1,16,44,5760,18314.0,5760,4213.2666,Medium-Low,2,11,0,2,1,5,2,3,4014.0196810678444,0.8675632284814613,-0.016395872458815575,0.9314715222729307,-0.08597857505083084,0.6514477263716102,-0.24213412404060364,0.19734452293856053,-0.04167376458644867,0.8269208454985526,-0.18093815445899963,0.338639123340126,-0.21304106712341309,0.2583381419430067,0.033426393,0.0,0.20158291,0.18372707,0.06212557,0.18107878,0.33805925,0.19924046,0.613815,1.947603,2.6519563,0.14477673,0.6322202,0.3479357,1.262377,1.2164935,2.5233157,0.29347196,0.5339202,Medullary_cords,602.0830507496453
CCCTCCTCGCTCGTAT-1,1,50,106,5807,18828.0,5807,4258.516,Medium-Low,2,10,0,0,0,4,0,3,1898.4925599011442,0.45056120886630463,-0.1349928379058838,0.4769390326635754,0.3931216597557068,0.0316264341642455,0.16300897300243378,0.3894161305570558,-0.2066079080104828,0.27333036013276024,-0.2190501093864441,0.24483050768076245,0.2757227122783661,0.1402701935023552,0.045674987,0.0027933577,0.13927588,0.20827581,0.17681684,0.1833052,0.24385801,0.19392483,0.9362892,2.2339284,2.881384,0.17237648,0.568623,0.26626277,1.5252882,1.3379295,2.3222106,0.23824787,0.54794234,Medullary_cords,365.3833603217311
CCCTCGATAATACACA-1,1,69,29,7614,32401.0,7614,4488.0435,High,0,1,7,4,5,0,4,0,5502.675076724047,0.6365141682948128,-0.532547652721405,0.0024492611732982775,0.045989617705345154,0.8093074431021146,0.37936270236968994,0.03868040050449735,0.11981625109910965,0.528267147358998,-0.28999030590057373,0.12007258314971264,0.1172586977481842,0.5371708781314098,0.10528573,0.12330282,0.17222044,0.3259047,0.14873601,0.0,0.12455022,0.2696812,0.6208391,2.085655,2.6977267,0.22821823,0.75159615,0.46687394,1.6272016,1.1512493,2.1055775,0.1344986,0.1697924,Medullary_cords,138.42326394071193
CCCTCGGGAGCCTTGT-1,1,2,58,6554,23383.0,6554,4467.859,Medium-High,4,8,1,4,6,5,4,7,4780.781735239541,1.0114042647073518,-0.29103484749794006,0.11868340179648314,0.11032813787460327,0.5616507952618703,0.07612337172031403,0.6892970295305898,0.10443930327892303,0.5828430875688965,-0.22487026453018188,0.23220216615623,-0.025156578049063683,0.8950206395334187,0.23697853,0.0,0.0504413,0.23725867,0.43081573,0.0,0.044505738,0.103185385,0.44850904,2.0687375,2.731831,0.08900938,0.30220467,0.8143315,1.7347398,0.9000062,1.8251538,0.17801876,0.26535904,Medullary_cords,137.0
CCCTGAAATGAGTTGA-1,1,31,39,6248,21636.0,6248,4324.1084,Medium-High,5,7,4,1,3,6,1,1,3475.5611057784613,0.6365141682948128,-0.15172244608402252,0.42350441942995454,0.02468075416982174,0.8969957054305521,-0.30210399627685547,0.10468556934450543,0.442190557718277,0.014417722781858574,-0.20341317355632782,0.28098026639260987,-0.1328449845314026,0.4840425404942982,0.1184731,0.14035316,0.01680555,0.13917464,0.20762445,0.19810802,0.17946112,0.27542555,0.80243874,2.3415174,2.9947045,0.12932256,0.6347453,0.32084054,2.0494003,0.9729519,1.9450808,0.0,0.44611806,B_cell_zone,0.0
CCCTGACTAACAAATT-1,1,38,12,2931,7759.0,2931,3273.9565,Low,5,7,6,5,3,6,3,5,5231.01615367416,0.0,-0.14343145489692688,0.4495608153425299,-0.12262926250696182,0.5185568950978365,0.06845224648714066,0.7192815590484444,0.21815675497055054,0.2468084188902763,-0.27634865045547485,0.1393354043684652,-0.026371493935585022,0.8899805420722927,0.18530424,0.00047060888,0.06162569,0.2973734,0.17430495,0.0,0.28092113,0.0,0.41764703,2.027122,2.8186285,0.10350487,0.6373533,0.36634806,1.5790724,0.61418605,1.8294672,0.20700973,0.1380065,Medullary_cords,138.0
CCCTGCCCAATCCGCT-1,1,41,19,3546,9781.0,3546,3517.471,Low,0,7,6,5,3,6,3,0,4763.469533858698,1.0114042647073518,-0.013186722993850708,0.9448618760436743,0.11658358573913574,0.539533008956718,-0.175444096326828,0.35375237309157304,0.012072989717125893,0.9495126178440155,-0.0639314353466034,0.7371488719960402,-0.054321691393852234,0.7755675168200016,0.19203176,0.0,0.14031258,0.27036053,0.3972951,0.0,0.0,0.17608297,0.5137643,1.9794044,2.8426166,0.088041484,0.088041484,0.26412445,1.9060448,0.95456743,2.0891883,0.17608297,0.18558292,Medullary_cords,0.0
CCCTGCGCTACGCATA-1,1,34,24,5551,21547.0,5551,3715.5576,Medium-High,2,7,3,5,3,6,3,4,4431.779890743673,1.0986122886681096,-0.14534777402877808,0.443463219115335,-0.20193809270858765,0.2845582987043517,0.2239508330821991,0.2341674630580068,-0.20508018136024475,0.2769715909924484,-0.3289676308631897,0.07589011966018787,0.058696113526821136,0.7580086209986012,0.09719197,0.0,0.23165748,0.25106305,0.150819,0.0028902018,0.2663783,0.13119933,0.7230763,2.1289382,2.8509107,0.047657076,0.4652825,0.21180984,1.4269654,1.1397853,2.829324,0.09531415,0.46373945,Medullary_cords,364.24716882907956
CCCTGGGAGGGATCCT-1,1,76,72,5385,16825.0,5385,4093.5632,Medium-Low,1,6,5,3,2,1,6,5,4683.601712357702,0.37677016125643675,-0.2837221324443817,0.12866270061659818,0.06389578431844711,0.7372903223934566,0.13018344342708588,0.4929195966142206,-0.19916318356990814,0.29136787076885445,-0.14885374903678894,0.4324239798891531,0.3646396994590759,0.04757342180504146,0.04737983,0.0,0.170449,0.0,0.0625103,0.32421935,0.39544156,0.30837327,0.43967402,2.1552138,2.826467,0.09791792,0.4646025,0.31420866,1.4250033,0.40384352,2.364542,0.11662264,0.5622699,Medullary_cords,363.6756796927724
CCCTGGTATGGGCGGC-1,1,6,72,5306,16320.0,5306,4132.592,Medium-Low,3,5,0,0,6,3,0,3,3987.6057979695033,0.8675632284814613,-0.4818282425403595,0.0070161506430111405,-0.3419601321220398,0.06436945828143761,-0.44306471943855286,0.014202874426026307,0.13765625655651093,0.46820593341762395,0.06624436378479004,0.7279901852048605,0.486736536026001,0.006379740173694758,0.0036466874,0.00019756779,0.17928833,0.2550914,0.3196873,0.010445632,0.2316431,0.38164994,0.6795096,1.5210522,2.6713626,0.2792238,0.7153221,0.24988225,0.82697606,0.8728493,2.3373616,0.11948444,0.44052282,Medullary_cords,477.31017169132275
CCCTTCTCGTACGCGA-1,1,2,36,6533,25078.0,6533,4315.648,Medium-High,4,8,7,4,1,5,4,7,5603.919075075942,1.0114042647073518,-0.741597592830658,2.7451283123768953e-06,-0.27766022086143494,0.13739139096981057,0.19096960127353668,0.312073653189783,0.19814473390579224,0.2938928789595273,-0.39111804962158203,0.03258339157684203,-0.08910505473613739,0.6396102188594879,0.20559303,0.115486786,0.22806582,0.31414127,0.035129134,0.0,0.10158388,0.22104731,0.6480437,2.226393,2.7313266,0.19915706,0.4626137,1.0240159,1.6563959,1.0388758,2.1119063,0.08390148,0.34074223,Medullary_cords,138.42326394071193
CCCTTTAATGGAGTTC-1,1,63,109,4932,16778.0,4932,3657.0876,Medium-Low,1,13,5,5,7,1,3,5,3325.2503665137756,1.0114042647073518,-0.22926491498947144,0.22296157883343984,0.08039747178554535,0.6727852343667363,0.39032870531082153,0.03296677065877374,0.08255847543478012,0.6644926439680604,-0.3404068946838379,0.0656701295324663,0.34843909740448,0.05915940839439413,0.010044686,0.06575129,0.15926585,0.05158744,0.40379348,0.02338649,0.28617075,0.098107964,0.33025897,2.2039127,2.4979968,0.1753254,0.53522086,0.24505642,1.527802,0.83085567,2.627877,0.42998308,0.70926946,Medullary_cords,137.55726080436466
CCCTTTGACAGGTCTT-1,1,50,56,4657,12568.0,4657,4046.7983,Low,1,2,0,3,2,7,6,3,2630.1806021640414,0.6931471805599453,-0.26362040638923645,0.15925039422696963,0.022325551137328148,0.9067804262599608,0.14049580693244934,0.4589883415887468,-0.15271241962909698,0.4204501196202245,0.3772832155227661,0.0398485844739921,-0.16193680465221405,0.39258472937057287,0.005819142,0.0022140571,0.1623696,0.041291025,0.16624509,0.19329678,0.4287643,0.21951714,0.57202345,2.0998926,2.8855696,0.33853918,0.45756125,0.40453517,1.3255658,0.9432823,2.2743778,0.74212724,0.7510108,Medullary_cords,276.3494165001982
CCGAAAGTGGTGAGCA-1,1,17,27,7429,30035.0,7429,4433.267,High,3,11,2,0,1,5,0,6,4894.593956601508,0.45056120886630463,-0.5807123780250549,0.0007666568193385881,-0.14256404340267181,0.4523355576357037,-0.4779857099056244,0.007551227809046669,-0.11200174689292908,0.5556929182928542,-0.11899728327989578,0.5311105046177511,0.4031952917575836,0.027154151640650864,0.03475668,3.4744367e-05,0.10616073,0.33287188,0.1599433,0.24239595,0.12383671,0.34480095,0.8777226,1.8751338,2.5032415,0.23537424,0.484541,0.34983844,1.1215092,1.4165902,2.105544,0.14370367,0.46309006,Medullary_cords,364.00137362378183
CCGAACACTGGGCCTC-1,1,44,18,7408,34190.0,7408,4183.438,High,2,7,0,0,3,6,0,3,4872.1504492369695,0.6365141682948128,-0.2614578604698181,0.16282640817815408,-0.3998106122016907,0.028595309069999866,-0.03428291529417038,0.857271119057131,-0.03612139821052551,0.8497010520797692,0.2220172882080078,0.23833669849621614,-0.2207995504140854,0.24098772574768282,0.04307025,0.0,0.22563559,0.39069077,0.34060338,0.0,0.0,0.2923107,0.79931146,1.7432368,2.5788474,0.30596143,0.4980488,0.35053545,0.93087137,1.3065422,2.472657,0.12828597,0.2768686,Medullary_cords,276.3494165001982
CCGAACCTTCCCGGCC-1,1,49,71,4031,11048.0,4031,3690.6414,Low,2,2,5,2,0,7,2,4,1762.6485752979804,0.0,0.1091817170381546,0.5657487059281613,0.03048880025744438,0.8729321900010928,0.03841909021139145,0.8402586221626824,-0.06871172785758972,0.7182603122984531,0.11586375534534454,0.5420570069144844,-0.08120475709438324,0.6696829071088712,0.085291155,0.0,0.45160812,0.103153765,0.1222372,0.0,0.23770973,0.20975548,0.40133002,2.2955139,2.5731966,0.24174082,0.55160373,0.2583504,1.2010765,0.82076585,2.9738183,0.32815626,0.279674,Medullary_cords,479.00104384019875
CCGAAGCATTGACCAA-1,1,61,5,2480,5226.0,2480,3308.6472,Low,3,1,6,0,5,0,5,6,6343.280696926473,0.34883209584303193,0.16276106238365173,0.3901474749907619,-0.055807191878557205,0.7695920832413077,-0.08249541372060776,0.6647340924491788,0.2206970900297165,0.24121167454020365,0.030277077108621597,0.8738075695453613,0.003156198188662529,0.9867934983394139,0.13074517,0.0010324378,0.14143425,0.61946565,0.10031387,0.0070085293,0.0,0.1336698,0.9465015,1.7507012,2.5416176,0.1336698,0.59033585,0.66089684,1.0626404,1.685342,1.6567473,0.2673396,0.0,T_cell_zone,365.3833603217311
CCGAAGTATATTGTTC-1,1,22,22,6575,23244.0,6575,4382.0337,Medium-High,3,11,2,0,1,6,0,6,4930.854794049405,0.45056120886630463,-0.21528245508670807,0.2532438256984503,0.09718243777751923,0.609432046300746,-0.14185282588005066,0.4546174614992547,-0.21817255020141602,0.24677335621244031,-0.33211758732795715,0.07296105157429852,0.29930049180984497,0.10810748634011796,0.0653037,0.07782202,0.18581659,0.28046402,0.31941035,0.0022756895,0.06890768,0.36501548,0.9178498,2.0743992,2.7241645,0.39727962,0.63153374,0.27068052,1.4249684,1.203805,2.3154542,0.17892659,0.3450982,Medullary_cords,275.98007174431996
CCGACAAAGGGAGTGC-1,1,33,21,5362,20447.0,5362,3660.857,Medium-High,2,7,5,2,3,6,3,4,4650.19763020885,1.0114042647073518,-0.017797034233808517,0.9256306302041183,-0.31781166791915894,0.08699745877093204,-0.01967715285718441,0.9177991582920072,-0.14237578213214874,0.4529389878401403,-0.3076852858066559,0.09811596063200831,-0.16731727123260498,0.3768328546363846,0.040756896,0.0,0.2161064,0.1586779,0.3795023,0.0,0.20495646,0.557812,0.49243754,1.9837601,2.7882028,0.3703211,0.42705613,0.3173028,1.2681317,0.7693993,2.8925166,0.09954585,0.34110233,Medullary_cords,239.26763257908496
CCGACGGGCATGAGGT-1,1,54,26,6133,24433.0,6133,3872.0024,Medium-High,2,9,5,2,5,0,2,4,4678.300759891352,0.0,-0.26454463601112366,0.15773933469344925,-0.1144128292798996,0.5471613583892974,0.12280737608671188,0.5179450132091475,-0.04782256484031677,0.8018540302408442,-0.17144720256328583,0.3649960933999093,-0.02420196123421192,0.898983704542253,0.060060043,0.0,0.1929989,0.24086757,0.16768865,0.0,0.33838484,0.5043907,0.63400835,2.1591399,2.561632,0.34642583,0.7936521,0.26065564,1.2100723,1.2352682,2.868444,0.39193475,0.40445614,Medullary_cords,275.98007174431996
CCGACGTAAACACAAC-1,1,13,97,7461,35229.0,7461,4302.801,High,5,12,3,7,4,3,8,2,3058.0688350656856,1.0114042647073518,0.1559416800737381,0.41057254500174906,-0.2654859721660614,0.15621088777763353,-0.03795343637466431,0.8421705286879443,-0.12989532947540283,0.4938854645902389,0.13276463747024536,0.4843093169789786,0.013959233649075031,0.9416370501896266,0.08478561,0.10249947,0.060950313,0.2187941,0.2753092,0.0,0.25766125,0.43342465,0.60440624,1.9737499,2.754411,0.22690746,1.791646,0.3165395,1.436382,1.0571878,2.015535,0.3288805,0.37389588,Medullary_cords,238.76766950322232
CCGACTCGCATAGTCT-1,1,4,76,5213,14954.0,5213,4226.071,Low,3,5,0,0,6,3,0,3,4154.972442748568,1.2424533248940002,-0.5573698282241821,0.001375725685134161,-0.028142672032117844,0.8826403582863864,-0.3045176863670349,0.10180512237587562,0.05936045199632645,0.75535202719677,0.03596097230911255,0.8503611042074067,0.39792802929878235,0.029423445529705543,0.08214005,0.009950775,0.18003783,0.20289238,0.22692205,0.033891413,0.2641655,0.10613176,0.59733385,1.9838648,2.6708767,0.0,0.80736077,0.51741374,1.4779108,0.84413433,1.9663179,0.12801383,0.4437712,Medullary_cords,138.00362314084367
CCGAGAAGTCGCATAA-1,1,46,112,6551,35434.0,6551,3261.4822,High,2,10,5,2,0,4,2,4,1910.7720952536438,0.0,-0.04918472096323967,0.7963260015417861,0.11486247181892395,0.5455771166467366,-0.008685044944286346,0.9636694141173207,0.38329973816871643,0.03654408046133108,0.0979180783033371,0.6067135768553692,-0.19087406992912292,0.3123203404730878,0.045143016,0.04743507,0.40984935,0.13259068,0.16114981,0.20383203,0.0,0.33976406,0.55293095,2.0553238,2.340981,0.13882168,0.51775116,0.16368872,1.2643495,0.66610634,3.2924008,0.27764335,0.2833872,Medullary_cords,238.76766950322232
CCGAGCTGTGCTTGTC-1,1,18,112,7037,28420.0,7037,4361.893,High,4,12,1,4,4,3,4,7,2909.9501713946925,1.0114042647073518,-0.20685242116451263,0.27275046572553735,-0.1755015105009079,0.3535923842071047,0.107415109872818,0.5720899206251209,0.2897163927555084,0.12043885548403224,-0.09960714727640152,0.6004913108658322,0.000522669346537441,0.9978128992616969,0.15385796,0.13284612,0.07655747,0.15878315,0.23640044,0.039621506,0.20193343,0.24626184,0.46780667,2.38402,2.8361647,0.1042881,0.44898826,0.5642712,2.1883988,0.9113458,1.9926558,0.0,0.31559297,B_cell_zone,0.0
CCGAGGGATGTTAGGC-1,1,6,62,6307,22012.0,6307,4376.123,Medium-High,4,5,7,4,6,3,4,7,4229.655423317602,1.0986122886681096,0.4273828864097595,0.018488799003968888,0.039379727095365524,0.8363172125149858,0.03381572663784027,0.8591968035656575,0.1123240739107132,0.5545488263268757,-0.19787323474884033,0.29456833217135286,0.1448843628168106,0.4449336525741484,0.22377439,0.23419726,0.07915507,0.09139506,0.31270972,0.0004746824,0.058293797,0.046817157,0.5853312,2.2191372,2.8730469,0.093634315,0.40953785,0.4931531,2.0524187,0.74904597,1.9321344,0.0,0.25996897,B_cell_zone,0.0
CCGATCTCAACCTTAT-1,1,37,101,5284,15165.0,5284,4239.53,Low,3,0,2,0,0,4,5,6,903.2768124999113,0.45056120886630463,-0.3569970428943634,0.05279120853888748,0.10395591706037521,0.5845981950121208,0.14642347395420074,0.4400600927320725,-0.07437735050916672,0.6960832742716694,-0.23733976483345032,0.20663831071690356,0.07662549614906311,0.6873497662539898,0.041358385,0.00020402801,0.14713202,0.3007962,0.056682535,0.001950767,0.45187604,0.16142927,1.0533968,1.7951539,2.781183,0.483139,0.64856756,0.32637116,1.1082399,1.5707257,2.0514002,0.12662911,0.4205681,Medullary_cords,497.24139007126104
CCGATTCGAGGGACCC-1,1,38,20,4836,15487.0,4836,3831.9495,Low,1,7,6,5,3,6,3,5,4681.015381303505,0.6365141682948128,-0.09850151091814041,0.604561223370961,0.3888261914253235,0.03370661123108525,0.07115281373262405,0.7086763729574602,-0.1340019851922989,0.48020931732004335,-0.19368189573287964,0.3051204661078982,0.011307829059660435,0.9527087371639134,0.13526222,0.0,0.04880801,0.054018117,0.12976667,0.0,0.63214505,0.37718046,0.3593249,2.0743766,2.8079925,0.062270943,0.4251367,0.18681283,1.3720242,0.70177114,1.9118847,0.0,0.33211172,Medullary_cords,240.0
CCGATTGGTCAATGAA-1,1,2,98,4916,14647.0,4916,4008.7273,Low,1,12,3,5,6,3,3,5,4365.9652999079135,0.6730116670092565,0.140483558177948,0.4590278951978128,0.41175028681755066,0.023773923725837934,-0.2520725727081299,0.17900955484173026,-0.021839849650859833,0.9087999909023354,-0.19666190445423126,0.29759392993341766,0.07838091999292374,0.6805576096582268,0.054934688,0.081368506,0.116242126,0.17192657,0.13103335,0.21430002,0.23019466,0.34369034,0.79519933,2.0358386,2.7635665,0.19515738,0.5525006,0.4087428,1.5340484,0.83660936,2.54489,0.26020983,0.44596845,Medullary_cords,276.0018115882575
CCGCACAAAGACCAAC-1,1,36,76,4114,10538.0,4114,3934.8591,Low,5,2,4,1,4,2,1,1,859.3282259998214,0.6365141682948128,0.377238005399704,0.039874292574473565,-0.04680100828409195,0.8060059830091711,-0.15955939888954163,0.3996631876439926,-0.021230855956673622,0.9113329951199078,-0.41737812757492065,0.021744462015488162,0.008091412484645844,0.9661511895293029,0.09157095,0.13505465,0.09236047,0.10008546,0.07441234,0.0,0.5065162,0.16682227,0.5959623,2.3061604,2.9098969,0.16682227,0.8955697,0.16682227,1.9255381,1.1600968,1.9105115,0.0,0.2224297,B_cell_zone,0.0
CCGCACGTGACCTCGG-1,1,28,26,6177,20215.0,6177,4333.273,Medium-Low,2,11,0,3,1,6,6,3,4432.878297449638,1.0114042647073518,-0.1831682324409485,0.3326181187967303,-0.12393203377723694,0.5140895938437832,-0.18616938591003418,0.3246191694284056,-0.15854541957378387,0.4027041233721345,-0.2856765389442444,0.12593729581640276,-0.12229623645544052,0.5197019015155357,0.0063299406,0.12338918,0.19560023,0.16720471,0.24988815,0.0,0.2575878,0.28309172,0.78043526,1.9782169,2.9525113,0.40917733,0.7647636,0.27244243,1.3126559,1.1243731,2.2519236,0.27244243,0.33328137,Medullary_cords,240.0
CCGCATGTGGTACGAT-1,1,56,66,5770,17702.0,5770,4304.488,Medium-Low,1,2,5,3,2,7,6,3,2634.89677217154,1.0114042647073518,0.07834789156913757,0.6806851807596952,-0.06959551572799683,0.7147855459790046,-0.11589343845844269,0.5419528167335022,0.1850435584783554,0.32760584041809204,-0.2419666349887848,0.19766423783658893,-0.27715498208999634,0.1381379025924516,0.038911063,0.0012684327,0.13100493,0.14137433,0.16067691,0.1630881,0.36367622,0.44791543,0.6344392,2.2173347,2.7939286,0.20649657,0.4634766,0.40360752,1.4522866,0.90259707,2.6430705,0.7084359,0.51150435,Medullary_cords,238.40302011509837
CCGCCACCACAATCCA-1,1,4,66,6858,27554.0,6858,4394.3184,High,4,5,1,4,6,3,4,7,4344.099446375509,0.8675632284814613,-0.4422564208507538,0.014401441414341389,0.047967709600925446,0.801264538760668,0.21170295774936676,0.2614112338515593,-0.21009446680545807,0.2651367670957261,-0.1996990144252777,0.2900449548103419,-0.07629088312387466,0.6886471950352167,0.2066389,0.0,0.060522087,0.20371088,0.45405462,0.0,0.075073406,0.2749834,0.567174,2.2024453,2.7939591,0.14562714,0.6544496,0.7002219,1.839265,0.76359946,2.0256367,0.0,0.24042243,Medullary_cords,0.0
CCGCCGGAACTTCTCG-1,1,54,12,7687,33944.0,7687,4353.635,High,2,7,0,3,5,0,0,3,5571.585950158177,1.0114042647073518,-0.32238084077835083,0.08230729161063373,-0.27571022510528564,0.14028888837209658,-0.20209726691246033,0.28417080149321805,-0.2449759840965271,0.1919742360793331,-0.013777513056993484,0.9423955586373017,0.23238451778888702,0.21655504465993627,0.04308615,0.07618755,0.11940798,0.2328868,0.2726617,0.0,0.25576982,0.25013655,0.7186213,2.2852237,2.844339,0.3458358,0.56424886,0.37533897,1.5580631,1.1869879,2.428596,0.06455267,0.37670347,Medullary_cords,364.6601157242179
CCGCCGGTCAACACAC-1,1,13,55,6147,20891.0,6147,4213.812,Medium-High,0,8,7,1,1,5,1,0,3758.7181325552997,1.0114042647073518,0.013836231082677841,0.9421504620023554,-0.11214068531990051,0.5551996261557459,-0.10996217280626297,0.5629574716507353,-0.16548356413841248,0.3821593154218797,-0.44344061613082886,0.014111311881116986,-0.0289688091725111,0.8792198673396435,0.10297767,0.0,0.31573412,0.17021011,0.38371968,0.0,0.02735846,0.09779049,0.48552993,2.1059332,2.5978296,0.08395187,0.4457742,0.47566187,1.561415,1.0991834,2.3788228,0.0,0.37227097,Medullary_cords,137.55726080436466
CCGCCTGCGAATTGGT-1,1,15,97,6843,27652.0,6843,4331.577,High,1,12,3,7,4,3,8,2,2823.3499605964544,0.8675632284814613,0.0334642231464386,0.860646173172104,-0.3129062354564667,0.09225683409433966,-0.03251317888498306,0.86456986728099,0.15554934740066528,0.41176559716508937,0.1487726867198944,0.4326775085797206,0.07474924623966217,0.6946358801778835,0.021870587,0.09854653,0.08895417,0.25259933,0.25835413,0.0,0.27967522,0.4791066,0.66443247,1.6733038,2.9854167,0.28127313,1.6691813,0.42548886,1.2609918,1.2023847,2.1887739,0.1543536,0.32645124,Medullary_cords,365.0986168146902
CCGCGATTTGGTAGGT-1,1,39,9,5247,17821.0,5247,3890.5476,Medium-Low,5,7,3,5,3,6,3,1,5439.626182009201,0.6931471805599453,-0.24361589550971985,0.19453158900073805,0.07256447523832321,0.7031537763120163,-0.011789579875767231,0.9506963498436777,0.2504478991031647,0.18192181556793147,-0.13527055084705353,0.47602452071561446,0.19887864589691162,0.2920719235177579,0.12217008,0.17878683,0.019518407,0.13988273,0.29654586,0.031705752,0.2113904,0.055676702,0.6152152,2.3189645,2.8277001,0.22270681,0.6508913,0.3167677,1.9244273,1.0768293,2.1284893,0.0,0.37117803,Medullary_cords,0.0
CCGCGGAATGCGTCAC-1,1,51,45,4971,16522.0,4971,3694.097,Medium-Low,2,9,5,2,5,7,2,4,3344.721363581726,0.45056120886630463,-0.1337982714176178,0.48088309834917947,-0.448801189661026,0.012858194285137528,0.10927026718854904,0.5654316980672839,0.24323098361492157,0.19525960137164383,-0.2125454843044281,0.25947352134564455,0.027865465730428696,0.8837885541587402,0.07248899,0.0,0.26338196,0.15912087,0.07276451,0.19287026,0.23937331,0.26612347,0.44499505,2.4632928,2.4434502,0.43037558,0.7002673,0.2174732,1.3778125,0.9973529,2.9558597,0.396611,0.46878088,Medullary_cords,552.6988330003963
CCGCGGGTACGAAGAA-1,1,32,26,6911,26740.0,6911,4370.8135,High,3,7,0,0,3,6,0,3,4327.311521025497,0.6931471805599453,0.11996039003133774,0.5277674741545296,-0.06632333993911743,0.7276780962665578,-0.23437172174453735,0.21253998210121194,0.18612487614154816,0.3247369288343262,-0.14782705903053284,0.435641033803108,0.001274697482585907,0.9946660819225562,0.05158422,0.05694454,0.123624235,0.20011635,0.16327682,0.13119364,0.27326018,0.2891785,0.69739795,2.1007884,2.732574,0.35864624,0.504696,0.32269758,1.4318813,1.0761694,2.1872401,0.18807971,0.32436162,Medullary_cords,497.24139007126104
CCGCGTAGGTAAGGGC-1,1,30,22,4800,16000.0,4800,3667.8323,Medium-Low,2,7,5,2,3,6,2,4,4642.610687964262,0.45056120886630463,-0.12656264007091522,0.5051271064984573,-0.04670799896121025,0.8063842631592195,-0.22927598655223846,0.22293861766028647,0.33785372972488403,0.06785251389425827,-0.2517290711402893,0.17962253915352785,-0.08541622757911682,0.6535858394824939,0.08183075,0.0013737746,0.30510882,0.11739658,0.21159439,0.0,0.2826957,0.2780187,0.4594629,2.2552187,2.566115,0.27854058,0.22278464,0.3241683,1.3838886,0.7125514,2.7939548,0.32416826,0.4176472,Medullary_cords,478.17360864020924
CCGCTATCAGCACCAG-1,1,45,63,3761,8487.0,3761,3962.4058,Low,5,2,7,1,0,7,1,1,1914.578282546838,1.3296613488547582,-0.5151941776275635,0.003574776122783877,-0.09677638858556747,0.6109347402366962,0.031021282076835632,0.8707312704749666,-0.030877431854605675,0.8713257573606754,-0.12875817716121674,0.4977069583924179,-0.12021289020776749,0.5268927042906787,0.16358525,0.010381873,0.3376762,0.015381122,0.20058066,0.0,0.27239484,0.09731653,0.615106,2.104727,2.9644825,0.19463307,0.19463307,0.44331363,1.7288648,0.5499708,2.0921934,0.37794626,0.3315741,Medullary_cords,138.0
CCGCTCCAGGGCGATC-1,1,71,69,4805,13591.0,4805,4053.083,Low,5,4,3,1,2,1,1,1,4163.500930707233,1.0114042647073518,-0.14351430535316467,0.4492962651950024,-0.09290650486946106,0.6253333707897507,0.021017469465732574,0.912220742235223,-0.1256796270608902,0.5081268328366431,-0.44186732172966003,0.01449784920063633,0.28315940499305725,0.12945539099560383,0.17658365,0.0010872975,0.10200859,0.16204254,0.32004768,0.0,0.23823026,0.21461254,0.47606543,2.3849995,2.942807,0.13786437,0.56814766,0.13786437,2.032171,1.1098034,2.218327,0.0,0.18381916,Medullary_cords,0.0
CCGCTCTTCCGAACTA-1,1,63,99,6771,29050.0,6771,3954.419,High,2,13,5,2,7,1,3,4,3089.218995150716,0.6365141682948128,0.059187669306993484,0.7560426985221714,-0.1837514191865921,0.3310544171686276,0.08927136659622192,0.6389829178882025,0.06478695571422577,0.733757010369386,-0.253436416387558,0.1765902638048408,-0.09002538025379181,0.6361419692472464,0.026761407,0.043332916,0.24986212,0.080375984,0.16031212,0.099980064,0.33937544,0.396751,0.4462926,2.166013,2.4793668,0.1479122,0.31677532,0.21431956,1.3851981,0.7618443,2.908782,0.55232006,0.59478056,Medullary_cords,413.0012106519786
CCGCTGGTGCCATTCA-1,1,6,74,5088,14619.0,5088,4122.5034,Low,5,5,0,1,6,3,1,3,3951.66154927266,0.6365141682948128,-0.599373996257782,0.00046503287205659424,-0.1568903625011444,0.4076957133236399,-0.4482825994491577,0.01297520725109864,0.08237208425998688,0.6652063869891885,0.021748214960098267,0.9091810741817627,0.3551359474658966,0.05412780916580279,0.07407526,0.0,0.1006062,0.14202733,0.39893025,0.26613536,0.018225558,0.24725048,0.53137255,2.1670966,2.5909858,0.0,0.559654,0.47716725,1.572084,0.94574386,2.3272486,0.26061213,0.27285135,Medullary_cords,365.65831044842946
CCGCTTACCTCACTCT-1,1,47,35,4932,16146.0,4932,3813.7153,Medium-Low,2,9,0,5,3,6,3,3,3804.587362645258,0.6365141682948128,-0.21335142850875854,0.2576287647688403,-0.09077303111553192,0.6333299807327855,-0.06478124111890793,0.7337796506842709,-0.053654853254556656,0.7782539892781413,0.07768883556127548,0.6832325623683373,0.22071000933647156,0.2411834290411374,0.06877864,0.0,0.16003236,0.29425487,0.10676161,0.22478047,0.1453921,0.25413457,0.8081307,2.0467894,2.5337374,0.060255945,0.5388473,0.43349534,1.2752247,1.1850492,2.604771,0.32199395,0.4833054,Medullary_cords,600.204131941792
CCGCTTCGCGGTTAAC-1,1,2,38,5805,18611.0,5805,4278.9907,Medium-Low,0,8,2,4,1,5,4,0,5516.530884532416,1.0114042647073518,-0.7285889983177185,4.994054240681931e-06,-0.11918266862630844,0.5304662271968044,0.23781166970729828,0.2057104404199477,0.04655212536454201,0.8070183158829901,-0.33260130882263184,0.07251910336661273,0.009630240499973297,0.9597185687724217,0.08479161,0.095094636,0.04446586,0.3867777,0.19452816,0.014323657,0.1800184,0.1987572,0.8173134,1.9761013,2.7144308,0.25251904,0.5838016,0.4388063,1.6907188,1.3486048,1.8809808,0.2899907,0.33669204,Medullary_cords,138.42326394071193
CCGCTTGCTGACATGG-1,1,27,113,7310,30204.0,7310,4457.874,High,4,0,1,4,0,2,4,7,2167.155970390687,1.2424533248940002,-0.4789826273918152,0.007409191467895207,0.02365821972489357,0.9012421032506552,0.49243295192718506,0.005703297492252507,-0.3330915570259094,0.07207330797120987,-0.34419018030166626,0.06253726880675717,-0.022805562242865562,0.9047850819972449,0.14226183,0.0,0.06283473,0.2700133,0.511263,0.013627061,0.0,0.2065111,0.54518145,2.1048613,2.5055625,0.13501307,0.47906566,1.0188292,1.5563724,1.0494454,2.1081896,0.07149803,0.3576106,Medullary_cords,138.0
CCGGAATGGTTTCAGT-1,1,24,32,5011,14475.0,5011,4135.2847,Low,5,11,4,1,1,6,1,1,4203.661499217082,0.6365141682948128,-0.33597618341445923,0.06949305074140706,0.11486610770225525,0.545564314980978,-0.0014107748866081238,0.9940966810888937,0.057829007506370544,0.7614801167198164,-0.10117840766906738,0.594727653054,0.07672303915023804,0.6869717165286825,0.05936525,0.13728233,0.096367545,0.04419094,0.25524467,0.37084198,0.036707316,0.37480205,0.39622256,2.3970013,2.9459887,0.0,0.52040976,0.2397837,2.0366821,0.7672163,2.0253935,0.26261458,0.5101569,B_cell_zone,0.0
CCGGAGCGTACTTTCT-1,1,58,56,5587,17761.0,5587,4103.053,Medium-Low,2,2,5,2,2,7,2,4,3254.475380149618,0.45056120886630463,-0.0915924683213234,0.6302537394879408,-0.09256614744663239,0.626606326208682,0.009755629114806652,0.9591945221804775,-0.08224768936634064,0.665682888891536,-0.09898553788661957,0.6027780515487526,0.08990178257226944,0.6366073114782181,0.04451922,0.0026087773,0.35048664,0.15107866,0.3115712,0.0,0.13973548,0.36731344,0.643679,2.0953488,2.7937553,0.22333385,0.4623471,0.25909027,1.4599905,0.74218476,2.7979915,0.24731877,0.32588845,Medullary_cords,137.00364958642524
CCGGAGGTCTTATGGT-1,1,18,118,6327,25351.0,6327,4099.2,High,0,12,1,4,4,3,4,0,3162.846818927531,1.0397207708399179,-0.06534010171890259,0.7315665726213915,-0.04991091415286064,0.7933828221323964,-0.023725107312202454,0.9009642484304525,-0.02193327248096466,0.9084114916700562,-0.3932432532310486,0.03156910017032728,0.15386651456356049,0.416904956043189,0.32063186,0.0030630457,0.10738217,0.12496232,0.06628295,0.01431339,0.3633643,0.15582888,0.4017148,2.3252218,2.8738022,0.20781782,0.6886208,0.53174067,2.0946767,0.8631127,1.8317628,0.083127126,0.30470753,B_cell_zone,0.0
CCGGCACGACCGTTTC-1,1,35,111,6216,20994.0,6216,4322.8257,Medium-High,2,0,7,2,0,4,0,3,1624.086820339356,1.2424533248940002,-0.4065115749835968,0.02580011268535205,-0.08866879343986511,0.6412568817212887,0.35367903113365173,0.05519264208994481,-0.08768273890018463,0.6449848754835479,-0.2552879750728607,0.17334281529907122,-0.07704342901706696,0.6857304949775056,0.13060568,0.0,0.11165184,0.19018412,0.28359458,0.2344331,0.04953072,0.3424474,0.5199442,2.3947747,2.85856,0.18104462,0.8573115,0.38477135,1.7785664,0.9744994,2.4179008,0.0,0.46576118,Medullary_cords,137.55726080436466
CCGGCCGCGAGCATAT-1,1,58,2,6799,26777.0,6799,4276.485,High,5,1,4,5,5,0,1,5,6386.19573768296,1.0397207708399179,-0.17817948758602142,0.3461781013193096,-0.17591440677642822,0.3524430917443837,-0.33965742588043213,0.06630500770361716,0.6274338364601135,0.00020639935450580073,0.20172809064388275,0.2850700491434887,0.10810550302267075,0.5696079651089963,0.07287444,0.052316327,0.019772002,0.1885883,0.12069484,0.32220837,0.22354576,0.14907245,0.50396883,2.0890002,2.9035084,0.21880749,0.82465154,0.28269458,1.5963558,1.0782526,1.924772,0.13947007,0.64814264,Medullary_cords,138.0
CCGGCGCATATTGGAT-1,1,14,56,5510,20031.0,5510,3760.5942,Medium-Low,2,8,0,2,1,5,2,4,3621.499827419573,1.5607104090414068,0.004948057234287262,0.9792971130367264,-0.11502433568239212,0.5450073429211988,-0.19468487799167633,0.30257404844913927,-0.40952402353286743,0.02461843329888884,-0.39518195390701294,0.030666282029376105,0.06831791996955872,0.7198104172730788,0.12187209,0.10525516,0.14359796,0.2786884,0.35058638,0.0,0.0,0.27440578,0.54448295,2.1491313,2.4944751,0.05061864,0.5766153,0.45255235,1.5933715,0.9801099,2.549497,0.0,0.22005183,Medullary_cords,240.0
CCGGCGTGAGACTCTG-1,1,47,11,6691,25160.0,6691,4369.7104,Medium-High,5,7,0,0,3,6,0,1,5409.166756534688,1.3208883431493221,-0.12151053547859192,0.5224081662124017,-0.07827423512935638,0.6809697072157238,0.3948323428630829,0.030827522642072478,-0.6018154621124268,0.0004345970380186473,-0.5961872339248657,0.000507575626918166,0.39765170216560364,0.029546624130151716,0.1464191,0.0035772503,0.12939039,0.24468936,0.1538198,0.0061766687,0.31592745,0.11495486,0.67441905,2.258345,2.855621,0.18179175,0.5944445,0.27791238,1.6664293,1.2633456,1.820634,0.22990972,0.36181986,Medullary_cords,237.9012400135821
CCGGGACCCGCAGAGA-1,1,16,52,7507,30970.0,7507,4475.612,High,1,8,0,3,1,5,6,3,3616.89051534602,0.8675632284814613,0.2754116356372833,0.14073645402030988,-0.25056442618370056,0.18171183946342573,-0.3388519883155823,0.06699261306727887,-0.5072723627090454,0.0042210211256895,-0.7131422162055969,9.742727418689888e-06,0.35064223408699036,0.05746518981893044,0.06479597,0.0,0.22000337,0.12973581,0.12188043,0.018038929,0.4455455,0.37196404,0.6554522,2.1448102,2.7196677,0.526892,0.63126796,0.40374506,1.6623831,1.0461407,2.3307743,0.40864664,0.6197783,Medullary_cords,137.0
CCGGGCGGTCTCGTCA-1,1,32,76,5171,13662.0,5171,4362.3354,Low,5,3,4,1,4,2,1,1,1094.6414938234343,0.6365141682948128,0.21557289361953735,0.2525885804391932,0.18406830728054047,0.3302066313142521,-0.18261677026748657,0.334100896838383,0.3294054865837097,0.07547762953759612,-0.051989585161209106,0.7849736953662236,0.11454496532678604,0.5466955755145321,0.19723651,0.00266837,0.0,0.3298622,0.1819711,0.032339238,0.2559226,0.18138474,0.548844,2.329495,2.9645793,0.068660386,0.5190019,0.34330192,2.0619397,1.1551983,1.8578786,0.0,0.24184632,B_cell_zone,0.0
CCGGGCTAAGAATTTC-1,1,70,20,5395,16395.0,5395,4206.262,Medium-Low,5,1,4,1,5,0,1,1,6049.9806611261165,0.45056120886630463,-0.19479134678840637,0.30230452731063673,-0.19690078496932983,0.29699571842349826,0.16482380032539368,0.3840863850974699,-0.005882225930690765,0.9753895894206809,-0.0653490498661995,0.7315311552291073,0.43383732438087463,0.01661072955462977,0.15456215,0.00094735244,0.018496,0.24347126,0.29621494,0.0,0.28630835,0.09969025,0.8136803,2.2632794,2.9165075,0.09969025,0.68206036,0.56556726,2.041929,1.1005294,1.7324914,0.35718328,0.15874813,B_cell_zone,0.0
CCGGGCTGCTCCATAC-1,1,36,86,5232,14747.0,5232,4288.6025,Low,3,0,0,0,0,4,0,6,275.98007174431996,1.3296613488547582,0.09598049521446228,0.6138846507900475,0.10071166604757309,0.5964372477994222,0.10016439855098724,0.5984444846653154,0.15196114778518677,0.42276684834983536,0.3651055693626404,0.0472691262453587,0.07829377055168152,0.6808942399161998,0.038589798,0.17063224,0.12813178,0.2034239,0.25016636,0.022669345,0.18638664,0.10713658,0.660218,1.9441068,2.7134237,0.064711496,0.39759976,0.50473636,1.3217819,0.952167,2.2033653,0.21427315,0.53403485,Medullary_cords,138.42326394071193
CCGGGTTCGAGGTTAC-1,1,38,32,3707,11511.0,3707,3394.6309,Low,2,7,6,5,3,6,3,5,3855.012970146793,0.45056120886630463,-0.16711802780628204,0.3774095014872571,-0.06712257862091064,0.724522165872057,0.09928078204393387,0.6016914623014212,0.13551872968673706,0.47520803437082626,-0.06987351924180984,0.7136936772297655,0.4030146300792694,0.027229548640065274,0.07093004,0.0,0.24036613,0.13937338,0.016787058,0.34043825,0.19210511,0.24468869,0.42043608,2.0497224,2.6301727,0.15632543,0.564423,0.31666517,1.4590604,1.0095896,2.5683486,0.0,0.42222026,Medullary_cords,238.40302011509837
CCGGTAATGGCTAGTC-1,1,38,114,6166,19746.0,6166,4396.5845,Medium-Low,3,0,0,0,0,4,0,3,1790.0044692681636,1.0114042647073518,0.13382580876350403,0.4807919904475802,-0.23700755834579468,0.20729322263481803,-0.04697719216346741,0.8052895395676415,-0.09042032063007355,0.6346559387846245,0.3027653992176056,0.1038902537947337,0.02038322389125824,0.9148599874853516,0.10933948,5.4676784e-05,0.016833894,0.25650847,0.18744083,0.0,0.4298227,0.41133618,0.8526821,2.142497,2.7343597,0.24110824,0.651893,0.39256746,1.5534123,1.22338,1.9809129,0.102440186,0.27059892,Medullary_cords,366.3659372812926
CCGGTATCTGGCGACT-1,1,77,85,4621,12473.0,4621,4100.6753,Low,0,6,7,4,2,1,4,0,4676.067685566581,0.6931471805599453,-0.27517569065093994,0.14109085298016358,0.30917444825172424,0.09641688419495466,0.2771722674369812,0.13811231405902769,0.10130441188812256,0.5942664841697101,0.08537977188825607,0.6537245414852455,0.376679390668869,0.040193039444567924,0.2285268,0.0,0.1527017,0.22990082,0.37761644,0.011254235,0.0,0.19319886,0.46751398,2.2347503,2.5086703,0.0,0.56714225,0.61315405,2.2627468,0.9264648,2.0989223,0.0,0.20421705,B_cell_zone,0.0
CCGGTTTGTAATTGTG-1,1,56,42,5211,19887.0,5211,3474.2834,Medium-Low,2,2,5,2,5,0,2,4,3830.7723764275006,0.0,0.25676921010017395,0.17077542426591769,-0.04546809941530228,0.8114311431628094,-0.04607721045613289,0.8089508821310444,0.05075085163116455,0.7899821185933721,-0.22758102416992188,0.22647241446288374,0.13038422167301178,0.4922470774235546,0.12853092,0.0,0.3601314,0.17311713,0.15642893,0.006582638,0.17520899,0.1379177,0.42470682,2.200236,2.5258915,0.10183934,0.37739825,0.22491571,1.326855,0.8206344,2.9214497,0.0,0.39335915,Medullary_cords,366.3659372812926
CCGTAAGTTGGTCCCA-1,1,33,77,5106,13640.0,5106,4323.7793,Low,5,3,4,1,4,2,1,1,964.8694212171924,1.2424533248940002,0.25878795981407166,0.16731988364234804,0.30437079071998596,0.10197870183869595,0.08150668442249298,0.6685239907330287,0.42805302143096924,0.018285989284458178,-0.0629289448261261,0.7411295856102071,0.032194264233112335,0.8658863154220997,0.12936437,0.0009032027,0.0,0.25151262,0.3758441,0.04466975,0.19770595,0.284012,0.7137692,2.1872897,2.6956172,0.2062367,0.439811,0.18158966,1.7955997,1.1357242,1.88195,0.13749114,0.37868267,Medullary_cords,137.92751719653333
CCGTACCCAAGCGCCA-1,1,12,34,7166,29012.0,7166,4393.437,High,1,11,0,3,1,5,6,3,4849.396869714831,1.0114042647073518,-0.47202131152153015,0.008450065585095104,-0.12367615848779678,0.5149655137148574,0.15330709517002106,0.41862130223229177,0.22022800147533417,0.24223873470488244,-0.5024107694625854,0.004665225602965336,0.15077529847621918,0.4264380425244284,0.012176529,0.0,0.19772322,0.14156453,0.06998653,0.12921834,0.44933087,0.26140597,0.5828085,1.7649021,2.9123147,0.07404215,0.53609127,0.2849333,1.3157084,1.1449773,2.2010236,0.7207958,0.6700784,Medullary_cords,137.92751719653333
CCGTAGGAAATCCCTG-1,1,60,96,5781,20796.0,5781,3972.1519,Medium-High,1,13,5,5,7,1,3,5,2692.2490598011173,0.6365141682948128,-0.3581245243549347,0.05199424093988063,0.13175994157791138,0.4876515622158987,-0.25370845198631287,0.1761104747059428,-0.16108760237693787,0.39510484285626685,-0.08783170580863953,0.6444211295954846,-0.0924360454082489,0.6270931931000048,0.031465895,0.070148766,0.25830165,0.21408445,0.055112604,0.0012628067,0.3696238,0.36662728,0.5772226,2.095691,2.7969148,0.1963199,0.27235132,0.3017726,1.3212036,1.112232,2.3267548,0.33692348,0.4653347,Medullary_cords,364.00137362378183
CCGTAGGGTTGTTTAC-1,1,60,104,4607,13115.0,4607,3932.0728,Low,1,13,3,5,7,1,3,5,2856.633158107635,0.0,-0.2851923406124115,0.12660851112751334,0.2509201467037201,0.1810718999092243,0.09816871583461761,0.6057885480375671,-0.28809207677841187,0.12262786702093004,-0.12526863813400269,0.5095260291512039,0.010624593123793602,0.9555632615462628,0.022930061,0.12537032,0.14473931,0.1723712,0.18016095,0.18198025,0.17244786,0.18661937,0.6381539,2.236477,2.7640564,0.14168128,0.7229144,0.36128622,1.7681813,1.0520864,2.4214587,0.43920988,0.43773422,Medullary_cords,238.76766950322232
CCGTATCTCGTCGTAG-1,1,53,27,6477,28049.0,6477,3766.991,High,2,9,5,2,5,0,2,4,4566.714902421652,0.0,-0.21855957806110382,0.2459152518278379,0.16914589703083038,0.3715645070519437,0.0056904698722064495,0.9761916410254684,-0.2133045792579651,0.257735763782556,-0.1769469678401947,0.3495787660250705,0.1102856919169426,0.5618022772453919,0.03415792,0.0,0.25526726,0.33060113,0.19518037,0.1032338,0.08155947,0.32193005,0.8610399,1.9278698,2.5915797,0.28650656,0.6582037,0.22869138,1.0576134,1.4091258,3.3424575,0.22156876,0.22286303,Medullary_cords,238.40302011509837
CCGTATTAGCGCAGTT-1,1,17,111,4642,13275.0,4642,3980.7827,Low,5,12,7,1,4,3,1,1,2971.9168898204402,0.6365141682948128,-0.17983458936214447,0.3416429423650476,-0.2200002521276474,0.2427384343458969,0.18282534182071686,0.33353961415189765,0.18097667396068573,0.3385345665370289,-0.28031277656555176,0.1335203113098583,-0.12180359661579132,0.5213979480203217,0.114352025,0.12324276,0.0,0.23637024,0.20808727,0.31794775,0.0,0.14771156,0.7675915,2.3452528,2.8277206,0.14037432,0.49864733,0.5104796,1.7653968,0.86085564,1.6059148,0.0,0.18716577,B_cell_zone,137.0
CCGTCAACCTCTGGCG-1,1,68,14,6752,28889.0,6752,4056.7952,High,5,1,3,1,5,0,1,1,6233.815926060057,0.6365141682948128,-0.37362873554229736,0.04196995301701702,0.23240984976291656,0.21650354010466175,0.17232602834701538,0.3625059455378744,-0.4082483649253845,0.02511330367183714,-0.2944493591785431,0.11422535674209218,0.06583982706069946,0.729589454826996,0.049686838,0.10819265,0.14097768,0.08212068,0.17528518,0.30230346,0.14143349,0.3091777,0.60352933,2.2177134,2.8907983,0.14578938,0.4835258,0.2891236,1.6771464,0.96283364,2.3055632,0.14862972,0.4805215,Medullary_cords,238.76766950322232
CCGTGCCCATGACGGC-1,1,12,48,6673,24082.0,6673,4399.281,Medium-High,1,8,0,3,1,5,6,3,4156.509352810361,1.0986122886681096,0.1579737365245819,0.4044243695898306,0.19862118363380432,0.2927099117485923,-0.18346084654331207,0.33183296843086557,-0.21752239763736725,0.24821930917750318,-0.3188048005104065,0.08596108705222484,-0.3162759840488434,0.08861873112762861,0.06095765,0.0017993901,0.12067424,0.18328033,0.17269742,0.16541226,0.29517874,0.5854543,0.48804057,2.246288,2.9609215,0.3538629,0.7529418,0.23798066,1.6268296,1.2353466,2.323611,0.35341638,0.4716226,Medullary_cords,413.0012106519786
CCGTGGAACGATCCAA-1,1,24,106,6595,24636.0,6595,4332.8047,Medium-High,5,0,4,1,4,2,1,1,2085.095921054952,1.0114042647073518,-0.36667197942733765,0.04625731045604481,-0.01222284510731697,0.9488867517822199,0.20610009133815765,0.2745372566652613,0.05386912077665329,0.777390500808534,-0.5297794938087463,0.0026050132343595762,0.022988513112068176,0.9040247277197321,0.080513336,0.23113999,0.0,0.10753519,0.14706823,0.0,0.4337432,0.07429376,0.53761184,2.1010244,2.9493756,0.07429376,0.53813654,0.6522346,1.8056421,0.9028504,1.5566314,0.0,0.40228766,B_cell_zone,137.55726080436466
CCGTGTTAAATTCCAT-1,1,48,36,4951,14404.0,4951,4013.2534,Low,2,9,5,3,3,7,6,3,3774.205214346459,0.45056120886630463,-0.07776682078838348,0.682930955497404,-0.39370691776275635,0.0313512446103919,-0.08221927285194397,0.6657917579233338,0.05922458693385124,0.7558951106790496,0.35918647050857544,0.05125232318521588,0.23314832150936127,0.21500575247296777,0.022334073,0.086379714,0.2316163,0.06233321,0.24999718,0.0,0.34733954,0.28357184,0.5305976,2.0710678,2.697485,0.4097482,0.38137162,0.31546646,1.1942935,1.0872461,2.6537504,1.1769005,0.44941434,Medullary_cords,553.1952638987431
CCGTTACGTTAGAACA-1,1,20,88,7023,25938.0,7023,4533.371,High,0,5,7,4,4,2,4,0,2156.0057977658594,1.3296613488547582,-0.5667612552642822,0.0010929812964915818,-0.2257409542798996,0.23035128455351722,-0.10959767550230026,0.5642602837222195,0.22039978206157684,0.24186228763099013,-0.007451403886079788,0.9688271943927492,0.1574283242225647,0.4060694309623242,0.20349634,0.0,0.13266571,0.17344901,0.21909319,0.0,0.27129576,0.11221216,0.52845484,2.3865159,2.7379532,0.11221216,1.0509405,0.7217724,2.075519,0.7899516,1.8773764,0.08152422,0.3320583,B_cell_zone,0.0
CCGTTCCGAATCTCGG-1,1,40,22,3049,7950.0,3049,3357.832,Low,5,7,6,5,3,6,3,5,4548.930093989135,0.8675632284814612,-0.0865657702088356,0.6492180276933383,0.35695672035217285,0.05281988843979362,-0.019481107592582703,0.9186154284315114,-0.1609864979982376,0.3954054971599203,-0.2718350291252136,0.14617843677596712,-0.021214302629232407,0.9114018578338822,0.252831,0.0014554581,0.1948732,0.4767196,0.0,0.056325726,0.017795041,0.46260005,0.6340938,2.1250308,2.4850426,0.10181104,0.0,0.20362207,1.7983453,1.0601461,1.9435138,0.0,0.54299223,Medullary_cords,239.0
CCGTTTCCTTTCCGTG-1,1,76,46,4806,13024.0,4806,4148.356,Low,5,4,4,1,5,0,1,1,5392.483750555026,1.0821955300387671,-0.3062398135662079,0.09978671136644492,0.13966597616672516,0.4616721041692309,-0.1561160683631897,0.41004286802452544,-0.04703325778245926,0.8050615837492234,0.031544968485832214,0.8685676277769039,0.07979850471019745,0.675090423231732,0.23161605,0.00046269334,0.03407438,0.30096284,0.0,0.0,0.43288407,0.187523,0.5588378,2.3259802,2.880273,0.07121792,0.40811145,0.29180637,2.0119948,0.88585395,2.0929883,0.14243583,0.18991445,Medullary_cords,0.0
CCTAAACAGGGTCCGT-1,1,0,56,7283,31747.0,7283,4282.915,High,1,8,2,1,6,5,1,5,5056.4722880680365,0.5623351446188083,-0.4559800624847412,0.011326887062920869,0.04623129218816757,0.808323757647535,0.24400301277637482,0.19380130613323282,0.057471584528684616,0.762912400925484,-0.3156072795391083,0.08933185362760147,0.08290637284517288,0.6631612186229133,0.08579427,0.0,0.04835608,0.19503781,0.28442323,0.0,0.38638863,0.22091487,0.5764978,2.045179,2.8814137,0.25429925,0.7182882,0.5514811,1.4987676,0.9823652,2.03827,0.06845734,0.3668197,Medullary_cords,238.76766950322232
CCTAAAGGCTGACGCT-1,1,14,82,6311,23587.0,6311,4208.016,Medium-High,3,5,2,7,6,3,8,2,2903.537325401552,0.0,0.0017844047397375107,0.9925332837636148,-0.3619558811187744,0.04935685921771191,-0.4539617598056793,0.011741080480174472,0.041998736560344696,0.8255916228295533,-0.06362658739089966,0.7383586698062324,0.0282575786113739,0.8821644803756392,0.02506122,0.0012892407,0.15423636,0.47486508,0.29303864,0.007792843,0.043716658,0.07675791,0.9519591,1.3362887,2.4722316,0.12093833,1.2735862,0.35121205,0.78633624,1.5939018,1.7474697,0.17672169,0.26359499,Medullary_cords,496.9557324349926
CCTAAATTAACGGTTC-1,1,42,68,4956,13272.0,4956,4261.2725,Low,4,2,1,4,0,7,4,7,1457.3654311805258,0.45056120886630463,-0.019909245893359184,0.9168329026295763,-0.21451468765735626,0.25498133548448937,-0.05394454300403595,0.7770866144095254,0.014322176575660706,0.9401222634455407,0.049406539648771286,0.7954267028061057,-0.12610727548599243,0.5066729454608274,0.19832358,0.0,0.16179663,0.05702055,0.34859142,0.0068191406,0.22744866,0.07020739,0.4437772,2.242351,2.6912994,0.07020739,0.40305278,0.8048748,1.9763837,0.4778219,2.2779262,0.14041477,0.28082955,Medullary_cords,0.0
CCTAAATTGTATCCTA-1,1,52,114,7271,30495.0,7271,4194.1724,High,1,10,3,5,0,4,3,5,2453.0317975925223,0.5982695885852573,0.3248463273048401,0.079858341817631,-0.1983048915863037,0.29349488909814875,0.1363154947757721,0.47259166529976016,-0.11206222325563431,0.5554781759179521,0.05961987376213074,0.7543153771368284,-0.23398129642009735,0.21332477986525888,0.040494137,0.0029079618,0.18153362,0.14814048,0.23776674,0.1318549,0.2573022,0.330392,0.6120632,2.0935001,2.686244,0.18912171,0.40023038,0.31831867,1.656164,1.0831857,2.6332524,0.35131133,0.62465686,Medullary_cords,238.40302011509837
CCTAACCCAAACAAGT-1,1,49,89,7579,30697.0,7579,4560.5923,High,1,10,0,3,0,4,6,3,1319.965151055133,1.0114042647073518,-0.14190852642059326,0.45443852829038445,0.24388979375362396,0.19401469264242094,0.24455787241458893,0.19275790414229999,-0.03600332885980606,0.8501868238745794,-0.11322969198226929,0.5513401984431358,-0.4554136097431183,0.011441877128313944,0.091038756,0.0,0.1943731,0.14490592,0.032907862,0.24034609,0.29642835,0.28410447,0.5834186,2.3454332,2.819601,0.16845877,0.9030187,0.22474463,1.787069,1.2602156,2.2483487,0.47939938,0.40869462,Medullary_cords,138.00362314084367
CCTAACTAAGGCTCTA-1,1,21,93,7512,32353.0,7512,4423.283,High,3,5,3,0,4,2,0,3,2065.180137421431,0.6365141682948128,-0.4646263122558594,0.00968848373252572,-0.4388575553894043,0.015261900729824678,0.3356442153453827,0.06978628799873365,0.5882135033607483,0.0006293718547811857,-0.04899873957037926,0.7970802056515964,-0.0927610695362091,0.6258771779696524,0.05485177,0.06119345,0.15795827,0.3095633,0.19771351,0.0,0.21871966,0.33726537,0.75885904,1.6869633,2.7661045,0.25499848,0.8307833,0.5422203,1.173829,1.2390095,2.1014068,0.2986999,0.39109024,Medullary_cords,238.76766950322232
CCTAAGTGTCTAACCG-1,1,2,22,6974,28739.0,6974,4364.8965,High,4,8,1,4,1,5,4,7,6263.985711988813,0.410116318288409,-0.4306013584136963,0.017531486985209857,-0.3177661895751953,0.08704514433715586,-0.1046743169426918,0.5819906263982865,0.00961349904537201,0.9597885389124697,-0.16434326767921448,0.3854934784886828,0.19391098618507385,0.304537659939346,0.17245248,0.093144774,0.27035275,0.06371995,0.2389222,0.0025055222,0.15890221,0.07465018,0.32413054,2.1343257,2.6449862,0.10335493,0.4729619,0.9656377,2.0119877,0.6204077,2.1097286,0.07465018,0.38666227,Medullary_cords,0.0
CCTACAAGTCCGGAAT-1,1,9,105,6590,24742.0,6590,4260.678,Medium-High,5,12,4,1,4,3,1,1,3665.0811723616707,1.0114042647073518,0.11521026492118835,0.5443532020204346,-0.043704595416784286,0.8186220319425407,0.01828288845717907,0.9236061643112514,-0.2970339357852936,0.11093463109488094,-0.32763928174972534,0.07715215547593578,0.31169378757476807,0.09359319732459061,0.13252269,0.09391887,0.19372323,0.33985567,0.13117644,0.0,0.10880309,0.13819925,0.6701559,2.205506,2.943614,0.18413927,0.5639577,0.22657306,1.7521863,1.1094081,2.333122,0.1697352,0.28768173,Medullary_cords,137.55726080436466
CCTACAGTTGAGGGAG-1,1,77,83,4577,12788.0,4577,4038.6863,Low,4,6,7,4,2,1,4,7,4683.852367442851,0.5623351446188083,-0.3400496542453766,0.06597215614809447,0.2673821747303009,0.1531643181825808,0.2810579240322113,0.13244735432928906,0.06605664640665054,0.7287321563286666,0.19276227056980133,0.3074670267756954,0.41581156849861145,0.022294511327713977,0.21289557,0.0,0.028560778,0.26242393,0.49611977,0.0,0.0,0.17722207,0.5597711,2.1229708,2.8092859,0.0,0.22318466,0.5762679,1.8069619,0.7799958,1.9404202,0.0,0.09628781,Medullary_cords,137.00364958642524
CCTACATTCACAGACG-1,1,51,33,5293,14736.0,5293,4277.131,Low,2,9,0,3,5,0,0,3,4093.7773510536695,0.45056120886630463,-0.2782447040081024,0.13653146549571615,-0.09367464482784271,0.62246436811276,0.0713159367442131,0.7080374687823947,-0.13373494148254395,0.48109266052264016,-0.24657347798347473,0.18900044866759055,0.25909921526908875,0.166791551181972,0.06712921,0.10324795,0.14906175,0.18116184,0.0633066,0.0,0.43609267,0.21865588,0.55242985,2.2847424,2.8361557,0.23667696,0.62947977,0.46545124,1.8077613,0.9661229,2.369476,0.2589831,0.22924156,Medullary_cords,138.42326394071193
CCTACGCGACCTTACA-1,1,3,93,6402,23184.0,6402,4201.3975,Medium-High,1,12,3,6,6,3,7,3,4206.28161206546,0.6931471805599453,0.1121869683265686,0.5550353461731358,0.3116593360900879,0.09363138307467975,-0.32602182030677795,0.07871062018831004,0.08765672147274017,0.6450833548553336,-0.14074982702732086,0.4581684683960903,-0.002582109998911619,0.9891955052445911,0.025027987,0.055681493,0.09984608,0.1163492,0.28833166,0.0,0.41476357,0.23145711,0.46103597,2.317123,2.7158198,0.04482568,0.5735514,0.212228,1.3591053,0.7624705,2.4939294,0.17930272,0.5221194,Medullary_cords,275.0018181758077
CCTACGGCTCAGTCGA-1,1,16,32,6533,24520.0,6533,4235.0874,Medium-High,3,11,2,0,1,5,5,6,4668.82704755702,0.0,-0.47876158356666565,0.007440487914579139,0.0231795534491539,0.903230841943877,0.13558489084243774,0.47499049275330285,0.026206113398075104,0.8906663831131022,-0.3690592050552368,0.044748511394729934,0.25114989280700684,0.18065942915357444,0.010417176,0.0,0.1070981,0.31622872,0.27129474,0.0,0.2949612,0.29829752,0.8837662,1.6995298,2.5667195,0.3201477,0.35557124,0.17103079,0.82691896,1.495877,2.0006926,0.17103079,0.41786245,Medullary_cords,240.00208332429116
CCTACTGCTTACACTT-1,1,27,49,6381,21490.0,6381,4446.6997,Medium-High,5,3,4,6,1,2,7,1,2990.6629699783957,0.6931471805599453,-0.08785934001207352,0.6443165727871429,-0.24286316335201263,0.19595704928183866,-0.36617594957351685,0.04657583669136859,-0.5173629522323608,0.0034134345619247514,-0.2487201690673828,0.1850550794704417,0.08634777367115021,0.6500454591899842,0.0690063,0.10485623,0.0037249273,0.07064199,0.14851362,0.1662957,0.4369612,0.3294174,0.64736176,2.3371463,2.9666398,0.17775367,0.43774047,0.24576682,1.9123483,1.0507455,1.7162952,0.095520586,0.6649195,B_cell_zone,0.0
CCTAGGCGTAGCGATC-1,1,36,88,5805,17137.0,5805,4441.335,Medium-Low,3,0,2,0,0,4,5,6,239.0,0.45056120886630463,0.13875336945056915,0.4646331100281469,0.04809726029634476,0.800738471394292,0.1269957572221756,0.5036589741259276,0.27022677659988403,0.14867444296507082,0.3664861023426056,0.04637646801086037,0.31304043531417847,0.09210981361555685,0.0472386,0.088128164,0.057585802,0.36971375,0.2475341,0.04987611,0.13992347,0.22814421,1.0522668,1.8669581,2.5381062,0.22982912,0.29884914,0.2115863,1.4875798,1.7461919,1.8171139,0.11491456,0.49596998,Medullary_cords,239.26763257908496
CCTAGGTAAAGGTAGC-1,1,51,11,6362,23080.0,6362,4149.6885,Medium-High,2,7,0,2,3,0,2,3,5523.8135377653725,0.45056120886630463,-0.5172033905982971,0.003425087593417043,-0.05794515460729599,0.7610148519326153,-0.1219964548945427,0.5207336604332221,-0.15797211229801178,0.4044292629465964,0.15612131357192993,0.410026942478854,-0.09288537502288818,0.6254123668837762,0.004897898,0.0031018523,0.2548112,0.14726992,0.148459,0.24941853,0.19204156,0.28863174,0.6308117,1.9267418,2.8602777,0.14909953,0.47528884,0.32669806,1.07958,1.2239127,2.6124632,0.43861383,0.61404216,Medullary_cords,497.9317222270539
CCTAGTTAGTCGCATG-1,1,12,72,7073,27780.0,7073,4384.1367,High,1,5,3,6,6,3,7,5,3302.7567273415702,1.0114042647073518,-0.3748656213283539,0.04124208267958315,-0.22491423785686493,0.2321084507160658,0.10267243534326553,0.5892695718726068,0.13115647435188293,0.4896647113540097,-0.18531367182731628,0.3268877332865955,-0.24514567852020264,0.19165680990794598,0.042660818,0.043190453,0.028304929,0.083412185,0.27799138,0.10863366,0.41580647,0.4245873,0.5597599,2.1673348,2.8326528,0.3277606,0.8778375,0.37527815,1.5327775,0.86241704,2.22416,0.1830956,0.55737174,Medullary_cords,137.92751719653333
CCTATAATGAGTGCCC-1,1,55,81,3420,8143.0,3420,3637.6438,Low,2,6,5,2,2,1,2,4,2093.077399428889,0.0,-0.17019595205783844,0.3685588778745736,0.13620616495609283,0.4729502315075255,-0.4166390597820282,0.02200255612399707,-0.16396531462669373,0.38660228735914176,0.20177194476127625,0.28496313322828165,-0.1410023272037506,0.4573542710940662,0.044145416,0.009791983,0.28019616,0.27525052,0.0,0.019999651,0.37061626,0.310035,0.8923863,2.0466006,2.5144844,0.10014077,0.41017577,0.51031655,1.0779395,1.1004345,2.3692791,0.310035,0.42969054,Medullary_cords,495.9858868959882
CCTATACCGTCCTGTC-1,1,55,45,6169,23118.0,6169,3979.7039,Medium-High,2,2,5,2,5,0,2,4,3593.0434174944226,0.0,0.32358673214912415,0.08110239851146042,-0.02770175039768219,0.8844667759707455,-0.06699679791927338,0.72501854066379,-0.046541448682546616,0.8070617502040554,-0.45281359553337097,0.011982316390706738,0.38440948724746704,0.035959388831546,0.019353125,0.0029639031,0.34844598,0.08631594,0.13759655,0.16373728,0.24158718,0.23184097,0.61477244,2.100696,2.660287,0.19385439,0.20076543,0.40657002,1.3228562,1.1831577,3.0231757,0.5335643,0.59817004,Medullary_cords,552.6988330003963
CCTATATCGTGTCACG-1,1,60,10,404,505.0,404,1281.6011,Low,3,1,6,0,5,0,3,4,5981.109679649755,0.45056120886630463,0.21452388167381287,0.2549604825684481,0.10223753750324249,0.5908561147529211,0.0957142561674118,0.6148727661340763,0.3071449398994446,0.09873803028312853,0.045348457992076874,0.8119185264326491,0.18917988240718842,0.31671534477652186,0.0,0.0,0.5489355,0.3742585,0.001262324,0.032470185,0.043073498,0.0,0.33722755,0.9232372,2.4434903,0.0,0.0,0.0,0.0,0.5058414,2.0909436,0.0,0.5058414,Medullary_cords,275.4813968310746
CCTATATTTGTCCTGG-1,1,62,52,6883,24874.0,6883,4433.6665,Medium-High,1,4,0,3,2,0,6,3,3795.5239427515144,0.6931471805599453,0.08641718327999115,0.6497819625335912,0.06077614426612854,0.7497000272775256,0.31333276629447937,0.09179017089955985,-0.19449953734874725,0.30304359050283636,-0.12826469540596008,0.4993699606629837,0.2540440857410431,0.1755197843089413,0.080195054,0.00031325134,0.121696845,0.15106994,0.27229658,0.0,0.37442833,0.46067512,0.5734637,2.3027701,2.838019,0.33090067,0.58366555,0.23790413,1.75842,1.1705167,2.1813574,0.29502672,0.41278094,Medullary_cords,238.76766950322232
CCTATCTATATCGGAA-1,1,19,77,6015,20214.0,6015,4234.781,Medium-Low,2,5,0,7,4,3,8,2,2398.2743796321556,0.6365141682948128,-0.3954015076160431,0.030565374120943595,0.07123178243637085,0.70836705187565,-0.05103247985243797,0.7888427166369131,0.2745993733406067,0.1419592299625829,-0.2004539519548416,0.288187580827932,-0.05237376689910889,0.7834220774896461,0.05154773,0.0,0.22553504,0.2086301,0.18325177,0.32469267,0.006342797,0.18646246,0.64766365,1.8547443,2.3759248,0.42316616,1.3707979,0.68332833,1.1651322,1.1544937,2.861178,0.27244243,0.44792134,Medullary_cords,239.77072381756702
CCTATGAAGTGGTGCC-1,1,37,111,6279,23642.0,6279,4044.2607,Medium-High,2,0,0,2,0,4,2,4,1587.7713941244817,1.0114042647073518,-0.0692625418305397,0.7160940393132745,-0.1082688570022583,0.569021420823015,0.12565013766288757,0.5082271648883602,-0.014290474355220795,0.9402545684575827,0.019509784877300262,0.9184960202547454,-0.11044120788574219,0.5612473598665658,0.037587035,0.094729826,0.1524588,0.114312686,0.23077999,0.23640847,0.13372317,0.36302474,0.42166448,2.263095,2.67371,0.427719,0.4123122,0.25606254,1.5384164,0.9932327,2.539487,0.17637524,0.36937323,Medullary_cords,276.84652788142387
CCTATGGCTCCTAGTG-1,1,62,24,6013,19595.0,6013,4273.563,Medium-Low,3,1,0,0,5,0,0,3,5260.361204328083,0.6365141682948128,-0.5069589614868164,0.004248521222728093,-0.4226886034011841,0.019962236420542828,-0.2057216465473175,0.2754389166641399,0.17077425122261047,0.3669097063038255,0.03565627336502075,0.8516150221791047,0.33211809396743774,0.07296058760030734,0.023507,0.006548311,0.20791532,0.12977894,0.1504839,0.21198115,0.26978534,0.29115826,0.660842,1.9376893,2.6796076,0.13946992,0.66433287,0.4325558,1.1117262,0.9594636,2.0340648,0.41233099,0.6206874,Medullary_cords,366.3659372812926
CCTATGGGTTACCGTC-1,1,29,69,4913,14198.0,4913,3979.7651,Low,2,3,0,2,4,2,2,4,1694.6164757844176,1.3296613488547582,-0.2522278428077698,0.17873295584251417,-0.333353728055954,0.07183578103837006,-0.31042200326919556,0.09501067695031873,-0.10845614969730377,0.5683492571585304,0.22780314087867737,0.22600718977146161,0.05139309912919998,0.7873843587852813,0.059346233,0.0,0.26825067,0.10885287,0.10412981,0.27382916,0.18559118,0.23408896,0.33463797,2.0112088,2.7939157,0.28641263,0.74301034,0.39987662,1.3944736,0.7936689,2.7861352,0.13329221,0.54749113,Medullary_cords,138.42326394071193
CCTATGGTCAAAGCTG-1,1,68,68,4657,13808.0,4657,3806.643,Low,2,4,0,2,2,1,2,4,3848.354583455116,1.0114042647073518,0.3214963972568512,0.08319968635790806,0.030424010008573532,0.8732000528343213,-0.3410971164703369,0.06508963782087991,-0.22275319695472717,0.23674408643609696,-0.43106284737586975,0.017397648172015334,0.21671152114868164,0.2500305517955997,0.15982197,0.003581578,0.34030998,0.32389942,0.062105272,0.050227236,0.06005455,0.2594255,0.6371506,2.2544553,2.7881894,0.28051442,0.4605423,0.24812454,1.619726,1.0594221,2.4639325,0.0,0.4909112,Medullary_cords,276.3494165001982
CCTATGTCCACTCCAC-1,1,62,92,5250,16506.0,5250,4050.3516,Medium-Low,5,6,3,1,2,1,1,1,2887.8997558779633,1.0114042647073518,0.14454348385334015,0.4460169587532364,-0.22602175176143646,0.22975649535505524,0.015135228633880615,0.9367296419752766,-0.4025527536869049,0.02742308351714212,-0.400060772895813,0.02848670704340947,0.2153351753950119,0.2531248027522469,0.13733326,0.11248054,0.0,0.16124444,0.320449,0.012846373,0.25564644,0.4093365,0.67016244,2.2797298,2.9263668,0.118411794,0.50553805,0.3714587,1.9930727,0.9086266,1.8658813,0.118411794,0.3691157,B_cell_zone,0.0
CCTCACCAATCTTGAC-1,1,17,35,6462,24571.0,6462,4204.022,Medium-High,3,11,2,0,1,5,5,6,4430.773295938306,0.0,-0.11258750408887863,0.5536145967732427,0.07008456438779831,0.7128651596915384,0.005454090423882008,0.9771803686128523,0.09756897389888763,0.608003010932193,-0.014613332226872444,0.9389072374499218,0.28568336367607117,0.12592785385746819,0.02081902,0.07888774,0.18170534,0.5211,0.041531995,0.0,0.15595594,0.23986514,1.2675898,1.4992849,2.6253707,0.30868077,0.7124502,0.142423,0.8074816,1.6995525,2.1447747,0.0,0.29402238,Medullary_cords,414.90360326225175
CCTCACCTGAGGGAGC-1,1,28,102,6405,22964.0,6405,4328.9673,Medium-High,5,0,4,0,0,2,1,1,1537.374710342277,0.8675632284814612,-0.42127758264541626,0.020423591309913027,0.04562252759933472,0.8108021512052326,-0.3953215777873993,0.03060207900617437,-0.05814298242330551,0.7602225767410047,-0.15974968671798706,0.3990939709242176,0.020378699526190758,0.9148788176553042,0.1591496,0.0016097843,0.011096188,0.32662508,0.23121348,0.0074918005,0.2628141,0.3011311,0.67328507,2.0310526,2.9103827,0.29218686,0.5452901,0.6081747,1.7447206,1.2207801,1.8420205,0.0,0.42445895,Medullary_cords,138.42326394071193
CCTCACCTTAGCATCG-1,1,27,97,5675,17855.0,5675,4252.892,Medium-Low,5,0,4,1,4,2,1,1,1456.1765002910877,1.2424533248940002,-0.45980992913246155,0.010574574378505322,-0.028134359046816826,0.8826747875141072,-0.34431126713752747,0.06243896405631993,0.09105513989925385,0.6322702389350736,0.16560252010822296,0.3818124605142432,0.0862196758389473,0.6505318599891695,0.15353866,0.0016827148,0.054465856,0.21910307,0.2851648,0.28604484,0.0,0.25817874,0.5283523,2.2320657,2.9054737,0.3840073,0.4223559,0.24350064,1.8764256,1.16606,2.0156772,0.11120234,0.41837323,Medullary_cords,0.0
CCTCATGCAGCTACGA-1,1,10,30,6937,26122.0,6937,4374.177,High,3,8,2,0,1,5,5,6,5213.668190439434,0.0,-0.6865580677986145,2.7990237794409195e-05,-0.28672048449516296,0.12449905493238599,0.180441215634346,0.3399897635292624,0.19656874239444733,0.2978274352123939,-0.14841528236865997,0.43379628769548073,-0.0474657341837883,0.8033037163345991,0.009559516,0.0017403456,0.07383894,0.51048565,0.04368158,0.029837092,0.33085683,0.17421493,1.1624024,1.4302497,2.5013738,0.3041996,0.45052794,0.21714687,0.87254894,1.8345909,1.5297259,0.08103371,0.61964273,T_cell_zone,414.40318531594323
CCTCCCGACAATCCCT-1,1,9,63,6594,23971.0,6594,4374.8936,Medium-High,5,5,4,1,6,3,1,1,3876.003353971717,1.0114042647073518,-0.0013547083362936974,0.99433128503361,-0.21775037050247192,0.2477116563155291,-0.35736098885536194,0.052532903597889834,0.08686983585357666,0.6480645939641226,-0.047982655465602875,0.8012038436372837,0.2324284315109253,0.21646576529690884,0.12984456,0.07811261,0.0,0.17628965,0.26564938,0.0,0.35010388,0.119422406,0.70189816,2.2629037,2.888579,0.08716868,0.6158017,0.47138992,1.8495085,0.87223554,1.9028442,0.0,0.4676362,Medullary_cords,0.0
CCTCCGACAATTCAAG-1,1,33,33,3232,8537.0,3232,3416.5042,Low,3,7,6,5,3,6,3,5,3832.530495638619,1.0114042647073518,0.1667020171880722,0.37861516827172753,-0.1628107875585556,0.39000072086387505,-0.21942976117134094,0.24399314085756857,0.30657294392585754,0.09939977411261866,-0.1287890374660492,0.49760305378933145,0.02356353960931301,0.9016354293526665,0.049246944,0.12990384,0.0032150536,0.255858,0.2510524,0.007936602,0.3027871,0.4290573,0.268176,1.9411371,2.6163921,0.09691989,0.66756195,0.39861786,1.5619478,1.2600359,1.9839737,0.0,0.20113198,Medullary_cords,275.0018181758077
CCTCCTAGCTAGAGTC-1,1,67,13,5259,18571.0,5259,3898.7373,Medium-Low,5,1,7,5,5,0,3,0,6222.211182529889,0.6931471805599453,0.03831901401281357,0.8406694456297795,0.432687371969223,0.01693322715110445,0.2984963655471802,0.1091042603010557,-0.14197538793087006,0.45422379098122995,-0.1914139688014984,0.3109277742398828,0.2905843257904053,0.11928110229705158,0.14509457,0.10734899,0.15593657,0.19563654,0.023121268,0.3050305,0.067831546,0.12018234,0.6996396,2.1874611,2.80778,0.30677086,0.33558726,0.2904343,1.6099265,0.95455694,2.0485175,0.0,0.3372262,Medullary_cords,137.55726080436466
CCTCCTGTTGTGTCGT-1,1,62,96,5346,16122.0,5346,4091.256,Medium-Low,2,13,3,2,7,1,2,3,2927.6680139660643,0.6931471805599453,-0.14498107135295868,0.44462657337673867,-0.038644157350063324,0.8393348479672951,-0.0423370823264122,0.8242081998084745,-0.04179120063781738,0.8264404462078541,-0.33756256103515625,0.06810493591907808,0.07735417783260345,0.6845273890660436,0.14296709,0.0003181912,0.28630733,0.2141628,0.13338476,0.0,0.2228598,0.3240296,0.5105685,2.3406553,2.7143028,0.29256427,0.24130842,0.22149816,1.4727347,1.0893345,2.41642,0.12065421,0.21489476,Medullary_cords,238.40302011509837
CCTCGAAGTGGACGGG-1,1,15,71,5518,17693.0,5518,4084.7815,Medium-Low,1,5,4,5,6,3,3,5,2993.1309694031097,1.0114042647073518,-0.41873258352279663,0.021277926609558285,-0.061797015368938446,0.7456321595351433,0.2298702895641327,0.22170844677309495,-0.059518612921237946,0.7547199660466343,-0.12440229952335358,0.512481678809393,-0.3159956932067871,0.0889171103143788,0.03897618,0.0,0.011315584,0.09624218,0.28608885,0.23837551,0.3290017,0.40756643,0.61931443,2.1207695,2.782483,0.15053949,0.87016404,0.31574982,1.388308,1.0698264,2.3458009,0.0,0.3977138,Medullary_cords,137.00364958642524
CCTCGACCCACTGCCT-1,1,3,73,6404,24159.0,6404,4226.2827,Medium-High,3,5,2,0,6,3,5,6,4316.652059177343,0.0,-0.5195326209068298,0.0032583310671727705,-0.010128091089427471,0.9576379614036455,0.0970323383808136,0.6099873484016324,-0.20161452889442444,0.28534703074992274,-0.04283466190099716,0.8221746426709154,0.2969810664653778,0.1110012285020378,0.060577817,0.0,0.047671862,0.43087393,0.17602663,0.1693358,0.11551403,0.2407912,1.0986592,1.6512775,2.580857,0.1298975,0.61787456,0.57974064,1.042134,1.5585749,2.1906261,0.08659834,0.25001663,Medullary_cords,363.6756796927724
CCTCGCCAGCAAATTA-1,1,18,74,6786,25619.0,6786,4440.3735,High,3,3,0,7,4,3,8,2,2581.745533548959,1.0114042647073518,-0.37002378702163696,0.044150106742481134,0.06382084637880325,0.7375876764797387,0.31568971276283264,0.08924370960717636,0.15074722468852997,0.4265251666985196,-0.28522494435310364,0.1265632320266389,-0.1840682029724121,0.3302069101560079,0.04110038,0.07218332,0.17758255,0.3412788,0.36785498,0.0,0.0,0.11331688,0.7945906,1.8477988,2.6529007,0.43816113,1.5798646,0.32353258,1.2536987,1.2443471,2.319396,0.28849503,0.5679965,Medullary_cords,138.42326394071193
CCTCGCGCGATATAGG-1,1,21,95,7141,27721.0,7141,4426.869,High,1,5,3,6,4,2,0,3,2092.1037259180052,0.6365141682948128,-0.23581475019454956,0.20965645017497928,-0.5036416053771973,0.004549147604099398,0.1339225471019745,0.4804720000371308,0.527881383895874,0.00271668883863632,-0.0607316829264164,0.7498773430198113,-0.10238388180732727,0.590322031440849,0.030501021,0.048074972,0.108601674,0.18938565,0.3129276,0.0,0.31050915,0.21190399,0.70624536,2.0754085,2.7708135,0.13018927,0.7072663,0.56585747,1.3285776,1.0691488,2.2767842,0.07701146,0.43770668,Medullary_cords,364.00137362378183
CCTCGCGCTGTGCGAT-1,1,57,59,5816,29901.0,5816,3055.8984,High,2,2,5,2,2,7,2,4,3027.7123377229877,0.0,-0.24113886058330536,0.1992496116547935,-0.2424601912498474,0.19672312940794615,0.03774646669626236,0.8430205990156802,-0.03559768199920654,0.8518561821339541,-0.024334920570254326,0.8984315826477438,0.175395667552948,0.35388735710405883,0.04904755,0.0,0.4598579,0.17966777,0.31142676,0.0,0.0,0.30160487,0.41361308,1.9064224,2.213963,0.29508662,0.49671984,0.07213155,1.1596388,0.641989,3.1156654,0.20017552,0.29734385,Medullary_cords,363.7169228947149
CCTCGGACCGGGATAG-1,1,41,85,5817,16788.0,5817,4514.345,Medium-Low,4,10,1,4,0,4,4,7,414.2764777295472,0.8675632284814613,0.15826930105686188,0.4035344708459527,-0.04257278889417648,0.8232447511300667,-0.05665990710258484,0.7661678418182629,-0.1162988469004631,0.5405307457386681,-0.12984509766101837,0.4940539587589497,-0.1378900706768036,0.46744329816513486,0.2008609,0.0049504773,0.021881511,0.21551402,0.43962774,0.027985869,0.089179486,0.09806747,0.5441657,2.2315822,2.8479285,0.09806747,0.28460652,0.72920924,1.8741546,0.8778658,1.8479552,0.23365596,0.28652728,B_cell_zone,0.0
CCTCGGATGCTACCTG-1,1,32,10,6968,28954.0,6968,4349.52,High,4,7,1,4,3,6,4,7,5417.071718188711,0.9502705392332347,-0.3174099028110504,0.087419413120728,-0.049683213233947754,0.7943053710743362,0.081998810172081,0.6666366181478451,-0.5014636516571045,0.004756262327930165,-0.06942125409841537,0.7154702463757094,-0.06029382348060608,0.7516242312186936,0.2797547,0.21825042,0.12716796,0.19030896,0.17423566,0.0,0.010282242,0.1027336,0.39809388,2.243229,2.80351,0.07417049,0.39651293,0.8123639,2.2690265,0.69621253,1.8095841,0.07417049,0.18642513,B_cell_zone,0.0
CCTCGGTTTCCTTGCC-1,1,70,38,4400,11482.0,4400,4013.4316,Low,3,4,2,0,5,0,5,6,5151.6587619911315,0.45056120886630463,-0.34755122661590576,0.059853156779864844,-0.1994267851114273,0.2907165850145662,-0.18046638369560242,0.33992128038448055,0.11226315796375275,0.554764962526241,-0.13428883254528046,0.4792613983021599,0.4778650104999542,0.007568579977001075,0.009083161,0.1849334,0.011928869,0.29765305,0.16729124,0.23604357,0.093066715,0.1566087,0.9081474,1.6592691,2.5292242,0.12607941,0.33046317,0.1566087,0.8957749,1.6297374,1.8463364,0.0,0.37691748,Medullary_cords,600.0833275470999
CCTCGTTACGCCTGTT-1,1,5,109,6354,22088.0,6354,4327.477,Medium-High,1,12,4,6,4,3,7,5,4208.566501791317,0.9502705392332347,0.08598138391971588,0.6514370534923805,0.2856346070766449,0.12599531964037053,-0.257219135761261,0.17000093678903241,-0.36023351550102234,0.05052904010240622,-0.40948981046676636,0.024631600716505067,0.08110295981168747,0.6700738131060002,0.065823786,0.0,0.11766596,0.0,0.15334964,0.18597767,0.47718295,0.17395917,0.34110782,1.9959061,2.9214072,0.046682723,0.35452974,0.28311694,1.3919693,0.71822655,2.2378728,0.093365446,0.75402385,Medullary_cords,137.0
CCTCTAATCTGCCAAG-1,1,23,73,6049,20107.0,6049,4279.8174,Medium-Low,2,3,0,3,4,2,6,3,2072.1498497936873,0.45056120886630463,-0.29808950424194336,0.1096112041202348,0.06517820805311203,0.732207452386309,0.022193916141986847,0.9073277136580068,0.2288055568933487,0.22391564591009022,-0.22890865802764893,0.22370126954056802,-0.29318955540657043,0.1158554360756289,0.042859033,0.06329211,0.20930067,0.04824752,0.20006919,0.17408177,0.26214975,0.22325483,0.43432918,2.1576202,2.7968674,0.18724,0.5113664,0.40241653,1.4885336,0.8852319,2.5512414,0.6191366,0.57982355,Medullary_cords,237.9012400135821
CCTCTACAAGGATTGG-1,1,67,27,6542,24589.0,6542,4268.595,Medium-High,3,1,2,0,5,0,5,6,5449.252792814809,0.0,-0.52471524477005,0.0029121688381791274,-0.10377994179725647,0.5852377128341341,0.233907550573349,0.21347323877014737,0.10357674211263657,0.5859765498166566,-0.11274604499340057,0.5530526983442801,0.3643639385700226,0.04775427436133892,0.05747167,0.0,0.095371984,0.5465177,0.02500897,0.22391826,0.051711477,0.1279681,1.0178677,1.5621023,2.522145,0.18500651,0.7554084,0.18500651,1.0606322,1.8379151,1.6432881,0.08531207,0.2698252,T_cell_zone,365.57078657901536
CCTCTATCGATTAGCA-1,1,52,26,5927,20723.0,5927,4084.5066,Medium-High,2,9,5,0,5,0,0,3,4585.961186054675,0.0,-0.09905032068490982,0.602539559439741,0.20323869585990906,0.28140197612489776,-0.08567483723163605,0.6526022391427355,-0.2367391437292099,0.20782341385001155,-0.07162979245185852,0.7068087362353788,-0.024059107527136803,0.8995769649293045,0.014321341,0.05869509,0.1723684,0.22450036,0.24421892,0.0,0.28589588,0.27946454,0.65993124,1.9021468,2.6560268,0.53613424,0.55519086,0.21034876,0.9289045,1.3844547,2.7973506,0.46424818,0.5356553,Medullary_cords,276.0018115882575
CCTCTCTCCCATCTAG-1,1,34,36,3794,10531.0,3794,3649.5862,Low,3,7,6,5,3,6,3,6,3610.720149776219,0.45056120886630463,-0.2081819772720337,0.26961118444202364,0.07969381660223007,0.6754936233043829,-0.22114838659763336,0.24022630854601562,0.23427511751651764,0.21273398344305536,0.11702919751405716,0.5379733186504618,-0.13878917694091797,0.46451674263865134,0.08089347,0.0027603747,0.15839724,0.33480644,0.05196561,0.0,0.3711768,0.16690317,0.921408,1.7929254,2.7592378,0.16690317,0.55344,0.43300796,1.3194125,1.5387588,1.714923,0.16690317,0.3999408,Medullary_cords,137.0
CCTCTGGCCTAGACGG-1,1,15,75,5867,18460.0,5867,4368.436,Medium-Low,3,5,2,7,6,3,8,2,2895.739111176972,0.0,-0.5617709755897522,0.0012361533601604538,-0.1717357039451599,0.36417751531733084,0.06209852173924446,0.7444320219611248,-0.1807018369436264,0.33928100906776454,0.007843449711799622,0.9671879306343543,-0.04536738991737366,0.8118413988548354,0.052225653,0.0,0.099879056,0.30335605,0.22425625,0.320283,0.0,0.19821075,0.5360653,1.806397,2.6091592,0.21645619,1.2248482,0.53857833,1.1165661,1.3296702,2.4158158,0.0,0.19449218,Medullary_cords,364.3295211755424
CCTCTGTACTATTCTA-1,1,53,61,4900,12912.0,4900,4211.339,Low,2,2,0,0,2,7,0,3,2584.7469895523623,0.0,-0.33942100405693054,0.06650626979779306,0.01102995965629816,0.9538695939245779,0.04771573096513748,0.8022879938962972,0.27222904562950134,0.14557157348346145,-0.06659097969532013,0.7266207857935222,-0.33818626403808594,0.06756512099721045,0.02763215,0.08734182,0.19628294,0.13877839,0.1080977,0.2330228,0.20884417,0.5401871,0.77821517,2.0470018,2.7139916,0.50856405,0.56058455,0.26033592,1.3121138,1.1220198,2.4307437,0.37729597,0.8022125,Medullary_cords,496.23381585700105
CCTGAACGATATATTC-1,1,37,85,4954,13431.0,4954,4177.629,Low,1,0,0,3,0,4,0,3,238.76766950322232,1.0114042647073518,0.1923706829547882,0.3084696391742719,0.059316083788871765,0.7555293644356161,0.27597716450691223,0.13988964084549832,-0.012722780928015709,0.9467990040854602,0.1043592318892479,0.5831336549003675,0.16272343695163727,0.3902585401779998,0.074261546,0.0031170684,0.10839376,0.15189481,0.29799017,0.0,0.36434266,0.2162836,0.54094535,2.060006,2.6986594,0.2531404,0.5582863,0.06956975,1.5699384,1.118922,2.271292,0.278279,0.33752054,Medullary_cords,240.0
CCTGAATATTTACATA-1,1,23,71,5798,18206.0,5798,4300.597,Medium-Low,2,3,0,3,4,2,6,3,2143.994402977769,0.6365141682948128,-0.4609820246696472,0.010352905233138693,0.035940058529376984,0.8504471586288607,0.12771116197109222,0.5012386468604694,0.12696102261543274,0.5037766350428777,-0.2012382447719574,0.28626603125855377,-0.16807135939598083,0.3746550412672832,0.024667606,0.055012763,0.1791607,0.11197876,0.031363975,0.23215868,0.3656575,0.18531753,0.42487645,2.300767,2.8221035,0.0,0.6052053,0.4834845,1.6343112,1.2009343,2.3525155,1.066357,0.56434757,Medullary_cords,137.55726080436466
CCTGACCACCGATGGT-1,1,45,61,4235,10159.0,4235,4104.1606,Low,3,2,0,0,0,7,5,6,2038.4761465369174,0.8675632284814613,-0.3628077208995819,0.04878514997474229,0.08613104373216629,0.6508684877111166,0.11780598759651184,0.5352595940327123,-0.055281173437833786,0.7717065357390644,-0.14027252793312073,0.4597096362869127,-0.17705044150352478,0.349292502086669,0.07664609,0.0026408483,0.21852636,0.29414663,0.3910805,0.01695963,0.0,0.30733812,0.6088036,1.8626692,2.8303432,0.39348757,0.6283996,0.42830676,1.2839792,1.2729822,1.8745,0.27203083,0.22843027,Medullary_cords,137.92751719653333
CCTGACGCAACCTTTA-1,1,3,87,5713,18044.0,5713,4291.202,Medium-Low,5,12,7,1,6,3,1,1,4192.744328002842,1.0114042647073518,-0.04677560552954674,0.8061092948247562,0.027322525158524513,0.886038095082168,-0.43893420696258545,0.015242034745007292,0.3355926275253296,0.0698319430908814,-0.29560691118240356,0.1127426798353803,-0.21966718137264252,0.24347044992173977,0.13083495,0.0038490165,0.026674896,0.2533712,0.33573246,0.010225557,0.2393118,0.14836144,0.6805844,2.2373278,2.9423015,0.055120185,0.47083098,0.491953,1.6507992,1.0962563,1.9519767,0.11024037,0.27130884,Medullary_cords,138.0
CCTGAGAATAAATGCA-1,1,71,33,6291,20952.0,6291,4459.051,Medium-High,3,4,2,0,5,0,5,6,5473.172754445085,1.0114042647073518,-0.45561331510543823,0.011401225684848325,0.008213459514081478,0.9656409263501152,0.1994626671075821,0.2906280022614455,0.16942207515239716,0.37077259832557,-0.3595433831214905,0.05100485898597247,0.083322674036026,0.6615693288112073,0.06902892,0.0052666464,0.19675843,0.41555795,0.20804423,0.04701528,0.058328606,0.3160585,0.91178966,1.720932,2.6154728,0.04877544,0.48234487,0.40348417,1.2154093,1.3344151,1.8986975,0.33508328,0.53797895,Medullary_cords,238.40302011509837
CCTGATTCGCGAAGAA-1,1,75,93,5849,18124.0,5849,4367.136,Medium-Low,5,6,7,1,2,1,1,1,4445.198083325421,1.3296613488547582,-0.18972882628440857,0.31528711346821336,0.192808598279953,0.30734854536240425,0.40449610352516174,0.026616284543191752,-0.2698870599269867,0.14920559340037365,-0.60451340675354,0.0004030181854645784,0.2070576697587967,0.2722643068971635,0.09044868,0.007825877,0.011395817,0.14559059,0.3835793,0.050594162,0.31056562,0.25551426,0.7805847,2.2543879,2.808407,0.25772074,0.5982424,0.37978876,1.8347056,0.9595802,2.0109103,0.0,0.6436728,Medullary_cords,0.0
CCTGCCCGTTGTCTAG-1,1,35,9,6445,24972.0,6445,4153.884,Medium-High,1,7,4,5,3,6,3,5,5449.9942201804215,1.0397207708399179,-0.22616523504257202,0.22945296600787246,-0.023082181811332703,0.9036354674036863,0.1582680642604828,0.40353819233609906,-0.2388349175453186,0.2037083455440133,-0.23905524611473083,0.20327900907144095,0.20298224687576294,0.2820225455919414,0.07742502,0.051483717,0.06451648,0.0,0.10816737,0.24819686,0.45021057,0.39825872,0.2876215,2.5549366,2.8582375,0.0421005,1.1393788,0.15773883,1.9940335,0.56205285,2.1174164,0.168402,0.97642815,Medullary_cords,0.0
CCTGCGATAGAACTGT-1,1,8,20,7314,31455.0,7314,4461.0347,High,4,8,1,4,1,5,4,7,5900.63089847179,0.410116318288409,-0.6851819157600403,2.947439003389229e-05,-0.2875383794307709,0.1233807301193385,0.2171710729598999,0.24900298959337713,0.0470036119222641,0.8051821181712544,-0.4852081537246704,0.006572424888508467,-0.1475842446088791,0.43640377711808537,0.18727876,0.09078073,0.050354823,0.058164153,0.5358819,0.014658806,0.06288088,0.09602754,0.39200532,2.086022,2.493165,0.0,0.50375485,1.0669647,1.9301559,0.52868915,1.7827753,0.06901456,0.26926395,B_cell_zone,0.0
CCTGCGTTCTACGCTT-1,1,32,14,6079,19613.0,6079,4433.6113,Medium-Low,4,7,1,4,3,6,4,7,5143.681658112213,0.9556998911125343,-0.14543083310127258,0.4431999450007441,-0.1387709677219391,0.46457591714833063,0.13476456701755524,0.4776914116030435,-0.012546307407319546,0.947535924319327,-0.3992452919483185,0.028841972232815156,-0.35027554631233215,0.05774449758921194,0.17104696,0.0,0.045848213,0.1092236,0.3904475,0.2834338,0.0,0.27053598,0.41673622,2.2016037,2.7753923,0.10301382,0.24239776,0.62965465,2.2007465,0.80406857,1.9768913,0.0,0.25452113,B_cell_zone,0.0
CCTGCTATTTGAGAAG-1,1,26,50,5899,19203.0,5899,4311.261,Medium-Low,5,3,4,1,1,2,1,1,2984.4466823851953,0.45056120886630463,0.0029000467620790005,0.9878652329330904,-0.12446318566799164,0.512273680554887,-0.3827088177204132,0.03685852617843917,-0.35673534870147705,0.05297756099983226,-0.31109535694122314,0.09425817350105102,0.2030741572380066,0.2818000350180073,0.29280356,0.1589012,0.08669029,0.16865884,0.0735113,0.007411641,0.21202324,0.24946608,0.67458904,2.5386593,2.9930277,0.19401984,0.3871653,0.22242065,2.2588677,0.8856272,1.8684067,0.283234,0.6280165,B_cell_zone,0.0
CCTGGAAACGTTCTGC-1,1,39,113,6822,25209.0,6822,4423.0166,Medium-High,3,0,0,0,0,4,5,6,1725.902662376995,1.0114042647073518,-0.061223506927490234,0.7479166027755783,0.07863696664571762,0.6795689319838654,-0.16402021050453186,0.3864411240678136,0.045424457639455795,0.8116089186732377,0.09518151730298996,0.6168519476883451,-0.11205415427684784,0.5555068254207877,0.100663334,0.0,0.08345407,0.41093007,0.2193281,0.0,0.1856244,0.30794322,0.82321274,1.9369323,2.6529305,0.3443234,0.5974383,0.20232472,1.5509422,1.340171,2.0608568,0.083525166,0.22800335,Medullary_cords,498.89477848540366
CCTGGCTAGACCCGCC-1,1,29,43,5493,19712.0,5493,3788.1172,Medium-Low,2,3,5,2,1,6,2,4,3279.466420014085,1.0114042647073518,0.09633932262659073,0.6125539526966152,0.04458146542310715,0.8150446533270357,-0.1933988332748413,0.3058415424435819,0.21958230435848236,0.24365722489901281,-0.5295541286468506,0.002618061759731692,0.1722898930311203,0.36260813603847636,0.0691113,0.0,0.3309067,0.15597184,0.19400431,0.21229872,0.037707135,0.29673675,0.46575078,2.1108434,2.5674987,0.15387128,0.5910265,0.19013408,1.2708758,0.7765751,3.10749,0.0,0.3419362,Medullary_cords,138.0
CCTGGTCGAATGTGGG-1,1,59,69,6080,19564.0,6080,4372.921,Medium-Low,1,6,0,3,2,1,7,5,2835.589004069525,0.45056120886630463,-0.2420174479484558,0.19756720465262703,-0.11345326155424118,0.5505494158251426,0.19936496019363403,0.2908692539543529,-0.02648424170911312,0.8895130162168009,-0.3054763972759247,0.10067771471648544,0.09105981886386871,0.6322526684117599,0.028247992,0.0003094223,0.069603294,0.10926916,0.30421442,0.14394572,0.34441003,0.40958422,0.47525275,1.9566879,2.8521261,0.2710319,0.563296,0.10322088,1.4127468,0.9536145,2.1226568,0.5964326,0.6516921,Medullary_cords,240.0
CCTGTAAGACATGATA-1,1,37,41,6083,20339.0,6083,4285.3564,Medium-High,4,9,7,4,3,6,4,7,3236.9382138063743,1.0986122886681096,-0.008782826364040375,0.9632606545640938,0.11681899428367615,0.538708786472553,0.1500619351863861,0.4286549341688078,0.4922352731227875,0.0057257040513618174,-0.3026922941207886,0.10397793659292102,-0.34255340695381165,0.06387799115372757,0.17421882,0.11938558,0.17965856,0.22811404,0.2721638,0.026459148,0.0,0.14997232,0.4399724,2.3032372,2.61621,0.13559419,0.40712634,0.53479177,2.1138234,0.88459814,2.2511098,0.0,0.3984964,Medullary_cords,0.0
CCTGTACTCACGCCCA-1,1,40,24,3439,9793.0,3439,3416.3987,Low,5,7,6,5,3,6,3,5,4412.145283192746,1.0114042647073518,-0.24405789375305176,0.19369792931340152,0.24642682075500488,0.18927210968386315,0.0007365718483924866,0.9969178315816831,-0.14390049874782562,0.4480642114321188,-0.39257049560546875,0.03188737911667192,0.0037076473236083984,0.9844863204014429,0.119003616,0.003801029,0.118426256,0.3335027,0.40856954,0.010775546,0.005921218,0.35121307,0.715263,1.7779341,2.5993352,0.2270633,0.4398523,0.17594092,1.6054914,1.2266624,2.159639,0.0,0.504758,Medullary_cords,275.4813968310746
CCTGTCACCCGGGCTC-1,1,29,67,5464,16083.0,5464,4288.8945,Medium-Low,5,3,0,1,4,2,1,1,1802.8255600584323,1.3296613488547582,-0.24690787494182587,0.18838204364870498,-0.14053350687026978,0.4588666124917559,-0.14691896736621857,0.4384973083166204,-0.0690593421459198,0.716892944354547,-0.11512412130832672,0.5446562287681542,0.07606016844511032,0.6895422731667484,0.084148325,0.0,0.13561457,0.15967059,0.11531878,0.19461963,0.31062815,0.25715098,0.6869404,2.2813227,2.691996,0.15613928,0.61531365,0.539492,1.8103008,1.1223378,2.5343852,0.12088621,0.5120889,Medullary_cords,137.55726080436466
CCTGTCCCTCACGTTA-1,1,36,114,7062,26798.0,7062,4479.7583,High,3,0,0,0,0,4,0,3,1805.562793147887,0.6931471805599453,0.035523414611816406,0.8521618828458548,-0.17750725150108337,0.3480304016788209,0.04887736588716507,0.7975725049285246,-0.15555831789970398,0.4117382969014353,0.19345897436141968,0.3056882491243022,-0.12390018999576569,0.5141985624965627,0.048366107,0.08736516,0.16229022,0.11878619,0.12623698,0.22511786,0.23183748,0.3921513,0.65385985,2.217052,2.7676077,0.30278456,0.6453413,0.4614355,1.4788649,1.115851,2.2544162,0.591766,0.52509636,Medullary_cords,138.42326394071193
CCTGTCGCCCGTAAAT-1,1,36,62,5126,16609.0,5126,3870.6145,Medium-Low,2,9,5,2,0,7,3,4,1805.3600748881095,1.0042424730540764,0.07335282862186432,0.7000760490200588,0.18347027897834778,0.3318076779087889,-0.1081698015332222,0.5693770601736564,0.09190618991851807,0.6290775988803846,-0.20261316001415253,0.2829172211363378,0.03299354761838913,0.8625876242556938,0.07106219,0.0,0.14198548,0.15317401,0.31217948,0.0,0.3215989,0.39024717,0.5127545,2.154189,2.6242852,0.21662964,0.33003098,0.22778374,1.478435,0.9936255,2.6854105,0.19759557,0.25053585,Medullary_cords,138.42326394071193
CCTGTTCAACCTCGGG-1,1,71,51,5160,15241.0,5160,4141.07,Low,3,4,0,0,2,0,0,6,4702.132494943119,1.0114042647073518,-0.1464526355266571,0.4399680336789131,0.29357439279556274,0.11535566705177068,-0.10448838025331497,0.5826650259920279,-0.24398048222064972,0.19384375700731474,0.23295173048973083,0.21540379226632497,0.05063303932547569,0.7904588857318475,0.029212108,0.11065133,0.26766768,0.31470996,0.011898514,0.0,0.26586044,0.5352861,1.031992,1.6931927,2.6347773,0.16784559,0.5065423,0.2726279,1.1515908,1.3536161,2.2602437,0.25225323,0.26542744,Medullary_cords,552.6988330003963
CCTGTTTGAAGACACG-1,1,58,94,6907,28226.0,6907,4116.8657,High,1,10,3,3,0,1,0,3,2431.375330959825,1.2424533248940002,0.3025957942008972,0.10409376438394313,0.3218458890914917,0.08284617161763483,0.2352360039949417,0.2108096967028531,0.2922597825527191,0.11706952025961972,0.21469314396381378,0.25457677963510306,0.00879296101629734,0.9632182887949968,0.046646465,0.082295984,0.09991397,0.15687266,0.19336994,0.28202423,0.13887677,0.5563681,0.4172889,2.1666725,2.6697981,0.27669644,0.63946277,0.3436178,1.449708,0.9367192,2.3853648,0.13391736,0.51968473,Medullary_cords,138.42326394071193
CCTTAAGTACGCAATT-1,1,75,97,4518,12762.0,4518,3921.0132,Low,1,6,3,5,2,1,3,5,4475.7035201183735,0.6365141682948128,-0.13858547806739807,0.4651789288074961,0.2968001067638397,0.11122940211510714,0.3088420033454895,0.09679424807802504,-0.5157560110092163,0.003532363494758525,-0.6004538536071777,0.0004513470756475751,0.24430952966213226,0.19322442410186846,0.089519165,0.0040909504,0.09275363,0.24132358,0.3716482,0.015191367,0.18547314,0.14466372,0.6552329,2.1613944,2.6341417,0.26251936,0.29527795,0.63012916,1.5834115,1.0238829,2.4477165,0.14466372,0.49014646,Medullary_cords,138.92443989449805
CCTTCAGTTAAAGTGA-1,1,61,47,6595,22818.0,6595,4440.245,Medium-High,1,4,0,3,2,0,6,3,3943.7125909477736,1.0114042647073518,-0.16044144332408905,0.39702857729077995,0.21022795140743256,0.2648262858490956,0.16598473489284515,0.3806992249502317,0.20196931064128876,0.28448227445173635,-0.3919529914855957,0.03218180086917099,-0.1807554066181183,0.3391354384794845,0.060091406,0.07525434,0.13347034,0.21039198,0.19377027,0.0,0.32702166,0.35799897,0.5567787,2.001358,2.8618736,0.34082133,0.674093,0.44646066,1.3967626,0.9781506,2.2072053,0.30068246,0.35049576,Medullary_cords,138.0
CCTTCCGCAACGCTGC-1,1,71,15,5332,18440.0,5332,3979.8953,Medium-Low,5,1,3,1,5,0,1,1,6393.078288273968,0.6365141682948128,-0.10300078243017197,0.5880729670901874,0.02289990335702896,0.9043929845828804,-0.10256141424179077,0.5896744093161475,-0.3201620578765869,0.08456001478731638,-0.14234298467636108,0.4530441568159725,0.48906582593917847,0.006095326938933825,0.15160124,0.2568119,0.057525154,0.0051448094,0.4326685,0.0,0.09624847,0.22904406,0.55576503,2.408936,2.8159266,0.0541593,0.6460273,0.34612197,2.066683,0.7638073,2.2347972,0.1083186,0.3390666,Medullary_cords,0.0
CCTTCGTATAGAATCC-1,1,69,61,5194,15392.0,5194,4121.6377,Low,2,4,0,3,2,1,6,3,4152.387867239764,1.0114042647073518,-0.3163612484931946,0.0885281156558294,-0.290902704000473,0.1188584841474646,-0.4086245894432068,0.024966515138521984,0.08067010343074799,0.6717369426629495,0.1424938440322876,0.4525605160961199,0.20656757056713104,0.2734261020761923,0.012588261,0.0,0.18012042,0.10241066,0.10223058,0.2556234,0.34702668,0.3030734,0.51295334,1.9403305,3.021994,0.39591688,0.60754865,0.1666686,1.2637078,0.9812551,2.8478582,0.94909,0.41635567,Medullary_cords,479.00417534714666
CCTTCTCAGCGTTCCT-1,1,43,15,6624,23619.0,6624,4386.531,Medium-High,1,7,3,3,3,6,6,3,5060.02470349701,1.0114042647073518,-0.5344915986061096,0.002344754748815617,0.2040519118309021,0.2794399078835742,0.048093490302562714,0.8007537790273733,0.025026703253388405,0.8955596677024481,-0.09594319760799408,0.6140230366661565,0.26556432247161865,0.1560841508422347,0.079895906,0.06339031,0.083153434,0.11218153,0.14636816,0.17204243,0.34296826,0.43507594,0.65640056,2.2573848,2.903204,0.088263124,0.51885444,0.31156176,1.7502156,0.96551436,1.9675144,0.29323205,0.5217215,Medullary_cords,138.06158046321215
CCTTCTTGATCCAGTG-1,1,19,73,5731,17761.0,5731,4321.167,Medium-Low,5,3,7,7,4,3,8,2,2498.794309261969,1.0986122886681096,-0.50567227602005,0.004363038774306531,0.019058262929320335,0.9203762941506747,0.3406803607940674,0.06543965807283456,0.2502853572368622,0.18221499212433606,-0.410030335187912,0.024424244172765876,-0.2840665280818939,0.12817932683355018,0.12147256,0.116841786,0.14332902,0.17351006,0.21640699,0.029613378,0.19882616,0.17948589,0.7041395,2.2429938,2.9211283,0.11166185,1.5358425,0.21794266,1.9260106,1.2200722,1.9392169,0.30023724,0.39671618,Medullary_cords,0.0
CCTTGTGAACGTGGTT-1,1,72,48,5112,15069.0,5112,4106.5996,Low,3,4,0,0,5,0,5,6,4915.515232404432,1.0114042647073518,-0.34060025215148926,0.06550710657828268,0.059686824679374695,0.7540479089312925,-0.39855653047561646,0.029144831837956436,-0.006919793784618378,0.9710502168250845,0.2447604089975357,0.19237801218263975,0.02363545075058937,0.9013366894687195,0.04929879,0.09532927,0.08618972,0.35040316,0.17082173,0.23924246,0.008714845,0.34671676,1.0556778,1.6488214,2.50341,0.19089198,0.56408584,0.33844972,1.1131604,1.3972502,2.2337523,0.0,0.352289,Medullary_cords,366.3659372812926
CCTTTAAGGGAGCACT-1,1,58,50,5802,20901.0,5802,3937.424,Medium-High,2,2,5,3,2,0,6,4,3547.069776590249,0.0,0.13976110517978668,0.46136402694042444,0.03418726474046707,0.8576653118956055,0.033917248249053955,0.8587782783478223,-0.23933571577072144,0.20273338197472904,-0.3440386950969696,0.06266042283993976,0.10573852807283401,0.5781373422980123,0.011004862,0.090862915,0.23158284,0.05961852,0.14691576,0.14700851,0.3130066,0.23262724,0.5084872,2.1004577,2.71673,0.14662763,0.4266241,0.18167438,1.4652358,0.8723184,2.7967057,0.7578764,0.5036643,Medullary_cords,276.0
CCTTTCAATGAAGAAA-1,1,25,95,7813,31107.0,7813,4701.893,High,0,0,2,4,4,2,4,0,1629.6772686639524,0.6931471805599453,-0.49999767541885376,0.004900164762922903,-0.15880908071994781,0.4019121421988032,0.1985037624835968,0.29300117329539765,0.1731637418270111,0.36014167703423317,-0.2067253142595291,0.2730518167433429,-0.23392853140830994,0.2134309947563591,0.13787673,0.080860674,0.040132303,0.3536686,0.24530579,0.0,0.14215593,0.15898183,0.6644963,2.0842993,2.8448105,0.19382894,0.5325603,0.49264616,1.9276907,1.2690519,1.732779,0.069694206,0.13938841,B_cell_zone,0.0
CCTTTGAATTATGGCT-1,1,58,6,6210,22802.0,6210,4194.5405,Medium-High,5,1,4,1,5,0,1,1,6132.407439171015,0.796311640173813,0.03497672826051712,0.8544128060625189,-0.031112821772694588,0.8703530021610979,-0.22893112897872925,0.22365456450821644,0.45108628273010254,0.012353045525684466,-0.0049757566303014755,0.979181242354242,0.007365096360445023,0.9691880895625595,0.19154455,0.0,0.05637448,0.2664628,0.07086234,0.0008962504,0.41385958,0.24132806,0.60407877,2.1787915,2.879221,0.2028893,0.5820762,0.2962697,1.8408452,1.0483997,1.9542994,0.0,0.2611639,Medullary_cords,0.0
CGAAACATAGATGGCA-1,1,11,77,7241,31518.0,7241,4298.644,High,2,5,0,0,6,3,0,3,3321.302304819602,1.0114042647073518,-0.43440279364585876,0.016454025709958804,-0.1315300166606903,0.48841808675620463,-0.30592554807662964,0.10015277636672577,0.12209048122167587,0.5204099424766904,0.23930270969867706,0.2027975397507866,0.153058722615242,0.41938458844384435,0.06891765,0.06751287,0.30839846,0.31929258,0.18894428,0.00014892394,0.046785355,0.21510172,0.536283,1.9067829,2.3366194,0.13031362,0.7463578,0.95231277,1.1817803,1.0410737,2.721818,0.06889206,0.3686977,Medullary_cords,239.0
CGAAACGCAATTCATG-1,1,41,33,5889,22983.0,5889,3847.3738,Medium-High,2,9,2,2,3,6,0,4,3802.9443856043963,0.6365141682948128,-0.2046058624982834,0.278108422516866,-0.15520593523979187,0.4128114795369114,-0.12329098582267761,0.5162854285513168,0.2605486214160919,0.1643469005370584,0.22484496235847473,0.23225610135239616,0.3794096112251282,0.03865436941806881,0.052889436,0.0,0.19303007,0.32231513,0.18311383,0.14047025,0.10818122,0.27779302,0.9450021,1.7505891,2.601261,0.18062533,0.4511062,0.30404043,1.1006987,1.3550113,2.9053297,0.15651754,0.120416895,Medullary_cords,365.0986168146902
CGAACAGTATGGGCGT-1,1,50,96,5854,21508.0,5854,3890.4492,Medium-High,2,10,0,2,0,4,2,4,1539.1595109019727,1.0114042647073518,-0.291329562664032,0.11829361001031581,0.2911778688430786,0.11849412235110025,0.044856853783130646,0.8139218958226568,-0.026869166642427444,0.8879171408137977,-0.1651439666748047,0.38315052697166685,0.19774174690246582,0.2948958093452018,0.043994732,0.0,0.23259255,0.16790445,0.16770487,0.17082176,0.2169816,0.19791193,0.87129843,2.0382924,2.4306777,0.19092302,0.6160828,0.34826058,1.0299795,1.0819244,2.9543395,0.28638452,0.4579435,Medullary_cords,239.26763257908496
CGAACATAGTCAGAAA-1,1,9,115,7096,28050.0,7096,4503.6396,High,5,12,4,1,4,3,1,1,3939.4141696450247,0.45056120886630463,0.11245249211788177,0.554093312580841,0.2688087821006775,0.1509005569700709,-0.12348257005214691,0.5156286979701248,-0.09760190546512604,0.6078813272728807,-0.31835994124412537,0.08642414280222409,-0.04503843933343887,0.813181769603391,0.24237844,0.0,0.0,0.09786533,0.17977065,0.417872,0.062113576,0.20526251,0.5415828,2.4330654,2.9622736,0.15246092,0.54307836,0.38871604,2.2903674,1.0074432,1.7894828,0.07623046,0.33906448,B_cell_zone,0.0
CGAACCCGCATGCGTC-1,1,49,49,5408,18728.0,5408,3878.417,Medium-Low,2,9,0,2,3,7,2,4,2990.1065198417264,0.6365141682948128,0.14769217371940613,0.4360646539146901,-0.0874854177236557,0.6457319088552376,-0.04102947190403938,0.8295575587321163,0.09471698850393295,0.618579872461841,-0.31471705436706543,0.09028797822824276,0.03437244892120361,0.8569021656405913,0.05332425,0.07858386,0.1583522,0.25000155,0.17392193,0.0,0.28581622,0.3572855,0.5816866,2.058143,2.5948777,0.3603111,0.5811611,0.28647023,1.3583113,1.0233738,2.4470084,0.28861046,0.30200157,Medullary_cords,239.00209204105306
CGAACCTCTTTCCTAG-1,1,72,20,6186,23059.0,6186,4168.577,Medium-High,5,1,4,1,5,0,1,1,6204.619005225059,0.410116318288409,0.11871643364429474,0.5320872672298896,-0.0066167498007416725,0.9723175454839182,-0.05535888671875,0.7713940479435867,-0.15585792064666748,0.4108270875923488,-0.027770807966589928,0.8841806821087856,0.23834379017353058,0.20466760967043687,0.1788549,0.107669346,0.0,0.12457409,0.24817719,0.018247096,0.3224774,0.19424066,0.53501946,2.1263642,2.8936038,0.09006598,0.4311052,0.47763973,1.9571766,1.054291,1.5105788,0.09006598,0.31903154,B_cell_zone,0.0
CGAACGCCCAGTGCCG-1,1,14,70,5945,20282.0,5945,4231.7896,Medium-High,5,5,4,1,6,3,1,1,3129.7215531097972,1.0114042647073518,-0.06350548565387726,0.7388394357085962,-0.038791097700595856,0.8387318531527179,0.15791699290275574,0.4045953426699347,-0.1204889714717865,0.5259370407221158,-0.03746592253446579,0.8441731319455271,-0.34347039461135864,0.06312412806842567,0.1416007,0.09853712,0.116820596,0.06407492,0.26417676,0.26713812,0.04765182,0.23636739,0.36233023,2.3479264,2.9637318,0.33628368,0.9186855,0.33628368,2.0743997,0.834062,2.1745808,0.0,0.5155664,Medullary_cords,0.0
CGAACGGCCGGACAAC-1,1,47,15,8035,38097.0,8035,4324.9634,High,2,7,0,3,3,6,6,3,5139.140492339162,0.45056120886630463,-0.23070216178894043,0.2199942547286849,-0.32145410776138306,0.08324254083707618,0.16928133368492126,0.37117603432605745,-0.2043260931968689,0.278780369738833,-0.10814502835273743,0.569466019124359,-0.17698054015636444,0.34948587147686455,0.0484315,0.00041604723,0.24369,0.12685814,0.083368465,0.10220302,0.39503285,0.3479406,0.61414534,2.4080281,2.8726716,0.18362597,0.62276435,0.49666858,1.4834157,1.0419132,2.718749,0.65844834,0.6158813,Medullary_cords,414.90360326225175
CGAAGACTGCCCGGGA-1,1,0,48,7488,37131.0,7488,4125.9077,High,3,8,2,0,1,5,5,6,5319.466232621465,0.0,-0.2877623736858368,0.1230757551207486,-0.22587646543979645,0.23006411385310443,0.16629695892333984,0.3797912438952656,-0.08281302452087402,0.6635183700450259,-0.07763057202100754,0.6834579270670667,-0.09117802232503891,0.631808854000047,0.044399556,0.0,0.08302374,0.49237025,0.13911001,0.009926084,0.23117034,0.14360969,1.1292223,1.3762052,2.477848,0.11924509,0.92372483,0.3990808,0.8694185,1.5929677,1.7380816,0.11924509,0.25373253,Medullary_cords,689.0029027515051
CGAAGATCAGTTTCAT-1,1,74,70,3772,9705.0,3772,3698.964,Low,2,4,5,2,2,1,2,3,4486.3358099901525,0.45056120886630463,-0.08047162741422653,0.6725000400882317,-0.2760290801525116,0.1398120893591787,-0.27096712589263916,0.1475216291632724,-0.09823289513587952,0.6055517772784595,-0.08306178450584412,0.6625667729281735,0.25697165727615356,0.17042662973438702,0.11292427,0.0,0.2444744,0.17127104,0.06407277,0.0,0.4072575,0.2646334,0.62699664,2.1100879,2.7991374,0.2655867,0.3168921,0.22836317,1.6041132,1.3795497,2.3772793,0.0,0.47215414,Medullary_cords,238.40302011509837
CGAAGCTATAAATTCA-1,1,19,105,4831,14369.0,4831,3956.9263,Low,1,12,3,5,4,3,7,5,2558.6146642274994,0.5623351446188083,0.016417933627963066,0.9313795301142703,0.11578592658042908,0.5423302371524855,0.14713087677955627,0.4378298685742373,0.069062240421772,0.7168815473584885,-0.20002196729183197,0.28924946338014307,-0.07290317863225937,0.7018309132967957,0.111139946,0.0,0.11424589,0.16659154,0.09938743,0.0,0.50863516,0.2534954,0.57474977,2.2175481,2.8008003,0.24109434,0.6661173,0.19811095,1.561797,1.0578042,2.2431304,0.13207397,0.49778023,Medullary_cords,276.3494165001982
CGAAGGGTTTCAGATT-1,1,66,14,7057,30099.0,7057,4302.746,High,0,1,1,4,5,0,4,0,6098.96319057592,1.0986122886681096,-0.06911018490791321,0.7166930221522904,0.20135809481143951,0.2859731160726825,-0.009588716551661491,0.9598921167433118,0.17521563172340393,0.3543894350819455,0.11867040395736694,0.5322474351531891,0.21509912610054016,0.25365800147294315,0.20779777,0.088131964,0.09090915,0.32741046,0.22345267,0.0,0.062298004,0.23385131,0.68124783,2.1487536,2.8621557,0.13542214,0.51521045,0.70584995,2.0450096,1.0590404,2.0159714,0.0,0.20019327,B_cell_zone,0.0
CGAAGTTGCTCTGTGT-1,1,33,35,3666,9883.0,3666,3589.777,Low,5,7,6,5,3,6,3,6,3697.3774489494576,0.8675632284814613,0.11882851272821426,0.5316973660137112,0.09266460686922073,0.6262379742722182,-0.23762574791908264,0.20607566195803373,0.3390229642391205,0.06684618844462047,-0.046720340847969055,0.8063340647491412,-0.0668700635433197,0.7255187894921903,0.078512564,0.004445129,0.035490926,0.42959806,0.44540903,0.0065442794,0.0,0.1383092,0.7360068,1.8283424,2.694522,0.17476223,0.74111974,0.34952447,1.5828197,1.5453678,2.0141063,0.0,0.30092043,Medullary_cords,138.0
CGAATCTGCTCGACGC-1,1,62,22,7433,31524.0,7433,4287.664,High,2,1,0,0,5,0,0,3,5376.271198516682,0.6365141682948128,-0.531676173210144,0.0024974033676406827,-0.4348052144050598,0.016343254971315932,-0.19908387959003448,0.2915639900171785,0.22230121493339539,0.2377213956443327,0.06679760664701462,0.7258048427751557,0.33230409026145935,0.07279040866554258,0.058371693,0.00021993616,0.1360286,0.17408441,0.19032653,0.2692262,0.17174268,0.31469402,0.73854643,2.2143698,2.6083508,0.13029982,0.68360174,0.4726912,1.4939214,1.2669505,2.4715123,0.0,0.4039281,Medullary_cords,364.6601157242179
CGAATGAAGTCATTGC-1,1,62,20,8415,43124.0,8415,4461.012,High,4,1,7,4,5,0,4,7,5493.202344716605,1.0114042647073518,-0.2861070930957794,0.12534264788330554,-0.0924759954214096,0.6269436761086001,-0.18142324686050415,0.3373238255609012,-0.06436388939619064,0.7354337220950451,-0.07592859119176865,0.6900529228704254,0.16303032636642456,0.3893531743342285,0.20068192,0.0,0.25949782,0.14800249,0.3073864,0.0,0.08443142,0.24518716,0.33791298,2.2225533,2.6172566,0.118153736,0.5078863,0.7937242,1.7668223,0.74266493,2.2631526,0.0,0.15753832,Medullary_cords,238.90793205751876
CGAATGACGCATAATG-1,1,63,57,6809,25425.0,6809,4417.684,High,5,4,4,1,2,1,1,1,3676.9384003542946,0.0,-0.1359659731388092,0.47373847921386775,0.18814599514007568,0.31941616623654917,0.3250863254070282,0.0796229758002327,-0.16019093990325928,0.3977758061368172,-0.5616167187690735,0.0012408279323980907,0.3117157220840454,0.0935688914415864,0.16320664,0.09144649,0.07696869,0.11075033,0.24485135,0.0,0.3127765,0.15960705,0.5163187,2.241375,2.9265413,0.09741223,0.52768105,0.18654302,1.9435494,0.8709032,2.0188498,0.0,0.47994027,Medullary_cords,0.0
CGAATGGTAGGTCGTC-1,1,73,29,6779,25858.0,6779,4357.621,High,5,1,7,1,5,0,1,1,5836.7289640688305,1.0986122886681096,-0.40540027618408203,0.026247568942119225,0.010306686162948608,0.95689164617483,-0.049506157636642456,0.7950229144297906,0.11894097179174423,0.5313062805418661,-0.17119216918945312,0.365720614962409,0.14028632640838623,0.4596650434319675,0.125641,0.13959713,0.21015786,0.13629492,0.096439436,0.011114025,0.2807557,0.18747193,0.41116655,2.2275596,2.6557658,0.20876467,0.5181811,0.59581006,1.83222,0.76121026,2.365995,0.081739366,0.44418135,Medullary_cords,0.0
CGAATTACATGGTGTT-1,1,2,94,6515,25725.0,6515,4037.5234,High,1,12,3,6,6,3,7,5,4331.786929201389,0.0,0.15704937279224396,0.4072146365407376,0.397460013628006,0.02963231922758289,-0.1900409758090973,0.31447675572302525,0.15482325851917267,0.41397869523330877,-0.1904580146074295,0.3133961214011611,-0.014517937786877155,0.9393053147346475,0.03943434,0.052610576,0.14059062,0.13433066,0.34238505,0.0,0.29064876,0.25063768,0.4705714,2.2390022,2.7158792,0.3292039,0.44819903,0.18486074,1.2595807,0.9855862,2.6565871,0.16421004,0.2851859,Medullary_cords,364.6601157242179
CGACAATTTGATCTAA-1,1,43,95,6884,26245.0,6884,4343.4526,High,3,10,0,0,0,4,0,3,769.3243789195816,0.8675632284814612,-0.2938403785228729,0.11501118226974176,-0.1087542176246643,0.5672802795509786,-0.29035741090774536,0.11958298967564723,0.08899395167827606,0.6400294171044686,0.15302911400794983,0.41947563171953234,0.13645316660404205,0.47214034787775055,0.069151446,0.070583306,0.23773284,0.3312957,0.14711472,0.0,0.144122,0.60884255,0.8167389,1.9214903,2.7876062,0.35430664,0.90393144,0.29314446,1.3276696,1.3348589,2.6990871,0.27127463,0.5130185,Medullary_cords,276.0018115882575
CGACACGCTCCGACAG-1,1,46,94,5043,13861.0,5043,4201.008,Low,5,10,4,3,0,4,0,3,1044.4232858376913,0.8675632284814613,-0.2547878921031952,0.1742157214832792,-0.0362510085105896,0.8491678595525913,0.045933060348033905,0.809537689191827,0.022392069920897484,0.9065038827825416,-0.047633152455091476,0.8026234707577906,0.20147210359573364,0.2856946547190372,0.09598479,0.0,0.16122511,0.04666025,0.064202,0.3137172,0.31821072,0.62064695,0.3104087,2.2011604,2.7281768,0.24743964,0.75482786,0.29119197,1.6272873,0.73439217,1.9346838,0.13579154,0.47878367,Medullary_cords,137.55726080436466
CGACAGTTCGCGTTAT-1,1,36,42,6603,24543.0,6603,4368.332,Medium-High,4,9,1,4,3,6,4,7,3175.486261976266,0.6365141682948128,-0.1629156917333603,0.3896912207913325,0.15692900121212006,0.40757878461629277,-0.11509837955236435,0.5447467957223581,0.26526281237602234,0.15657226817511838,-0.3950120210647583,0.03074456937627765,-0.43537625670433044,0.016187132227566892,0.2599072,0.0,0.06502878,0.23809393,0.4369701,0.0,0.0,0.09982314,0.57689786,2.2438812,2.761495,0.12817127,0.39804918,0.73853356,2.123889,0.94240147,2.0180511,0.0,0.15630612,B_cell_zone,0.0
CGACATGCGATCTTCT-1,1,8,64,6403,22219.0,6403,4342.1206,Medium-High,1,5,3,6,6,3,7,5,3954.724010597958,1.0114042647073518,-0.01993725076317787,0.9167163198642915,-0.009848840534687042,0.9588049670829438,-0.1546022742986679,0.4146535667965979,-0.21205227077007294,0.2606067106022403,-0.3665591776371002,0.04632959358774061,0.25275683403015137,0.17779286403659136,0.044647567,0.08729815,0.0386156,0.03881263,0.18566243,0.12104708,0.48391652,0.32845956,0.36971217,2.3374686,2.8269908,0.0,0.6582152,0.18582523,1.8299258,0.73006487,2.208817,0.18582523,0.69360095,Medullary_cords,0.0
CGACCCTTAACGCCGG-1,1,48,12,6942,26463.0,6942,4421.384,High,5,7,0,1,3,6,1,1,5367.39806610242,1.0114042647073518,-0.16063936054706573,0.39643877470229,-0.3285175561904907,0.07631593015887747,0.0554841049015522,0.770890615066444,-0.2830125689506531,0.12966282108754645,-0.10661254823207855,0.5749812101444124,0.029878128319978714,0.8754574385711816,0.12778912,0.0072720987,0.11763118,0.21459056,0.31878102,0.20882471,0.00511129,0.2127814,0.60968125,2.1562858,2.816651,0.24524525,0.5330732,0.32154205,1.739676,1.113087,1.9650576,0.22087814,0.3075377,Medullary_cords,364.34324475691875
CGACCGTTGGTATTCG-1,1,75,27,6411,23316.0,6411,4293.4673,Medium-High,5,1,4,1,5,0,1,1,6104.974037618833,0.8675632284814612,-0.0886446088552475,0.641348215056004,-0.05696391686797142,0.7649480720747592,0.27965354919433594,0.1344748368468705,-0.3056453764438629,0.1004799802313855,-0.37871402502059937,0.03904181555673711,0.07508842647075653,0.6933167295063497,0.17939842,0.10794095,0.16033362,0.2597528,0.095952645,0.0,0.19662155,0.22826827,0.5660895,2.1374588,2.827611,0.13384154,0.61989594,0.41089162,1.88673,0.78528166,2.2738824,0.1784554,0.10323368,Medullary_cords,0.0
CGACGCATCCGTACCT-1,1,50,10,6174,21385.0,6174,4168.3,Medium-High,2,7,0,2,3,0,2,4,5558.719007109462,0.410116318288409,-0.3187390863895416,0.08602936962955524,-0.35732388496398926,0.05255919170927523,0.10329601168632507,0.5869979620933696,-0.16884088516235352,0.37244024452344227,0.1471603363752365,0.4377371250197961,-0.060225989669561386,0.7518949695346603,0.06092161,0.0004054093,0.39135373,0.19286904,0.0,0.0,0.35445026,0.28116715,0.8315834,2.0486796,2.6124969,0.19182761,0.42868936,0.441426,1.305411,1.0995927,2.7560337,0.49318528,0.61682415,Medullary_cords,498.48269779401573
CGACTCAGGATGTTAT-1,1,23,89,6503,22025.0,6503,4445.187,Medium-High,1,5,0,3,4,2,0,3,1798.1751861262017,1.0114042647073518,-0.48021674156188965,0.007236501739146912,-0.33064520359039307,0.0743191078243445,0.2536394000053406,0.17623217457742937,0.15599724650382996,0.4104037290264871,-0.3110685348510742,0.09428806179539835,0.0476653166115284,0.8024927991321874,0.08010547,0.06521043,0.070162416,0.16596338,0.04845134,0.29782295,0.27228403,0.39572886,0.57024,2.098839,3.0070248,0.2569812,0.8263687,0.49198538,1.7151095,0.8707595,2.0730875,0.18717642,0.5160809,Medullary_cords,138.00362314084367
CGACTTGCCGGGAAAT-1,1,77,17,8553,45825.0,8553,4350.0273,High,1,1,3,5,5,0,3,5,6761.304016238288,0.0,0.04522549360990524,0.8124195182347799,-0.11683594435453415,0.5386494631989176,0.04573516175150871,0.8103434607420364,-0.36889737844467163,0.04484953513590414,-0.3716776371002197,0.043138962867870195,0.25912949442863464,0.16674021793805557,0.0652183,0.067276165,0.10428423,0.16077507,0.31235248,0.0,0.29009375,0.21902904,0.6404201,2.1665592,2.7914853,0.24113326,0.56907684,0.5328163,1.5153272,0.9935776,2.4180753,0.23045012,0.49373105,Medullary_cords,552.6988330003963
CGACTTTGTATAGCCT-1,1,33,109,6079,20823.0,6079,4345.079,Medium-High,0,0,7,4,0,4,4,0,1564.461568719411,1.0986122886681096,-0.5976077914237976,0.00048820596697007,-0.215145543217659,0.2535530940781783,0.17202922701835632,0.36334580329197597,-0.10824290663003922,0.5691145808790455,-0.300159215927124,0.1070505723748119,0.03306691348552704,0.8622849514628165,0.1553989,0.0,0.07164554,0.26242748,0.15518607,0.017547825,0.33779415,0.33009025,0.55235946,2.1091285,2.7222476,0.14707613,0.5033227,0.6049849,1.7583361,1.1048459,2.0505626,0.0,0.33659375,Medullary_cords,137.0
CGAGACCCTAGAGTGT-1,1,43,61,4025,9153.0,4025,4024.4016,Low,5,2,7,1,0,7,1,1,1952.7583055770112,1.5607104090414068,-0.24034322798252106,0.20078168279795444,-0.016626060009002686,0.9305117134305027,0.11409707367420197,0.5482751560065438,0.27293094992637634,0.14449502221844393,-0.17090854048728943,0.3665273683501666,-0.03836444392800331,0.8404829458927016,0.18748651,0.0,0.19473475,0.25322697,0.008369158,0.034243476,0.3219392,0.14480951,1.0411212,2.4507592,2.8970225,0.18459442,0.23710673,0.5139984,2.0481918,1.3255576,2.3338275,0.0,0.48446512,Medullary_cords,0.0
CGAGAGATGTGAACCT-1,1,29,73,5337,15769.0,5337,4231.433,Low,2,3,0,2,4,2,0,3,1492.2633815784666,1.0114042647073518,-0.2961227595806122,0.11208658119518937,-0.16422727704048157,0.3858335671742479,0.06950972229242325,0.7151226143327791,-0.038153648376464844,0.8413483790513647,0.055335916578769684,0.7714864080246443,-0.2700676918029785,0.1489230035058293,0.10880872,0.125985,0.27496818,0.28590798,0.10304094,0.017322863,0.08396629,0.28687742,0.6552528,2.3053749,2.82396,0.26027596,0.41974694,0.55294204,1.4032893,1.1004878,2.3742938,0.24556312,0.4370414,Medullary_cords,238.76766950322232
CGAGAGCGCGTAGATA-1,1,45,7,7212,33404.0,7212,4159.609,High,5,7,4,5,3,6,1,1,5638.739220783313,0.0,-0.27060234546661377,0.14808882689399167,0.1819494366645813,0.33590060935477895,0.31483277678489685,0.09016325125130484,-0.6809629797935486,3.44744533689244e-05,-0.5148518085479736,0.003600835391836782,0.5755288600921631,0.0008762407913031945,0.2610345,0.007487075,0.0,0.22904257,0.26879263,0.02245685,0.21118642,0.112840906,0.45446956,2.3205428,2.8423362,0.15685473,0.59587747,0.26441455,2.1080313,0.9827843,1.4822992,0.18277149,0.35050386,B_cell_zone,0.0
CGAGAGCTTTCACTAC-1,1,64,88,6083,19259.0,6083,4402.017,Medium-Low,1,6,4,6,2,1,7,5,3115.010272856255,1.0114042647073518,0.5319397449493408,0.0024827576712394242,-0.19495193660259247,0.30189828685049985,0.21087710559368134,0.2633197496866587,-0.3648207485675812,0.04745498034500117,-0.20847798883914948,0.26891545930297783,0.05138920992612839,0.7874000831188062,0.06754287,0.06903711,0.063210994,0.10794068,0.28962058,0.0,0.4026478,0.46508202,0.5516978,2.2854805,2.8499951,0.0,0.4231106,0.43675727,1.7675169,0.86183757,2.3761177,0.0,0.56943303,Medullary_cords,137.55726080436466
CGAGAGGGTAGCCGCG-1,1,56,104,7240,27698.0,7240,4534.2344,High,3,10,7,0,0,4,1,6,2421.8102733286105,1.3321790402101223,0.17380759119987488,0.3583307839024364,0.30509281158447266,0.10112766298876974,-0.021309416741132736,0.9110061867105397,0.24265040457248688,0.1963612617564736,0.07819842547178268,0.6812625961240643,0.1131696030497551,0.5515528275340041,0.077935666,0.0012165853,0.0,0.34525964,0.3067733,0.0,0.26881477,0.3483173,0.9189592,1.9280899,2.7577424,0.23674229,0.43284267,0.4255211,1.5310992,1.6108078,1.8853271,0.2129502,0.27126646,Medullary_cords,137.92751719653333
CGAGATGTTGCCTATA-1,1,2,32,6729,26559.0,6729,4302.8804,High,4,8,7,4,1,5,4,7,5783.202313597545,0.6931471805599453,-0.6939716935157776,2.108800836352204e-05,-0.15728268027305603,0.40650935726045007,0.2957606017589569,0.11254690499857295,0.08334425836801529,0.6614868320598244,-0.4423297643661499,0.014383328925977244,0.038001950830221176,0.8419712941870054,0.10520301,0.070261866,0.0712517,0.2977532,0.23076138,0.1982213,0.02654753,0.21223761,0.61451966,2.119914,2.6290154,0.119842246,0.5709296,0.70092356,1.8183477,1.1190256,2.1530986,0.07989483,0.29365444,Medullary_cords,0.0
CGAGATTTCGCTCGGG-1,1,42,116,5826,19545.0,5826,4081.303,Medium-Low,2,10,5,2,0,4,2,4,1986.621755644491,0.0,-0.11846791207790375,0.5329523131459708,0.04467806592583656,0.8146507723668018,-0.14903341233730316,0.43186235887342717,0.19790241122245789,0.2944956979230065,0.022893939167261124,0.9044177720993234,0.21785037219524384,0.24748918817642884,0.01982489,0.0022773284,0.3402706,0.06721315,0.06866631,0.033931132,0.4678166,0.4753771,0.42273656,2.149229,2.5968523,0.16791962,0.39526117,0.3311281,1.2362026,1.0193036,2.7436614,0.23254047,0.6990402,Medullary_cords,602.7354311802153
CGAGCACTTCAAGTTT-1,1,23,25,6075,19406.0,6075,4413.1235,Medium-Low,3,11,2,0,1,6,1,6,4694.046974626479,0.6365141682948128,-0.45710456371307373,0.011101483309699555,0.4656471610069275,0.009508936277845614,0.05372755974531174,0.7779609563255805,-0.6042560935020447,0.0004059400844302854,-0.34607529640197754,0.061020483451958304,0.08717600256204605,0.6469039963032759,0.10079423,0.084467985,0.0,0.27262846,0.18115482,0.19156143,0.1693931,0.24442765,0.87215173,2.0656953,2.8244157,0.24442765,0.3532421,0.19246903,1.7256864,1.4832056,1.7585127,0.10391725,0.29432023,Medullary_cords,138.0
CGAGCGTTGATCAGCC-1,1,12,46,6289,23054.0,6289,4149.991,Medium-High,2,8,0,0,1,5,0,3,4248.747227124721,1.0114042647073518,0.19878405332565308,0.29230622001741163,0.19789405167102814,0.29451650769943355,-0.3475040793418884,0.05989017335333531,-0.24421736598014832,0.1933977558492135,-0.24123330414295197,0.19906828860095171,-0.10177327692508698,0.5925518217576967,0.04723072,0.0,0.14948209,0.2739823,0.2472804,0.0,0.28202453,0.4819235,0.794109,1.8930686,2.888792,0.34830448,0.5542597,0.22729877,1.3276622,0.99652135,2.4270945,0.18015166,0.26825583,Medullary_cords,550.0009090901577
CGAGCTGGGCTTTAGG-1,1,17,67,6524,22820.0,6524,4409.208,Medium-High,5,3,4,6,6,3,7,1,2900.955876948148,0.6365141682948128,-0.3515217900276184,0.05679955421148331,-0.04797188937664032,0.8012475645865046,0.17339877784252167,0.3594799854777716,-0.016594041138887405,0.9306452162411565,-0.37955576181411743,0.038573356378572794,-0.14180047810077667,0.454785658448427,0.09171925,0.11906192,0.053016856,0.08894036,0.14287134,0.21300441,0.29138583,0.18357757,0.60528433,2.295354,2.9621725,0.18170038,1.0976312,0.24118185,1.8749708,1.085913,1.8452815,0.0,0.6991713,B_cell_zone,0.0
CGAGGAGCTTCCATAT-1,1,23,117,6937,27581.0,6937,4329.207,High,3,0,0,0,4,2,0,6,2685.4543377238792,0.9502705392332347,-0.531181812286377,0.002525074528153595,0.04398452118039131,0.817479623429649,0.258558988571167,0.16770930277980733,-0.1722603142261505,0.3626917974470565,-0.3410375714302063,0.06513955831873999,-0.1017974317073822,0.592463544658778,0.058293294,0.069580235,0.22319122,0.33941695,0.11170135,0.0,0.197817,0.19744737,0.8253984,1.901428,2.661379,0.30569482,0.56309307,0.49313903,1.2328148,1.3570216,2.184265,0.13633421,0.23334408,Medullary_cords,365.57078657901536
CGAGGATCGGGAACGA-1,1,28,118,6819,29262.0,6819,4126.333,High,5,0,7,1,0,2,1,1,2388.1327433792285,1.0397207708399179,-0.41705241799354553,0.021857896438367715,-0.1413498967885971,0.4562347758623904,0.4572005271911621,0.011082423217129834,-0.20769420266151428,0.2707601603822115,-0.40532082319259644,0.026279801274433183,-0.10249253362417221,0.5899256427687175,0.18804793,0.00072937674,0.0,0.14364274,0.15460318,0.19068392,0.3222929,0.17615668,0.6959255,2.374934,2.8603158,0.1469837,0.6854956,0.3849004,2.1813836,1.0336809,1.8984447,0.1469837,0.27161023,B_cell_zone,0.0
CGAGGCCAGGCATTGG-1,1,14,22,8156,38030.0,8156,4522.0933,High,3,11,0,0,1,5,0,6,5375.8040328866155,1.2424533248940002,-0.763685405254364,9.13074705761514e-07,-0.09741699695587158,0.6085647056979133,0.18882742524147034,0.3176344722270182,-0.08363434672355652,0.6603784724411587,-0.39821913838386536,0.029294129361413304,-0.012720058672130108,0.9468103713888806,0.059245944,0.04382707,0.09578671,0.28557774,0.15300733,0.12682351,0.2357317,0.34260875,0.85275954,1.9697249,2.6599078,0.22792143,0.47756535,0.3964068,1.4048219,1.4019663,2.0441287,0.11673072,0.5441996,Medullary_cords,138.0
CGAGGCTAAATATGGC-1,1,29,71,6338,20899.0,6338,4406.89,Medium-High,2,3,0,2,4,2,0,3,1591.085792784286,1.0986122886681096,-0.26607581973075867,0.15525858066056747,-0.1569119393825531,0.4076304149011132,-0.29766198992729187,0.11014577494343779,-0.07231298089027405,0.7041365798846753,0.12060952186584473,0.5255200147987721,-0.12101483345031738,0.5241190739406357,0.016483,0.05294144,0.17192543,0.13116872,0.20204656,0.22742236,0.19801249,0.34949672,0.32152689,1.959924,2.7011347,0.14663345,0.59940994,0.39974648,1.3604996,0.92759013,2.6816406,0.3633623,0.43732885,Medullary_cords,238.40302011509837
CGAGGGACTGCGGTCG-1,1,38,78,5216,16029.0,5216,4101.0854,Medium-Low,5,2,4,1,0,4,1,1,688.0029069706028,0.45056120886630463,0.1583586186170578,0.4032657678484423,0.04587433487176895,0.8097767782280902,-0.11237571388483047,0.5543656327520627,0.02280392125248909,0.9047919024215455,-0.648211658000946,0.00010732580756554058,-0.10301665961742401,0.5880151323209852,0.17459819,0.13224013,0.08151914,0.08768959,0.21060151,0.0,0.3133515,0.19246855,0.53990304,2.603547,2.8461173,0.06060446,0.7488938,0.21704376,2.15191,0.74565464,2.0056396,0.12120892,0.2966051,B_cell_zone,0.0
CGAGGGTATCCAGGTG-1,1,64,60,5945,18773.0,5945,4320.343,Medium-Low,5,4,4,1,2,1,1,1,3662.5893845747983,0.6365141682948128,-0.010042194277048111,0.9579969205700588,0.08050321787595749,0.6723785602198507,0.05484062805771828,0.7734786444703928,0.008200278505682945,0.9656960338404323,-0.21597139537334442,0.2516913574153666,0.25584739446640015,0.17237000221419546,0.1493598,0.1953875,0.13014863,0.056662507,0.036066186,0.0,0.43237537,0.3027895,0.3290128,2.3890095,2.9500475,0.30067077,0.5500831,0.21350889,2.0439656,0.7896645,1.9937634,0.28808057,0.4223495,B_cell_zone,0.0
CGAGTACTAAAGAGGA-1,1,45,35,6080,21295.0,6080,4151.791,Medium-High,5,9,0,1,3,6,0,1,3743.316711153359,1.3296613488547582,0.015025405213236809,0.9371878399173224,-0.0977705642580986,0.6072582862256874,0.07675908505916595,0.6868320312621944,0.09736889600753784,0.6087425284985636,0.22622093558311462,0.22933520791111894,0.3794054090976715,0.03865670072693469,0.10596447,0.0,0.11450138,0.27805942,0.19005686,0.1960722,0.11534574,0.21558098,0.7367594,2.113409,2.782904,0.3853601,0.26182324,0.275287,1.506151,0.94319755,2.3086195,0.16557297,0.23871568,Medullary_cords,497.96586228375133
CGAGTGAAGGTACCAG-1,1,55,29,7074,31525.0,7074,4031.8816,High,2,9,5,2,5,0,2,4,4542.824231686715,0.0,-0.3335299789905548,0.07167643864638097,-0.10360876470804214,0.5858600880474452,-0.05097432807087898,0.7890779502603911,-0.09790025651454926,0.6067793745099743,-0.1646445095539093,0.3846110356611355,0.05657903850078583,0.7664924010243814,0.08790242,0.0534076,0.28851062,0.08546907,0.043980498,0.12641515,0.31431463,0.23867422,0.5461456,2.2988634,2.7570775,0.19170026,0.5308255,0.25311106,1.6134923,1.0107698,2.9399858,0.28998727,0.36803603,Medullary_cords,138.42326394071193
CGAGTGCTATAGTTCG-1,1,10,38,7060,28627.0,7060,4315.9844,High,2,8,0,0,1,5,0,3,4805.364190152501,0.6931471805599453,-0.38727322220802307,0.03448533713708966,-0.39303016662597656,0.031669630788415774,-0.33525827527046204,0.07012840592117228,0.09006457030773163,0.635994447986962,0.14828477799892426,0.43420519776040833,0.08772487938404083,0.6448253807193636,0.06272596,0.0,0.27083442,0.2537747,0.02106598,0.0,0.39159894,0.34033397,0.62977487,1.9726115,2.6987689,0.1792202,0.37979534,0.57836133,1.1275632,1.0806638,2.4422984,0.20736918,0.3368209,Medullary_cords,497.24139007126104
CGAGTTCTGTCCCACC-1,1,27,85,5069,13411.0,5069,4299.529,Low,0,0,7,4,4,2,4,0,1333.4804085549963,1.5607104090414068,-0.22127021849155426,0.23996075968847774,-0.21789568662643433,0.24738842325290333,-0.029572883620858192,0.8767201364977304,-0.08955635130405426,0.6379085700552525,-0.08456109464168549,0.6568423118712162,0.12962783873081207,0.4947830519183236,0.14811711,0.0075128768,0.0,0.2207971,0.23800448,0.34895933,0.036609024,0.06964532,0.46648082,2.2997708,2.8656294,0.0,0.58398575,0.68238634,2.0054643,1.1289217,1.8766625,0.13929065,0.44078436,B_cell_zone,0.0
CGAGTTTATCGGACTG-1,1,37,93,4650,11690.0,4650,4229.2,Low,3,0,2,0,0,4,5,6,364.3295211755424,0.0,0.17611151933670044,0.3518952199863888,0.10302278399467468,0.5879928241255099,0.07756191492080688,0.6837235285149061,0.0864638090133667,0.6496049825488839,0.4460708200931549,0.01348430490930039,0.03194962814450264,0.8668963876379474,0.022653498,0.0019831196,0.0611283,0.37557486,0.24471378,0.015993794,0.2779526,0.3105048,0.9555504,1.6309277,2.4905019,0.43377015,0.74868214,0.20194647,0.7203007,1.4430734,1.8728731,0.1545491,0.4354912,Medullary_cords,365.0
CGATAATACTCAGGTT-1,1,43,117,5784,21367.0,5784,3894.7688,Medium-High,2,10,5,2,0,4,2,4,2084.4279790868286,0.0,-0.17578080296516418,0.3528147317413029,-0.011482296511530876,0.9519799117116867,0.03157288581132889,0.8684523116024865,0.22791019082069397,0.22578320345159134,-0.03540941700339317,0.8526311626192685,0.08350657671689987,0.6608665650780529,0.03428695,0.0,0.3287004,0.12087604,0.0608575,0.26393378,0.19134532,0.50332904,0.47548968,2.1105554,2.6396296,0.23994295,0.4389487,0.19195436,1.4273994,0.86467195,2.7811663,0.43025774,0.5030584,Medullary_cords,498.89477848540366
CGATACCTCGCGGACA-1,1,40,48,4201,12066.0,4201,3743.057,Low,5,9,3,5,3,7,1,1,2764.0582483008566,1.0114042647073518,-0.11223672330379486,0.5548587675969705,0.1551210731267929,0.4130701612624139,-0.008785972371697426,0.9632475033343317,0.15613627433776855,0.40998152038862123,-0.1545257866382599,0.4148872983387983,-0.02626200206577778,0.8904346014450361,0.15848328,0.16052069,0.075004846,0.022752602,0.18704186,0.022448506,0.37374815,0.0754558,0.40704823,2.2239742,3.0552251,0.0,0.62682456,0.23156182,2.1740592,0.72887886,1.7189906,0.24435118,0.57225764,B_cell_zone,0.0
CGATAGCGATACAGTG-1,1,66,10,7336,32078.0,7336,4373.646,High,4,1,7,4,5,0,4,7,6330.640567904641,0.45056120886630463,0.5452809929847717,0.0018319825187750115,0.20936219394207,0.2668442276494742,0.05801427364349365,0.7607380120305339,0.1393725872039795,0.46262293378004565,0.05956564098596573,0.7545320569280005,0.46001413464546204,0.010535670281362425,0.16012506,0.0,0.09265501,0.21984734,0.17725444,0.17722334,0.17289482,0.1351197,0.685953,2.2305183,2.898105,0.0,0.43999475,0.79238373,2.1509457,0.98386145,2.28897,0.135681,0.335426,Medullary_cords,0.0
CGATAGTCGTACTGCA-1,1,66,88,6147,22147.0,6147,4252.0845,Medium-High,0,6,7,4,2,1,4,0,3354.0095408331804,1.3296613488547582,0.6254264712333679,0.00021931773033322498,-0.5181221961975098,0.0033584516128577113,0.06512820720672607,0.7324054237656226,-0.28006166219711304,0.1338833253279712,-0.034706685692071915,0.8555250923464432,0.1918128877878189,0.3099013303756979,0.05956017,0.1605758,0.0877877,0.111138634,0.32611537,0.00055095024,0.2542714,0.093154274,0.5200812,2.1713345,2.8515918,0.093154274,0.4414979,0.64366305,1.8999982,0.82460934,1.9983733,0.34717393,0.3741767,Medullary_cords,0.0
CGATATTAGCCGCAGG-1,1,7,35,6047,21133.0,6047,4182.7383,Medium-High,3,8,2,0,1,5,5,6,5205.119114871436,0.0,-0.20810432732105255,0.26979388059855947,0.057530056685209274,0.7626780355771103,0.007792370393872261,0.9674015016323758,-0.36645346879959106,0.046397413101845156,-0.17289967834949493,0.3608859504732262,0.24184550344944,0.1978956853455212,0.040223803,0.008178275,0.1970777,0.596667,0.09523408,0.0,0.06261914,0.21602386,1.0906627,1.3855481,2.4042346,0.22853407,0.68722403,0.180105,0.770957,1.8060153,1.564334,0.26335186,0.29453143,T_cell_zone,633.1413744180678
CGATCCACCATTGTTG-1,1,72,54,4680,12829.0,4680,4063.9055,Low,3,4,0,0,2,1,0,3,4696.6992665062135,1.0986122886681096,-0.12322410941123962,0.516514770336047,0.04383400082588196,0.8180938685262937,-0.26963451504707336,0.1496013358732879,-0.16080740094184875,0.39593839912594153,-0.04486991465091705,0.8138686556612937,0.11449553817510605,0.5468697857305274,0.059249848,0.0006511102,0.20439036,0.18542093,0.21507701,0.021398537,0.3138122,0.21705878,0.6769179,1.9036496,2.664916,0.1440894,0.52969754,0.47767994,1.3601192,1.1740925,2.4295495,0.1440894,0.3930462,Medullary_cords,601.4000332557357
CGATCCGACCCAGTGC-1,1,38,50,4656,13858.0,4656,3897.994,Low,1,9,3,5,3,7,3,5,2616.0093654266607,0.0,-0.07332608103752136,0.7001803954983127,0.026143811643123627,0.8909247715679952,-0.0707424208521843,0.7102846157520329,0.040812551975250244,0.8304456951406116,0.042938463389873505,0.8217505584077375,-0.010335836559534073,0.9567698355236531,0.07526314,0.16665109,0.073601246,0.18215613,0.0441987,0.0,0.45812973,0.13581422,0.48328844,2.265458,2.7928448,0.20372133,0.34773314,0.3996877,1.9013388,0.89486736,2.1874933,0.0,0.19201575,Medullary_cords,0.0
CGATCCTCGCAACATA-1,1,66,40,7091,29906.0,7091,4309.361,High,5,4,3,1,5,0,1,1,4708.148255949466,0.0,0.09725965559482574,0.6091464569501821,-0.18265044689178467,0.33401023140666064,-0.03064744360744953,0.8722763677518638,-0.29698655009269714,0.11099431960582122,-0.544574499130249,0.0018622938214769348,0.04289395734667778,0.8219323832312097,0.10860298,0.072368,0.12743899,0.2403628,0.28412893,0.016554194,0.15054408,0.3258156,0.58347476,2.1185305,3.0256271,0.07212527,0.4278274,0.4327149,1.5178531,1.1020328,1.9172676,0.07212527,0.6073035,Medullary_cords,138.42326394071193
CGATCGAGAAGCACCA-1,1,74,64,5683,18394.0,5683,4145.9927,Medium-Low,1,4,3,6,2,1,2,3,4617.43835909046,0.8675632284814613,-0.4140576720237732,0.02292384831279304,-0.3752952516078949,0.04099163537491448,-0.11977272480726242,0.5284180807261684,0.2001594752073288,0.2889111785434725,-0.24137945473194122,0.1987879174644519,0.3051063120365143,0.10111180122186099,0.09953218,0.004292869,0.19811739,0.17984143,0.16819556,0.0,0.35002062,0.18121536,0.56815404,2.1205425,2.7999005,0.32696506,0.7719512,0.34677666,1.5697162,0.940617,2.1452446,0.10853833,0.2673639,Medullary_cords,364.24716882907956
CGATCTGTTGGAGGAC-1,1,46,24,6064,22675.0,6064,3927.3264,Medium-High,2,7,0,2,3,6,2,4,4508.366666543439,0.45056120886630463,-0.07839280366897583,0.680511711499284,0.025896912440657616,0.8919488614490462,0.19290125370025635,0.3071116682622912,-0.22023142874240875,0.2422312202438943,0.03719756007194519,0.8452759151918797,-0.046940725296735764,0.8054378177009275,0.04803803,0.0033815058,0.30549872,0.16000648,0.20031835,0.02888394,0.2538729,0.29008532,0.7438606,2.0459166,2.6034148,0.17038655,0.5126852,0.3811123,1.2091336,1.0318294,2.5811362,0.27402058,0.63804525,Medullary_cords,238.40302011509837
CGATGGACCCTACGCC-1,1,22,96,6188,20700.0,6188,4304.693,Medium-High,1,0,0,3,4,2,0,3,1993.2398250085212,0.6931471805599453,-0.22515051066875458,0.23160534335622132,-0.4244581460952759,0.01939583868912988,0.05436107516288757,0.7754089315558552,0.6086595058441162,0.0003584276983760561,-0.25525346398353577,0.17340295575298598,-0.1223960742354393,0.5193585110279914,0.021940207,0.059635837,0.021716993,0.23121233,0.37655985,0.14506084,0.14387393,0.28733534,0.58535695,1.9870228,2.6874359,0.3035197,0.67529213,0.09854011,1.1527616,1.1625303,2.240796,0.09854011,0.5145006,Medullary_cords,239.00209204105306
CGATGTTGTTATCTAC-1,1,58,12,5389,16174.0,5389,4230.655,Medium-Low,5,1,6,1,5,0,1,1,5754.507537574349,0.6365141682948128,0.3014639616012573,0.10545953125964118,0.07950451970100403,0.6762229125848822,0.1423458307981491,0.4530350298687497,0.5192464590072632,0.00327843426084723,0.1422557681798935,0.4533238903666725,0.10062074661254883,0.5967705161619352,0.1345936,0.21939972,0.018749675,0.22209533,0.14967903,0.0,0.25548255,0.19131264,0.5988599,2.281468,2.9534647,0.060176097,0.58387625,0.2811538,1.9149494,1.1430097,1.6254237,0.12035219,0.080234796,B_cell_zone,0.0
CGATTAAATATCTCCT-1,1,56,62,7007,31543.0,7007,3835.4224,High,2,2,5,2,2,7,2,4,2802.2449928584047,0.0,-0.1917618364095688,0.31003257064426826,-0.08129267394542694,0.6693453706251432,0.10103391110897064,0.595256693075496,0.32692641019821167,0.0778360700301212,-0.15417365729808807,0.4159642867788352,-0.11609924584627151,0.5412306756566423,0.00087299675,0.05573201,0.21601108,0.0,0.17830873,0.2407658,0.30830938,0.29927748,0.34369585,2.2073147,2.422777,0.1646584,0.4806692,0.3592319,1.3053924,0.5940467,3.0651839,0.37515068,0.5704963,Medullary_cords,495.9858868959882
CGATTCGCCTGGCTGC-1,1,57,73,5027,14069.0,5027,4142.9897,Low,5,6,4,1,2,1,1,1,2499.7139836389283,0.6931471805599453,-0.3125963807106018,0.09259697077124006,0.14411932229995728,0.4473669155096203,0.16748778522014618,0.37633976417389065,-0.09100788831710815,0.6324476898350102,0.001851201057434082,0.9922537874177386,0.01995697431266308,0.9166342128056636,0.14150742,0.13664699,0.08781975,0.34645408,0.22575277,0.0,0.061818957,0.13424511,0.8220413,2.382238,2.8264887,0.067122556,0.64415884,0.20136768,1.9870512,1.3692023,2.1498373,0.13424511,0.27980196,Medullary_cords,0.0
CGATTTGTCATTAATG-1,1,75,25,6718,25475.0,6718,4324.306,High,5,1,3,1,5,0,1,1,6201.171260334615,1.0114042647073518,0.0016972869634628296,0.9928978126414838,0.015796462073922157,0.9339713116479111,0.2073909342288971,0.2714761200822631,-0.3181776702404022,0.08661441824148784,-0.3814045190811157,0.0375602896027064,-0.04532120004296303,0.8120295767838948,0.07236422,0.0632225,0.04655933,0.21586311,0.3717778,0.0014201208,0.22879286,0.27897036,0.5984316,2.0603712,2.879483,0.2690403,0.6727218,0.3766871,1.5856215,1.1523178,2.1996608,0.0,0.43796015,Medullary_cords,138.00362314084367
CGCAAACACGAGTTAC-1,1,27,37,5217,15926.0,5217,4121.8574,Medium-Low,5,11,4,1,1,6,1,1,3749.890265061099,0.6730116670092565,0.20641492307186127,0.2737886109301038,-0.017794188112020493,0.9256424908277685,-0.19995811581611633,0.28940663085128465,-0.11151117086410522,0.5574362935045764,-0.43976861238479614,0.015027167730847947,0.250748872756958,0.18137982326015561,0.13438651,0.19182496,0.07699976,0.1563426,0.023136143,0.0008416046,0.41646844,0.15701517,0.46133262,2.442265,2.9430974,0.18274409,0.40110075,0.38053748,2.2124104,0.8987602,1.7498137,0.24365878,0.55088246,B_cell_zone,0.0
CGCAATTACTTTCGGT-1,1,23,33,5429,17175.0,5429,4124.468,Medium-Low,1,11,3,6,1,5,7,5,4190.163361970509,0.6365141682948128,-0.5506321787834167,0.001615970812186464,0.3420889675617218,0.06426248148475773,0.1911487579345703,0.31161135049815897,-0.06089112162590027,0.7492415454260734,-0.013715267181396484,0.9426553866039914,0.31320127844810486,0.091933838931588,0.06281724,0.0,0.069690675,0.15764764,0.22075126,0.026057258,0.46303597,0.5102263,0.610364,2.199202,2.9179375,0.057355326,0.45808882,0.25040075,1.7821794,0.91041124,2.0775335,0.11471065,0.8333658,Medullary_cords,138.0
CGCAATTAGGGTAATA-1,1,28,44,6429,23004.0,6429,4260.948,Medium-High,1,3,0,6,1,2,7,5,3257.1650249872205,0.9556998911125343,0.04036569595336914,0.83227590442027,-0.11424193531274796,0.5477640390529431,-0.14908751845359802,0.43169330340489537,0.19904518127441406,0.2916597216386036,-0.45067882537841797,0.012441882229766842,0.125154510140419,0.5099149115595022,0.040771432,0.09210336,0.13879181,0.114023976,0.2511788,0.0,0.3631306,0.35362327,0.52237767,2.3835478,2.7201128,0.20153973,0.510025,0.40512314,1.5926473,0.9708052,2.8785098,0.33690986,0.73314387,Medullary_cords,138.42326394071193
CGCAATTCTACAATAA-1,1,26,28,7198,27536.0,7198,4493.227,High,5,11,4,1,1,6,1,1,4373.360835787506,0.45056120886630463,-0.3842248022556305,0.03605616724219727,0.12857547402381897,0.498322331325828,-0.15571580827236176,0.41125916577549837,-0.43367186188697815,0.01665681625302157,-0.1956082284450531,0.30024165159274296,0.17051443457603455,0.3676501028809617,0.18766327,0.21912791,0.056745775,0.21052183,0.16351016,0.0,0.16243108,0.14570934,0.5556454,2.365488,2.8887022,0.06825295,0.5371182,0.22316572,2.1678953,0.9737909,1.788092,0.07745639,0.3470125,B_cell_zone,0.0
CGCACATGTCCACTAC-1,1,39,87,5251,14773.0,5251,4348.454,Low,4,0,7,4,0,4,4,7,137.92751719653333,1.3296613488547582,0.1787673979997635,0.34456303007898975,0.014256056398153305,0.9403982090008803,0.25474077463150024,0.17429812573389059,0.19306907057762146,0.30668292904528954,0.27446556091308594,0.14216140811458164,0.1275199055671692,0.501885126581486,0.13039437,0.21394764,0.14441077,0.06497708,0.17341217,0.06591455,0.20694335,0.0,0.5586813,2.4254255,2.7539577,0.19387794,0.33545262,0.7837997,2.107264,1.052222,1.9065506,0.21402948,0.40323168,B_cell_zone,0.0
CGCACGTCTGTTTATG-1,1,68,32,5226,15747.0,5226,4162.609,Low,3,1,2,0,5,0,5,6,5270.0403224263855,0.0,-0.2876942455768585,0.12316845467733017,-0.03322774916887283,0.8616214865986518,0.11388576775789261,0.5490211081520062,0.01992170326411724,0.9167810430569033,-0.14381447434425354,0.4483384936860191,0.36375609040260315,0.04815484845648096,0.037083562,0.124838,0.19496663,0.5344508,0.10239199,0.006268983,0.0,0.45364347,1.056193,1.5556147,2.5244143,0.28685266,0.5550473,0.26641265,1.2748106,1.555708,1.8487993,0.24583411,0.24583411,Medullary_cords,365.0
CGCACGTGCGCTATCA-1,1,39,99,4911,13137.0,4911,4187.5645,Low,3,0,0,0,0,4,0,3,767.1297152372603,1.0114042647073518,-0.5167054533958435,0.003461672878178449,0.04869755730032921,0.7983019597057376,-0.42997536063194275,0.01771439769598694,0.08161286264657974,0.6681166139964269,0.3496001064777374,0.05826177334930117,-0.08110304176807404,0.670073498355918,0.095938124,0.0,0.058708984,0.29530343,0.17368798,0.28443086,0.09193057,0.23063214,0.87100965,2.0519853,2.7974157,0.07075005,0.50970095,0.3279024,1.4920356,1.5399892,2.1350987,0.23130447,0.3773336,Medullary_cords,414.40318531594323
CGCAGAAACATTTGCG-1,1,8,58,7170,26897.0,7170,4535.7607,High,1,8,4,6,6,5,7,5,4144.299699587375,1.0114042647073518,-0.3735111355781555,0.04203968841481826,-0.21541471779346466,0.25294529516266595,-0.012259666807949543,0.9487329717202273,0.12602780759334564,0.5069429580383288,-0.05468283221125603,0.7741136557128055,0.0421576090157032,0.8249419635322411,0.104620576,0.0013607488,0.05962023,0.15336907,0.08781873,0.2800881,0.31312257,0.436243,0.65265155,2.1240735,2.9954357,0.14852124,0.33679163,0.34164503,1.6105747,1.0117593,1.8086817,0.079028875,0.6291618,Medullary_cords,137.92751719653333
CGCAGATCTTCACCCG-1,1,25,113,6922,26850.0,6922,4382.955,High,3,0,7,0,4,2,5,6,2320.519338424052,0.6365141682948128,-0.5309697389602661,0.0025370259663144283,0.018348023295402527,0.9233347946056575,0.5132405757904053,0.00372567623553926,-0.1929812729358673,0.30690718803313116,-0.6134645938873291,0.00031224515694717553,-0.22196000814437866,0.2384609598644096,0.06323501,0.0004143491,0.028655559,0.3717095,0.2773457,0.1657403,0.0928996,0.17102244,1.0954187,1.9045169,2.5702636,0.10915938,0.6028622,0.36505833,1.2860516,1.4819278,1.960841,0.07914745,0.3903576,Medullary_cords,137.0
CGCAGGCGATCCAAAC-1,1,52,102,6834,25030.0,6834,4461.5576,Medium-High,1,10,4,3,0,4,6,3,1934.5927219960279,0.8675632284814613,-0.23937253654003143,0.2026618256165561,-0.15982869267463684,0.39885777234356334,-0.22787338495254517,0.22586019743707872,0.11579926311969757,0.5422834125054486,-0.3095565736293793,0.09598450245427272,0.2692354917526245,0.15022815447361668,0.049376123,0.0,0.17230506,0.11563462,0.17641534,0.009136507,0.47713235,0.44961283,0.53028,2.0761006,2.6891966,0.27679402,0.51642525,0.21008821,1.7699329,1.1269239,2.5337725,0.46955273,0.38831586,Medullary_cords,137.55726080436466
CGCAGTTCTATCTTTC-1,1,76,114,4186,11364.0,4186,3845.5288,Low,1,13,5,5,7,1,3,5,4891.615786220336,0.5623351446188083,0.19001346826553345,0.3145481148009013,0.0961860790848732,0.6131221032397676,-0.035875823348760605,0.8507114791623562,0.18942387402057648,0.3160800376934313,-0.34198248386383057,0.06435088885725007,-0.12412025034427643,0.513445753249483,0.025328346,0.09847811,0.0068532904,0.23642683,0.55470234,0.021593837,0.056617305,0.24042842,0.4053986,2.1814935,2.4322088,0.0789174,0.5385808,0.2367522,1.6635907,0.9373528,2.129584,0.0,0.28108606,Medullary_cords,366.3659372812926
CGCATCATGGCTTCAG-1,1,9,85,3218,6835.0,3218,3741.4534,Low,2,5,0,2,6,3,2,4,3479.6485454712233,0.8675632284814613,-0.2646947503089905,0.1574948793653423,0.22623103857040405,0.22931385325404954,0.0707719475030899,0.7101688662374656,0.07178804278373718,0.7061894660270297,0.021547842770814896,0.9100144352935228,0.061721041798591614,0.7459346623642782,0.025068076,0.16782513,0.16656765,0.24499688,0.38583323,0.009708923,0.0,0.11267544,0.8182317,1.8154669,2.4873118,0.17095631,0.45070177,0.39630717,1.3004326,0.9994059,2.4755158,0.0,0.22794175,Medullary_cords,364.00137362378183
CGCATCCATCAGCCAG-1,1,28,116,6595,24998.0,6595,4266.021,Medium-High,5,0,7,1,0,2,1,1,2269.4556616069854,1.2424533248940002,-0.37299883365631104,0.04234455906373254,-0.24089860916137695,0.19971138660324922,0.4605018198490143,0.010443245532249085,-0.0596485398709774,0.7542008529233551,-0.37196969985961914,0.04296233599685649,-0.21381458640098572,0.2565725256672511,0.16416207,0.16871138,0.025228288,0.26256624,0.29203784,0.0062410827,0.0810531,0.18901744,0.52126247,2.4168897,2.9483457,0.23107934,0.49505436,0.40702516,2.0627656,0.9473878,1.8256209,0.14695556,0.3189162,B_cell_zone,0.0
CGCATGCCGAATGCGT-1,1,67,89,5662,19472.0,5662,4082.0496,Medium-Low,0,6,7,5,2,1,4,0,3474.875537339431,1.0114042647073518,0.2704225480556488,0.14836897278221464,-0.20189005136489868,0.28467531797011153,0.14276361465454102,0.4516963449373239,0.10231216251850128,0.590583744621179,-0.06927449256181717,0.7160470626516788,0.12094182521104813,0.5243712898799855,0.0932195,0.08502455,0.040010635,0.17560121,0.18869686,0.0,0.4174473,0.24242643,0.6245966,2.0058024,2.6986425,0.10361579,0.38153395,0.396823,1.8081127,0.91511476,1.9499927,0.10361579,0.11776902,Medullary_cords,137.92751719653333
CGCATGGTGCGATGCT-1,1,40,66,3314,7655.0,3314,3677.3396,Low,5,2,7,5,0,7,3,5,1533.5357837363952,0.6365141682948128,0.07417066395282745,0.6968881379333874,-0.2687207758426666,0.15103950507709268,0.2226966768503189,0.23686615133102143,0.13696406781673431,0.4704674694020431,-0.16413822770118713,0.38609478050499974,-0.2682550251483917,0.15177638688636816,0.13648108,0.0004076192,0.23756276,0.12913147,0.0,0.4964171,0.0,0.3982767,0.5141208,2.1456106,2.7012916,0.208915,0.41783,0.79504025,1.9510783,0.92077714,2.4124503,0.41783,0.615073,Medullary_cords,0.0
CGCATTAGCTAATAGG-1,1,27,57,5681,17150.0,5681,4325.647,Medium-Low,5,3,4,1,1,2,1,1,2507.6110144916815,0.45056120886630463,0.042500246316194534,0.82354124156804,0.025293584913015366,0.8944520603216621,0.041998401284217834,0.8255929939561215,-0.14602036774158478,0.44133371297703383,-0.1362936943769455,0.4726631522131743,-0.02464935928583145,0.8971260417291644,0.4372063,0.0032584004,0.123064786,0.20435873,0.06335343,0.0180764,0.15068203,0.15404966,0.5268434,2.3711174,3.0056028,0.0,0.44916204,0.11485009,2.2742147,0.9207096,1.7659982,0.22970018,0.56462,B_cell_zone,0.0
CGCCAAGAAGCCGAGT-1,1,39,17,3978,12129.0,3978,3571.3928,Low,5,7,6,5,3,6,3,5,4888.782363738439,0.6931471805599453,-0.16896909475326538,0.3720719872621339,0.14657455682754517,0.43958325812808413,-0.08095081895589828,0.6706581980598944,0.38834401965141296,0.0339468566932476,-0.07854251563549042,0.6799335768857101,-0.19663278758525848,0.2976668972431615,0.06289232,6.704709e-05,0.0,0.19908677,0.2793835,0.24530391,0.2132665,0.22548361,0.518557,1.9546043,2.8377151,0.0,0.34725356,0.46902353,1.5469829,1.2230753,1.8669891,0.0,0.46300477,Medullary_cords,138.42326394071193
CGCCACAGGTCGCGAT-1,1,49,9,6988,28054.0,6988,4228.2383,High,2,7,0,3,3,6,6,3,5595.604167558674,0.9002560512685369,-0.2117759883403778,0.26124289880673385,-0.3343483805656433,0.07094013261968735,0.13746485114097595,0.46883072799419245,-0.43148329854011536,0.01727644888050628,-0.03479089215397835,0.8551782226555688,0.002560749650001526,0.98928487967383,0.021361614,0.0028026246,0.3526934,0.06568099,0.005840131,0.12871356,0.42290765,0.27199855,0.53424853,2.2664192,2.6908665,0.27251536,0.49945045,0.28647763,1.539531,0.76676047,2.5728,1.0079265,0.64644516,Medullary_cords,365.57078657901536
CGCCACCCGCATTAAC-1,1,6,18,6521,26672.0,6521,4118.7637,High,5,8,7,1,1,5,1,0,6157.079258869419,1.0986122886681096,-0.5348086357116699,0.002328081902369425,-0.4352094531059265,0.016232607701551043,0.17154067754745483,0.36473075369941976,0.04732570797204971,0.8038727720696982,-0.4923045039176941,0.00571784834105302,-0.0013377182185649872,0.99440237829324,0.09097072,0.118394546,0.111823596,0.123099566,0.20168726,0.17043383,0.18359055,0.114524156,0.46938357,2.11657,2.7184918,0.18934682,0.47768405,0.4282238,1.7870841,1.0228622,1.9196455,0.22904831,0.43751794,Medullary_cords,138.0
CGCCATCCGATTATGA-1,1,24,80,5069,14801.0,5069,4146.1597,Low,5,3,4,1,4,2,1,1,1764.5537679538133,1.0986122886681096,-0.19334349036216736,0.30598264827666305,-0.3001883924007416,0.10701479850211483,0.2827354669570923,0.13005493751388422,0.06339098513126373,0.739294084009955,-0.18694357573986053,0.32257510141405016,-0.2807922959327698,0.13282911267449446,0.11563858,0.09908018,0.0061073704,0.22319585,0.07677968,0.26034173,0.21885659,0.19357096,0.5468851,2.3483515,2.9633198,0.0,0.6871991,0.41670346,2.1216412,1.1668845,1.9967178,0.0,0.43015772,B_cell_zone,0.0
CGCCCAGCACGCCTAG-1,1,59,51,5674,20300.0,5674,3845.098,Medium-High,2,2,5,2,2,0,2,4,3580.106841981116,0.0,-0.1272103190422058,0.5029324659054409,-0.06564240157604218,0.7303703485184488,0.24863459169864655,0.185211249759794,-0.046801138669252396,0.806005452747071,-0.17532426118850708,0.35408644195357847,0.04797293618321419,0.801243313492603,0.06267784,0.0027176,0.44862807,0.10254959,0.0073845787,0.0,0.37604228,0.40836978,0.5001026,2.2499354,2.5800183,0.08571632,0.46306664,0.3349215,1.42978,1.0461402,2.8220525,0.6162746,0.21798518,Medullary_cords,239.26763257908496
CGCCCAGCGTTTCACG-1,1,65,89,5993,21457.0,5993,4179.083,Medium-High,0,6,7,4,2,1,4,0,3234.9165367904006,1.3296613488547582,0.5795316100120544,0.0007905017779389768,-0.3219800591468811,0.08271076316151221,0.13939745724201202,0.4625422936905292,-0.25825098156929016,0.16823415484239032,-0.003497711382806301,0.9853646464574359,0.1421380341053009,0.4537016504721482,0.12735975,0.09222588,0.105710596,0.034318622,0.311151,0.22711319,0.10212098,0.13014705,0.4560845,2.1795275,2.7388809,0.14346398,0.5692218,0.7341266,2.0052524,0.68517864,1.9265621,0.0,0.49284142,B_cell_zone,0.0
CGCCCGCTTCCGTACA-1,1,18,80,5997,20237.0,5997,4295.625,Medium-Low,3,5,2,7,4,3,8,2,2457.716826650296,0.0,-0.5294303894042969,0.002625250164766374,-0.12062142044305801,0.5254788621346211,-0.23559249937534332,0.21009880953203477,0.07953691482543945,0.676098086049036,-0.01325893308967352,0.9445603998878285,0.22370177507400513,0.2347017393981242,0.040522687,0.09011608,0.23830642,0.38359043,0.08222437,0.0,0.1652401,0.16385484,0.9643195,1.40781,2.6220846,0.050196256,1.2709241,0.42280602,0.75264233,1.5051632,2.1153417,0.10039251,0.43053067,Medullary_cords,364.00137362378183
CGCCCTAATTGTTCAA-1,1,67,11,5861,22059.0,5861,4030.4846,Medium-High,0,1,7,5,5,0,4,0,6337.541558049146,1.0042424730540764,0.3366425633430481,0.0689073041788728,0.47571390867233276,0.007883540561623445,0.246019184589386,0.19002862441191443,0.15441438555717468,0.41522785020983066,0.1067647784948349,0.5744322873744051,0.20372919738292694,0.28021747497285343,0.20510647,0.12521672,0.030039437,0.2654836,0.36419463,0.009959137,0.0,0.1274057,0.6586991,2.2870352,2.8671978,0.18693571,0.5568552,0.5587488,1.8982103,1.0526907,2.111907,0.093467854,0.26773766,Medullary_cords,0.0
CGCCCTTGAAGGCTGA-1,1,24,20,7379,30438.0,7379,4419.51,High,3,11,2,0,1,6,5,6,4972.066974609252,0.45056120886630463,0.016238432377576828,0.9321280516527464,0.29542484879493713,0.1129749234920058,-0.23546497523784637,0.21035291667432712,-0.14494705200195312,0.4447345821940321,-0.5612106919288635,0.0012532058536741965,0.11505482345819473,0.5449000547817198,0.032400373,0.05157619,0.13104515,0.37976897,0.19296762,0.14986916,0.062372565,0.2450324,1.0316093,1.7869973,2.7737372,0.45103532,0.7063512,0.3856599,0.96771693,1.512012,2.1794481,0.0,0.5255233,Medullary_cords,364.00137362378183
CGCCGCCCATGCCTGT-1,1,39,83,5161,14437.0,5161,4246.078,Low,5,2,4,1,0,4,1,1,364.6601157242179,1.2424533248940002,0.338217556476593,0.06753812529112639,-0.05914398282766342,0.7562173574883528,0.22866813838481903,0.2242015935746204,0.08106569945812225,0.6702169156093576,0.12398661673069,0.5139028387059329,-0.039297640323638916,0.8366538570561244,0.1434027,0.0017476041,0.06295176,0.24232863,0.22379294,0.32577634,0.0,0.24025527,0.4049288,2.3251252,2.995974,0.06579154,0.76199806,0.5781705,1.9466405,1.1351088,2.2034438,0.34892744,0.59370947,Medullary_cords,0.0
CGCCGCGTTCTGAACG-1,1,73,45,5841,19456.0,5841,4165.2476,Medium-Low,2,4,0,0,5,0,0,3,5132.494520211395,0.6931471805599453,-0.27526068687438965,0.14096311057091554,-0.1648540496826172,0.38399790858917743,-0.15171177685260773,0.42353740319610017,0.009271727874875069,0.9612170190982262,0.09636898338794708,0.612444010815162,0.06538001447916031,0.7314085993011529,0.023902327,0.07546959,0.1657916,0.21417813,0.2996342,0.0,0.22102414,0.47134522,0.6131808,1.8403032,2.8292696,0.19207197,0.485456,0.4200935,1.1602763,1.0851591,2.3822668,0.17676416,0.30481216,Medullary_cords,239.00209204105306
CGCCTCCCTCCTCTAT-1,1,43,73,4773,12166.0,4773,4282.325,Low,4,2,1,4,0,7,4,7,1193.8865105193206,0.6931471805599453,-0.10137391090393066,0.5940121875380651,-0.3275974988937378,0.07719211299500595,0.1716013252735138,0.3645586589687147,0.17819112539291382,0.3461460865061965,0.10082543641328812,0.5960203314507748,-0.04580455645918846,0.8100608889011452,0.23225832,0.0,0.19887759,0.041487698,0.48721334,0.040163122,0.0,0.07499857,0.30803698,1.9678153,2.8403144,0.0,0.5019273,0.7976354,1.7146533,0.6183671,2.3345609,0.0,0.26205927,Medullary_cords,137.55726080436466
CGCCTGGCCTACGTAA-1,1,41,27,6219,22289.0,6219,4152.1777,Medium-High,1,7,3,3,3,6,6,5,4214.273840176977,0.6931471805599453,-0.14584164321422577,0.4418990337717459,0.13476091623306274,0.4777034495413549,-0.2368205189704895,0.20766257772979554,-0.3159544765949249,0.08896105124012396,-0.24215680360794067,0.19730125809933385,0.09029937535524368,0.6351108685089685,0.01019443,0.0010667823,0.1961367,0.054927085,0.10985885,0.27756482,0.3502513,0.44041136,0.47296357,2.0736551,2.8193924,0.26745772,0.42757145,0.18664667,1.2574626,0.6617459,2.7303524,0.9416894,1.0546836,Medullary_cords,276.3494165001982
CGCCTTTAGCATGCTC-1,1,45,117,4838,14501.0,4838,3861.8965,Low,2,10,5,2,0,4,2,4,2166.0002308402463,0.0,0.214447483420372,0.255133795217795,0.18114349246025085,0.33808198285460606,-0.06326383352279663,0.7397990670488804,0.3653716444969177,0.047096027262099195,-0.09493749588727951,0.6177593937813637,-0.07926816493272781,0.6771339011675339,0.064745285,0.0063895644,0.20198622,0.103099264,0.36707237,0.01889992,0.2378073,0.41931045,0.75417316,2.4038029,2.6236954,0.19668612,0.60897434,0.37963217,1.7340884,0.9794431,2.9092746,0.34781677,0.60411,Medullary_cords,276.3494165001982
CGCGAAGTGGCATACT-1,1,64,96,6012,27860.0,6012,3448.1038,High,2,6,5,2,7,1,3,4,3162.7914885429927,0.6931471805599453,0.15665242075920105,0.40841619050774675,-0.2476571500301361,0.18700152386940738,-0.14515964686870575,0.444059841954364,-0.044866759330034256,0.8138815176566233,-0.5467180609703064,0.0017716452123093872,0.0323064848780632,0.8654230394042259,0.016140848,0.0,0.2012162,0.08093492,0.3494674,0.13336624,0.21887447,0.30585474,0.38458976,1.9750469,2.5663056,0.1826497,0.4987421,0.038337894,1.1230452,0.8058166,2.733979,0.4238956,0.7749737,Medullary_cords,238.76766950322232
CGCGACCGCGACAGAT-1,1,59,81,4760,12813.0,4760,4125.0806,Low,2,6,0,0,2,1,0,3,2561.4281172814513,0.6931471805599453,-0.5184510946273804,0.0033348709192213464,0.24036507308483124,0.20073950968004708,0.17933787405490875,0.343000205472833,-0.10930575430393219,0.5653046775160917,-0.2793702185153961,0.1348866126382663,0.05030912533402443,0.7917700943495345,0.038712062,0.11337531,0.21650612,0.27775848,0.14506452,0.025407663,0.18317589,0.33472484,0.89885974,2.2180984,2.6198237,0.18965435,0.42474547,0.3793087,1.4887483,1.3916099,2.2425513,0.3015954,0.55338544,Medullary_cords,276.0
CGCGAGAGGGACTTGT-1,1,16,108,4190,11308.0,4190,3836.0183,Low,1,12,3,5,4,3,3,5,2972.9926000580626,0.6365141682948128,0.16995379328727722,0.3692507499994332,0.05682971328496933,0.7654864655433248,-0.01902497187256813,0.9205149449564571,0.3072036802768707,0.09867026202279511,-0.08755997568368912,0.6454496019581079,-0.20266328752040863,0.2827956042794086,0.11306421,0.0,0.22705902,0.099534325,0.0,0.027863635,0.5324788,0.31678608,0.5110463,2.295173,2.842393,0.0,0.50582814,0.28568843,1.7998712,1.2250197,2.3199754,0.15839304,0.660974,Medullary_cords,137.55726080436466
CGCGAGTCTGCCGGGT-1,1,52,20,5041,16768.0,5041,3759.8657,Medium-Low,2,7,5,2,5,0,2,4,4972.630088796069,0.0,0.2021145522594452,0.28412874199168214,-0.06218884140253067,0.7440726211119878,-0.2440439611673355,0.19372416987147004,-0.10422895103693008,0.5836065614119549,0.3347437083721161,0.07058656681598431,0.1274409294128418,0.5021522012684859,0.085087195,0.0018794934,0.28003332,0.24852547,0.16702387,0.0,0.2174507,0.25643173,0.71964973,2.3263664,2.5753324,0.1169337,0.3829716,0.4602277,1.4741954,1.181309,2.8260434,0.4301563,0.36115122,Medullary_cords,689.0029027515051
CGCGCAAATGTCCAGA-1,1,56,24,7360,36434.0,7360,3840.2654,High,2,1,5,2,5,0,2,4,4904.6803157800205,0.0,-0.2819540500640869,0.13116537473615902,-0.15360772609710693,0.41769845291601476,-0.008918184787034988,0.9626948254562531,0.2587597072124481,0.1673678990422967,-0.2280384600162506,0.22551501625737477,-0.19815900921821594,0.2938573911031179,0.039816875,0.041983303,0.32566887,0.10626386,0.08130503,0.10828502,0.296677,0.2106058,0.47278523,2.09963,2.6508942,0.2126225,0.49551883,0.3249466,1.3260679,0.7745026,2.9751585,0.42678726,0.4378103,Medullary_cords,238.76766950322232
CGCGCAAGGAACTACA-1,1,5,29,7539,33992.0,7539,4342.9473,High,3,8,2,0,1,5,5,6,5667.476510758558,0.0,-0.5214863419532776,0.00312389265788886,0.31914982199668884,0.08560325907190827,0.21128109097480774,0.262385021031945,-0.3906330168247223,0.032818538805275195,-0.20678110420703888,0.27291952082524784,0.1994219571352005,0.2907285052666167,0.031450074,0.0,0.043245096,0.5402744,0.20031556,0.0,0.18471491,0.24132931,1.1043891,1.3868662,2.471656,0.31986493,0.5646613,0.14791656,0.71915305,1.674834,1.7179141,0.0,0.24020362,Medullary_cords,413.90457837525787
CGCGCATGTTTGATTG-1,1,50,54,5112,15162.0,5112,4017.8308,Low,2,2,5,2,2,7,2,4,2746.6011723583024,0.6365141682948128,-0.09530556201934814,0.6163908726145242,-0.04141613468527794,0.8279749544126137,-0.07659696042537689,0.6874603768126486,-0.15241079032421112,0.42137941865572565,0.3062802255153656,0.09973971170498064,-0.09504835307598114,0.6173470790374549,0.0704724,0.09506135,0.21788219,0.2519134,0.16039294,0.016511038,0.1877667,0.42936504,0.7350113,2.2988183,2.6780808,0.1899633,0.3166055,0.1266422,1.5428681,1.3295603,3.1516607,0.1266422,0.46232164,Medullary_cords,240.00208332429116
CGCGCCCGACTTAATA-1,1,21,75,5926,21143.0,5926,4084.8398,Medium-High,2,3,0,2,4,2,8,4,2224.220312828745,0.8675632284814613,-0.3158796429634094,0.08904087344163095,0.028516240417957306,0.8810933971687955,0.11428704857826233,0.5476049108934806,0.22826847434043884,0.2250346373687991,-0.2750724256038666,0.14124616506855542,-0.06685291230678558,0.725586497756549,0.08810787,0.091402605,0.34063488,0.06977889,0.16862759,0.0,0.24144815,0.18115413,0.46802834,2.13688,2.6100774,0.18004493,1.2156289,0.44498625,1.6197277,0.72285986,2.7353878,0.096823946,0.24153885,Medullary_cords,137.00364958642524
CGCGGCAGTATTACGG-1,1,12,16,6448,26296.0,6448,4060.067,High,5,11,7,5,1,5,3,1,5853.520308327289,1.0986122886681096,-0.4312012195587158,0.01735768347959243,-0.1836857795715332,0.33123019218202043,0.05784985423088074,0.7613966024128398,0.2298334836959839,0.22178449887393226,-0.2330206334590912,0.21526422666941963,-0.17570695281028748,0.35302025807691984,0.11360341,0.1269222,0.04637568,0.20799795,0.09121578,0.196669,0.21721601,0.2668666,0.42067567,2.218864,2.8634925,0.22198236,0.4753198,0.34743926,1.8059613,0.8804847,1.7232422,0.08057268,0.42284426,B_cell_zone,138.0
CGCGGCTCAACTTGAA-1,1,43,97,5663,17959.0,5663,4236.014,Medium-Low,2,10,0,0,0,4,0,3,862.1165814436004,1.0114042647073518,-0.3448554277420044,0.06199867558018583,-0.03166935592889786,0.868053849508262,-0.3948223292827606,0.030832151016020572,-0.1048961654305458,0.5811864246876998,0.1940612494945526,0.3041557696548512,0.13036471605300903,0.4923123922998027,0.037116453,0.002481642,0.24927138,0.23226207,0.25703305,0.0059064976,0.21592894,0.39433518,0.751317,2.1076934,2.8054576,0.48122746,0.74484855,0.46688765,1.4453865,1.3296638,2.6457524,0.688929,0.43599436,Medullary_cords,364.6601157242179
CGCGGGAATTAGGCAG-1,1,28,80,5157,14082.0,5157,4302.3096,Low,5,3,0,1,4,2,1,1,1317.6589088227652,1.3296613488547582,-0.29740357398986816,0.11046984493913513,-0.21300043165683746,0.2584311150135539,0.03642131760716438,0.8484673389768623,-0.05603752285242081,0.7686667233530489,0.2870362102985382,0.12406647444506252,-0.12222136557102203,0.5199594913841099,0.15312894,0.16043079,0.0019591474,0.22200592,0.42896327,0.0042458517,0.029266052,0.27461618,0.70905095,2.2245424,2.8286068,0.0670746,0.51397794,0.6871931,1.8644457,0.77563256,1.9833664,0.1341492,0.32618454,Medullary_cords,0.0
CGCGGGAATTCCTTTC-1,1,72,84,4698,12417.0,4698,4132.5967,Low,5,6,3,1,2,1,1,1,4081.611691476787,0.8675632284814613,0.028140883892774582,0.8826477640626936,0.06717555224895477,0.7243131460859564,-0.0757223591208458,0.6908535753924654,-0.1482999622821808,0.4341576099428314,-0.01358472928404808,0.9432002991828355,0.39995208382606506,0.028533850814519254,0.17793547,0.0,0.0,0.42764175,0.058305938,0.0,0.33611688,0.46730858,0.73735815,2.2849064,2.7295985,0.073844135,0.37509274,0.36922067,1.8589948,1.2453614,2.0273798,0.0,0.09845885,Medullary_cords,0.0
CGCGGTAAGTCTAGCT-1,1,30,118,7735,35783.0,7735,4394.01,High,4,0,7,4,0,4,4,7,2276.694533748434,1.3862943611198906,-0.4147260785102844,0.0226823117178995,-0.3793049156665802,0.038712487371189576,0.18394626677036285,0.3305329746949543,-0.0029571596533060074,0.9876262714018437,-0.38593363761901855,0.03516867043052329,0.032963551580905914,0.8627113791831786,0.15287985,0.0,0.1963675,0.20171861,0.3324518,0.0,0.11658223,0.17759831,0.566463,2.2628922,2.6762958,0.14181712,0.47193742,0.61125374,1.9644594,0.9193307,2.2373261,0.17262517,0.2247221,Medullary_cords,0.0
CGCGGTACGGTATACA-1,1,62,118,7377,33449.0,7377,4264.6367,High,1,13,3,6,7,1,7,5,3539.7858692299455,1.0397207708399179,0.028628315776586533,0.8806293721398786,0.38475871086120605,0.035776961134793984,0.10113498568534851,0.5948866110500216,0.24764609336853027,0.18702184400066352,-0.0630374401807785,0.7406984513530599,0.18291085958480835,0.3333096453560523,0.047336515,0.039487243,0.06777239,0.052851565,0.15853387,0.16627496,0.4677434,0.11428344,0.50099,2.180051,2.8457158,0.20402122,0.5312114,0.44541538,1.571569,0.8915628,1.8978279,0.18258154,0.5845052,Medullary_cords,240.0
CGCGGTCACAAACCAA-1,1,18,106,5571,20527.0,5571,3761.7168,Medium-High,2,12,3,2,4,3,3,4,2696.879678443219,0.410116318288409,-0.02481967955827713,0.896418986325242,-0.036386702209711075,0.848609710944046,-0.14007146656513214,0.4603596706503614,0.10571330785751343,0.578228528010956,-0.14657089114189148,0.4395948241261945,-0.13115595281124115,0.489666453025063,0.0708347,0.0,0.26228097,0.13545549,0.1203299,0.0,0.411099,0.099225596,0.6044571,2.1382923,2.5506535,0.1708655,0.3464759,0.1488384,1.3300196,1.0263209,2.834679,0.4393633,0.32966706,Medullary_cords,137.92751719653333
CGCGTCATATTAAACC-1,1,2,64,6249,22690.0,6249,4313.871,Medium-High,4,5,1,4,6,3,4,7,4617.478532705918,0.0,-0.06965242326259613,0.7145619945986941,0.016561118885874748,0.9307824876340695,0.22778542339801788,0.22604427545543482,-0.08313239365816116,0.6622967610384426,0.06044938415288925,0.7510034665968213,0.16399063169956207,0.38652795669253204,0.13007902,0.091156915,0.12312393,0.15605024,0.3009476,0.0026940638,0.19594824,0.12465243,0.41974974,2.2109485,2.6084,0.12465243,0.38092884,1.1336194,1.8387015,0.9223138,2.0084813,0.0912896,0.27154675,Medullary_cords,0.0
CGCGTGCTATCAACGA-1,1,1,27,6866,29253.0,6866,4258.3965,High,0,8,1,4,1,5,4,0,6104.862078704154,0.7356219397587946,-0.4317094087600708,0.01721156014647976,-0.3856082856655121,0.03533627246608263,-0.23138926923274994,0.21858516667051095,0.24720235168933868,0.1878386329710581,-0.1991303563117981,0.2914490426173999,0.3330860137939453,0.07207833669247211,0.17395076,0.0,0.12205387,0.44550747,0.15267324,0.0,0.105814636,0.20961285,0.7057391,2.0784616,2.7501128,0.13864277,0.45672014,0.6229401,1.8416313,1.0155467,2.3314285,0.07351579,0.1436373,Medullary_cords,0.0
CGCGTTCATGAAATAC-1,1,27,51,6478,23164.0,6478,4346.6353,Medium-High,5,3,4,6,1,2,7,1,2867.2671657869623,0.6365141682948128,-0.17461711168289185,0.3560616225053728,0.007474244572222233,0.9687316870041159,-0.4173904061317444,0.02174019526542273,-0.4590955078601837,0.0107116330837147,-0.19678328931331635,0.29728985940378433,0.06852643191814423,0.7189895373036732,0.0875936,0.0013832831,0.024985492,0.10907509,0.22988914,0.17426552,0.37280786,0.38717514,0.48485595,2.287716,3.028825,0.22429101,0.65818954,0.2713651,1.9770346,0.9670868,1.8393677,0.3405002,0.47485143,B_cell_zone,0.0
CGCTACCGCCCTATGA-1,1,2,42,4942,14303.0,4942,4112.349,Low,3,8,2,0,1,5,5,6,5349.555589018587,0.0,-0.5183728337287903,0.003340468960706711,-0.2068590372800827,0.27273478581872884,-0.08046496659517288,0.6725256550356438,0.1002233549952507,0.5982281083438467,0.06697594374418259,0.7251008491214945,-0.1441936492919922,0.4471302003317861,0.01976166,0.0046027955,0.0768987,0.49689147,0.28844175,0.02776295,0.08564061,0.29723758,0.9264941,1.6216066,2.6252367,0.109345436,0.47981575,0.3081444,0.99827456,1.6607872,1.8564742,0.0,0.3225041,Medullary_cords,364.00137362378183
CGCTACGGGACATTTA-1,1,38,48,4865,14937.0,4865,3958.4075,Low,1,9,3,5,3,7,3,5,2753.008899368108,0.45056120886630463,-0.11550632864236832,0.5433123452333797,0.050894323736429214,0.7894016107962607,0.0035754209384322166,0.9850395246661395,0.1653987169265747,0.38240682668233067,-0.10008417814970016,0.5987389558332759,-0.030482133850455284,0.8729597503446783,0.06962983,0.0,0.047033913,0.04053026,0.09532598,0.21962002,0.52786,0.27651608,0.2652752,2.0773444,2.85231,0.0,0.42863536,0.24391142,1.6368678,0.65259516,1.9054694,0.21244544,0.49607024,Medullary_cords,137.0
CGCTAGAGACCGCTGC-1,1,39,101,5441,17339.0,5441,4078.9827,Medium-Low,2,0,0,3,0,4,0,3,902.7452575339291,0.6365141682948128,-0.626543402671814,0.00021204402517249301,-0.028697241097688675,0.8803440202174947,-0.28984183073043823,0.1202710193532453,0.20645049214363098,0.27370411339983314,0.2976895272731781,0.11011128325863864,0.08246719092130661,0.6648421615671123,0.09988865,7.55705e-05,0.17948118,0.2695942,0.113114886,0.002147287,0.33569828,0.3159549,0.62482667,2.2677839,2.6745884,0.15281099,0.305622,0.4404776,1.7056609,1.269038,2.2989385,0.30562198,0.407496,Medullary_cords,365.0986168146902
CGCTATACCGCCCACT-1,1,14,36,6515,23799.0,6515,4277.8867,Medium-High,3,11,0,0,1,5,0,6,4590.572077639125,1.0114042647073518,-0.5047041177749634,0.0044509398132098095,-0.20638009905815125,0.2738713548315886,0.007141143083572388,0.9701245784895164,0.42538556456565857,0.019104329017793346,-0.15479716658592224,0.41405834631285265,0.27257686853408813,0.14503737427359012,0.039718494,0.002542927,0.21693471,0.3071607,0.12197605,0.0012025534,0.31046453,0.45115298,0.8355862,1.7454522,2.7109447,0.24019668,0.465416,0.24019668,0.946541,1.339462,2.318721,0.2916087,0.39195055,Medullary_cords,238.76766950322232
CGCTATTCAATGTATG-1,1,19,31,6649,24182.0,6649,4368.2983,Medium-High,3,11,2,0,1,5,5,6,4535.614291361205,0.0,-0.2924286425113678,0.11684832673231373,0.08217570185661316,0.6659586995641051,-0.11846140027046204,0.5329749882738447,-0.17225861549377441,0.3626966025297197,0.005467982962727547,0.9771222579923237,0.20991134643554688,0.26556308514518107,0.04869475,0.0,0.15100937,0.5238675,0.116852865,0.04483358,0.11474197,0.2805458,1.0471865,1.6011835,2.4318216,0.10084253,0.6036939,0.24838394,1.040865,1.653399,1.9336159,0.0,0.45573223,Medullary_cords,366.3659372812926
CGCTATTCTTAGGCTC-1,1,38,60,2896,7071.0,2896,3343.3154,Low,2,9,5,2,0,7,3,4,1927.0064867560773,1.0114042647073518,0.2420673966407776,0.19747185400048775,-0.0073641566559672356,0.9691920189725234,-0.15981362760066986,0.3989028052021002,-0.025032272562384605,0.8955365520846622,-0.19415122270584106,0.30392724903545076,-0.21657489240169525,0.25033659405642544,0.048986763,0.16930577,0.02575555,0.15852442,0.31994304,0.0,0.2774845,0.22036552,0.54546213,2.202337,2.7965567,0.11018276,0.42748398,0.44073105,1.4747458,0.8181932,2.197803,0.0,0.14691035,Medullary_cords,238.40302011509837
CGCTCGACATAATGAT-1,1,21,45,5173,13780.0,5173,4323.535,Low,3,3,0,0,1,5,0,3,3592.7797037948208,0.6365141682948128,-0.6264863610267639,0.00021241024496028197,-0.35064035654067993,0.057466617245928824,-0.09531259536743164,0.616364733893323,0.3987587094306946,0.029055663584155775,0.3374730944633484,0.06818264327868273,0.1379627138376236,0.4672064894080686,0.0956689,0.10816,0.13050579,0.27477345,0.17385437,0.0042358926,0.21280156,0.30793154,0.503443,2.408185,2.7701836,0.0,0.59762347,0.068207145,1.8418372,1.5203533,2.2611444,0.3605877,0.4222775,Medullary_cords,0.0
CGCTCTCCGTAGATTA-1,1,33,37,3771,10689.0,3771,3595.44,Low,5,7,3,5,3,6,3,1,3561.2138380052384,0.6365141682948128,-0.33322763442993164,0.07194994610119833,-0.10735581070184708,0.5723033267847659,-0.2875704765319824,0.1233369947466371,0.332974374294281,0.07217967187370437,0.1547069251537323,0.41433389321988967,-0.29402342438697815,0.11477455960298202,0.06389452,0.11268678,0.03888243,0.22678804,0.2500677,0.30768058,0.0,0.08255403,0.7271193,1.9904871,2.802005,0.24766208,0.65862423,0.29695183,1.814357,1.1599723,1.8496562,0.16510805,0.55301803,Medullary_cords,0.0
CGCTGAGGACGTCCAA-1,1,4,40,6236,22162.0,6236,4225.0903,Medium-High,3,8,2,0,1,5,5,6,5243.919526461099,0.0,-0.41171973943710327,0.023785348737918193,-0.27048349380493164,0.14827396918458513,0.04020809754729271,0.8329215932372045,0.15627343952655792,0.4095652076392425,0.001213600393384695,0.9949217367807086,-0.19375132024288177,0.304943776320188,0.023285123,0.0036993357,0.09468816,0.4230699,0.18249382,0.24320392,0.02955973,0.24066843,1.010724,1.502588,2.3061812,0.18620324,0.65062964,0.17349415,0.9003609,1.7239698,1.6678039,0.09310162,0.50867605,T_cell_zone,414.40318531594323
CGCTGGTGACTACCCT-1,1,48,98,5421,16282.0,5421,4239.0386,Medium-Low,1,10,0,3,0,4,6,3,1381.7669846974923,1.0114042647073518,-0.2101922482252121,0.264909307187534,0.1193799078464508,0.5297811656272495,0.12526875734329224,0.5095256230314174,-0.025287050753831863,0.8944791759550376,-0.2635646164417267,0.15934193747984987,0.236521914601326,0.20825317990113823,0.0834843,0.0,0.034282934,0.25003317,0.3986834,0.0,0.23351628,0.50188875,0.655318,2.0672674,2.8949175,0.17956778,0.64368045,0.21987379,1.3900677,1.2703577,2.2641792,0.11971186,0.41702002,Medullary_cords,276.0018115882575
CGCTGTGACGCCGCAC-1,1,25,47,5601,16975.0,5601,4313.178,Medium-Low,5,3,4,1,1,2,1,1,3223.1624222182786,1.0114042647073518,0.0015976596623659134,0.9933146871199617,-0.32431191205978394,0.08038436201160877,-0.16982461512088776,0.3696201370982681,-0.4684409499168396,0.009031834894297786,-0.16047149896621704,0.39693897786377413,0.10733436048030853,0.5723805307541946,0.05703728,0.23878938,0.113710955,0.123565726,0.25481334,0.014908062,0.19717526,0.2991734,0.41046768,2.2598357,2.9114301,0.15520865,0.54183286,0.3104173,1.878096,0.9070294,2.1002195,0.11579221,0.3392913,Medullary_cords,0.0
CGCTGTGTGGATGTTG-1,1,59,43,5584,17306.0,5584,4229.266,Medium-Low,2,2,0,2,5,0,0,3,3989.963658982372,1.0114042647073518,-0.17516028881072998,0.35454385897965524,0.2150503396987915,0.253768294473229,0.042130451649427414,0.8250530070829074,0.13798637688159943,0.46712936405327116,-0.41720256209373474,0.021805545672301443,0.043604884296655655,0.8190290523044916,0.097519875,0.0,0.31162232,0.20414071,0.16556117,0.0,0.22115594,0.34079444,0.66530985,2.1538935,2.9147868,0.2636823,0.6032313,0.49806374,1.3503895,0.87464994,2.389316,0.2280266,0.3560434,Medullary_cords,138.00362314084367
CGCTTAGTATTGATAC-1,1,66,52,5172,15833.0,5172,4014.7893,Low,2,4,0,3,2,0,0,4,4170.191842109904,0.6365141682948128,-0.07630903273820877,0.688576799454008,0.0810403898358345,0.6703141264618024,0.1652856320142746,0.3827368556588153,-0.0725914016366005,0.7030485795895887,0.19876079261302948,0.29236385278921523,-0.13291612267494202,0.48380640328786695,0.0,0.053010445,0.18373862,0.09846803,0.13326047,0.28532508,0.24619731,0.35087568,0.6317712,1.8405323,2.6733332,0.32661214,0.34690806,0.22450675,1.1581159,1.1879815,2.7612467,0.12240132,0.74444693,Medullary_cords,364.6601157242179
CGCTTATTCCCGGTCG-1,1,42,30,5282,18750.0,5282,3708.2288,Medium-Low,2,7,0,2,3,6,2,4,4020.8459308956367,1.0114042647073518,-0.2917351722717285,0.11775870136698728,0.0551912784576416,0.7720680502424767,-0.35484886169433594,0.05433634275256955,0.07598273456096649,0.6898427769523852,-0.07229836285114288,0.7041937194522817,0.1215304583311081,0.5223394595558258,0.038563866,0.0,0.18627939,0.2448575,0.1899259,0.0,0.34037334,0.21584804,0.53502125,1.776319,2.3824904,0.106865644,0.4077998,0.43253517,0.8845849,0.9584103,2.4811838,0.21373129,0.2877974,Medullary_cords,365.7608508301565
CGCTTCCACTGAAATC-1,1,18,42,6286,22284.0,6286,4271.775,Medium-High,3,11,2,0,1,5,5,6,3970.406528304123,0.0,-0.3213103413581848,0.08338835432116368,-0.04105604067444801,0.8294487922041368,-0.09734228253364563,0.6088409243624643,0.4094140827655792,0.024660766172140292,0.22929710149765015,0.22289483207754818,0.17697173357009888,0.34951023785455254,0.03470171,0.002215995,0.25992548,0.4017894,0.045118585,0.20829055,0.04795821,0.2689731,0.8509011,1.5782316,2.522276,0.0926757,0.60484344,0.20647281,0.9866682,1.5758605,2.1946433,0.25281066,0.42921203,Medullary_cords,414.40318531594323
CGCTTCGGTCTAAGAC-1,1,66,104,4557,17270.0,4557,3275.4485,Medium-Low,2,13,5,2,7,1,3,4,3530.0567984099066,0.0,-0.017433270812034607,0.9271466647557914,0.301873117685318,0.10496426628429403,-0.04980969429016113,0.793792889040259,-0.08470427244901657,0.656296638044138,-0.47528380155563354,0.00794782838196352,-0.06167402118444443,0.7461219021913837,0.0870944,0.0,0.2583416,0.20030187,0.15290166,0.16622841,0.13513203,0.14985582,0.4718791,2.1612413,2.373489,0.2674702,0.36022136,0.11420939,1.2068754,1.0098166,3.1574266,0.0,0.0761396,Medullary_cords,551.8305899458637
CGCTTGGACGGATAGA-1,1,63,117,7501,31976.0,7501,4435.429,High,1,13,3,6,7,1,7,5,3599.4605151327887,0.9502705392332347,-0.24773746728897095,0.18685396162575688,0.3951907157897949,0.030662249855733997,0.29754114151000977,0.11029723806116976,0.10336780548095703,0.5867366726917829,-0.24953733384609222,0.18356846982624622,0.24301765859127045,0.19566389096100914,0.047369808,0.07506769,0.0724094,0.15469496,0.1556694,0.0,0.4947887,0.21241874,0.5708258,2.1671543,2.87798,0.09473862,0.5485928,0.47259778,1.6557477,1.1019748,2.2442443,0.25750533,0.49439028,Medullary_cords,138.42326394071193
CGCTTTCATACCGGTG-1,1,14,50,6483,22670.0,6483,4329.384,Medium-High,1,8,0,3,1,5,6,3,3886.5862913358815,1.0114042647073518,0.43499159812927246,0.016292160929579927,-0.16718214750289917,0.3772238713025767,-0.303207665681839,0.10336097965077194,-0.2636430859565735,0.15921319108297177,-0.6511538028717041,9.744872981438536e-05,0.050203077495098114,0.792199498778404,0.0089116795,0.09267154,0.1277241,0.12050081,0.22336903,0.16088855,0.26593435,0.3809982,0.47937077,2.0162473,2.7448683,0.2828564,0.6139649,0.36181426,1.3969593,0.9998782,2.163729,0.30211425,0.6527417,Medullary_cords,365.0
CGCTTTCCGCCAAGGT-1,1,73,77,4432,12298.0,4432,3875.3665,Low,2,6,5,2,2,1,7,4,4260.0052816868665,0.6931471805599453,-0.27837347984313965,0.13634253193534368,0.3728700280189514,0.04242148856924074,0.4216945767402649,0.020286343282388885,-0.02230176329612732,0.9068793238132445,-0.2106749415397644,0.26378832487361287,0.39470532536506653,0.030886273145361125,0.0096527375,0.0017602243,0.18072088,0.08897854,0.026790552,0.4515601,0.24053697,0.40973562,0.4129243,1.9965049,2.720807,0.19507863,0.41822624,0.26946115,1.301322,1.0123029,2.5981698,0.24139217,0.7564254,Medullary_cords,239.26763257908496
CGCTTTCTTGCATTCG-1,1,31,85,3798,8631.0,3798,3962.9973,Low,3,0,0,0,4,2,0,3,863.4280514321966,0.6365141682948128,-0.3143087923526764,0.0907290559258805,-0.05710262060165405,0.7643917378649083,-0.19188910722732544,0.30970545389474063,-0.18815258145332336,0.3193989158791951,0.3708350658416748,0.0436517645376349,-0.259080708026886,0.16682293263905498,0.07962397,0.0,0.09799514,0.3015887,0.0,0.5144889,0.0063032447,0.3122959,0.8293725,2.2496328,2.4894898,0.09618331,0.4084792,0.19236661,1.4380589,1.4597968,2.4063115,0.19236661,0.45634377,Medullary_cords,276.0018115882575
CGGAAAGAATCAAACG-1,1,58,48,6323,26116.0,6323,3881.831,High,2,2,5,2,2,0,2,4,3649.714783376915,0.0,-0.06765508651733398,0.7224219174575753,0.24084334075450897,0.19981771961545938,0.12723873555660248,0.502836286609217,-0.05508897453546524,0.7724795244677272,-0.34291958808898926,0.06357611248054056,0.3128955364227295,0.09226856290883258,0.067813195,6.861721e-05,0.28045505,0.18626556,0.17118523,0.0,0.29421228,0.36919084,0.5939762,2.2431538,2.6952345,0.22771409,0.43741137,0.23768514,1.4772019,1.0965798,2.9275098,0.27227294,0.40671542,Medullary_cords,413.0012106519786
CGGAAATTTCACATCC-1,1,4,82,7146,33591.0,7146,3923.22,High,2,5,3,2,6,3,2,4,4092.917052665495,0.6931471805599453,-0.023383677005767822,0.9023826887144817,0.15373516082763672,0.41730760764377384,-0.10781335830688477,0.5706576291453698,0.2698063254356384,0.14933202362900014,-0.11301092803478241,0.5521144937374615,0.025053784251213074,0.8954472678320898,0.07893295,0.10891862,0.2631252,0.09325042,0.38720968,0.0,0.068563096,0.14493176,0.42637485,2.4119287,2.6278653,0.17517944,0.46958756,0.30136204,1.4356427,0.6149614,2.8679264,0.19545463,0.23708978,Medullary_cords,240.0
CGGAACGTAAACATAG-1,1,47,45,6063,19531.0,6063,4343.047,Medium-Low,1,9,0,3,3,7,0,3,3149.773642660691,1.0986122886681096,-0.20873326063156128,0.2683164224847494,-0.2100217044353485,0.26530610999759197,0.19759312272071838,0.29526624291563375,0.27115577459335327,0.14722891538887709,-0.4912266433238983,0.005841201491079253,-0.1428470015525818,0.45142940566424633,0.043286007,0.0063317097,0.12587029,0.1607918,0.16963193,0.0033265972,0.49076173,0.29747286,0.6419563,2.11166,2.9707568,0.1398204,0.55469495,0.33132267,1.4996855,1.2211685,2.070327,0.23265672,0.30394524,Medullary_cords,137.05838172107534
CGGACCTCTGTAGTTA-1,1,76,52,4699,13300.0,4699,4022.957,Low,3,4,2,0,2,1,5,6,5182.803584933545,0.0,-0.33588701486587524,0.06957172188559085,-0.013671815395355225,0.9428367673302663,-0.3743748962879181,0.04152964104503186,0.1031510978937149,0.5875255226587062,-0.12897059321403503,0.4969919887104913,0.33732137084007263,0.06831458226847721,0.0087486105,0.09526982,0.12745838,0.3662227,0.30917156,0.034220766,0.0589081,0.114735454,0.8227697,1.7438431,2.4163227,0.21028271,0.6013674,0.3951124,0.9093651,1.6507783,2.1127224,0.28037694,0.38436148,Medullary_cords,364.00137362378183
CGGACCTTTACGTCCC-1,1,71,71,4860,13994.0,4860,4023.9802,Low,2,4,5,3,2,1,2,3,4122.564250560566,1.0114042647073518,0.028549909591674805,0.8809539928005627,-0.005472216755151749,0.9771045486311429,-0.19190026819705963,0.3096767777874017,-0.16683022677898407,0.3782433572395071,-0.3642522990703583,0.047827646104895045,0.35870516300201416,0.0515875391241115,0.030010026,0.0868787,0.16953881,0.21024169,0.24901524,0.005478641,0.24883686,0.25741696,0.5220628,2.1841192,2.8680887,0.40023014,0.38891628,0.28928572,1.6255261,1.1247586,2.3840857,0.13479379,0.4946283,Medullary_cords,138.0
CGGAGCAATTTAATCG-1,1,54,60,6458,20809.0,6458,4490.592,Medium-High,2,2,0,3,2,7,0,3,2718.118834782615,0.0,-0.35112154483795166,0.05710169844755581,-0.0649629533290863,0.7330598431467663,0.14140751957893372,0.4560493180973519,0.21851158142089844,0.2460215607273518,-0.1872142106294632,0.32186242919797076,-0.19638881087303162,0.2982787505513287,0.04365985,0.0020783667,0.18559697,0.18573926,0.21111716,0.026656972,0.34515142,0.43791097,0.84727013,2.1953683,2.7761712,0.280411,0.48967344,0.18230179,1.2366769,1.2063686,2.4120495,0.16838515,0.6638663,Medullary_cords,476.6686480145301
CGGAGCATGGCGATCC-1,1,39,67,2902,6693.0,2902,3429.8892,Low,5,2,3,5,0,7,3,1,1450.310656376764,0.0,-0.047049980610609055,0.8049935938462582,-0.15639722347259521,0.40918971265707704,0.29581475257873535,0.11247798672879984,0.17081880569458008,0.36678282823449493,-0.0938786119222641,0.6217034585626849,-0.1235608235001564,0.5153605713170663,0.08640029,0.0021408245,0.29339263,0.16006395,0.0,0.0,0.45800227,0.1729174,0.41893184,2.0423334,3.0689514,0.3427227,0.629881,0.4013992,1.8058074,0.91198516,2.4433339,0.22848181,0.45696366,Medullary_cords,138.0
CGGAGCTTATAACACC-1,1,10,86,5065,14621.0,5065,4143.5195,Low,3,5,2,7,6,3,8,2,3356.177140736168,0.8675632284814613,-0.4712240397930145,0.008576795528834004,0.1258368045091629,0.5075922322882802,-0.07582879066467285,0.6904403364848932,-0.0020966380834579468,0.9912268113471263,-0.17115505039691925,0.3658261360217126,0.010734550654888153,0.9551038273857162,0.07423414,0.0,0.03595022,0.21820123,0.31886604,0.0,0.3527483,0.31605884,0.6558887,1.9251969,2.6907449,0.06514608,1.005751,0.44266737,1.4579362,1.3790398,2.2452562,0.26058432,0.1737229,Medullary_cords,414.90360326225175
CGGAGTTTGAGAGACA-1,1,30,34,5343,16306.0,5343,4213.0835,Medium-Low,5,7,4,1,1,6,1,1,3838.1717001718407,0.6365141682948128,-0.26919281482696533,0.15029530676569366,-0.24522073566913605,0.19151652632529484,-0.2614215314388275,0.16288696708160647,0.27877140045166016,0.13575992765646966,-0.3157642185688019,0.0891640991697053,-0.08920545876026154,0.6392314822278591,0.22454269,0.0,0.0,0.27980837,0.31778055,0.0,0.17786841,0.100060456,0.7491155,2.2799976,2.8772469,0.17935771,0.7107795,0.3745462,1.8408799,1.2037374,1.8066841,0.0,0.41310665,B_cell_zone,0.0
CGGATAAGCGGACATG-1,1,19,17,7127,28196.0,7127,4389.5215,High,5,11,4,1,1,5,1,1,5391.3954594334855,0.410116318288409,-0.12973423302173615,0.4944259383934716,-0.13574425876140594,0.4744666942391535,-0.06329188495874405,0.739687651552929,-0.1836162954568863,0.3314163244486185,-0.1393888294696808,0.4625702680526876,-0.02539399266242981,0.8940354001626448,0.13981858,0.17635208,0.015709572,0.15778257,0.0504997,0.20264481,0.2571927,0.33809137,0.4688579,2.2287865,2.9339375,0.037944995,0.67208505,0.1808488,1.9570467,0.9616199,1.6193966,0.1811637,0.46526352,B_cell_zone,0.0
CGGATCCTCAAGGACT-1,1,60,80,6319,21602.0,6319,4340.7417,Medium-High,2,6,0,3,2,1,6,3,2692.527622885232,0.45056120886630463,-0.4054235517978668,0.026238132652715584,0.36108672618865967,0.04994565082851857,0.2023119330406189,0.2836487484074719,-0.26448580622673035,0.15783521077749416,-0.3557771146297455,0.05366435629499469,0.21970531344413757,0.24338656986503446,0.023825025,0.0038515704,0.25626853,0.08554438,0.0,0.29163706,0.3388735,0.39603624,0.6185337,2.1924007,2.6005883,0.20395544,0.33343005,0.23983537,1.5205607,0.99053526,2.627286,1.1663127,0.65485984,Medullary_cords,239.26763257908496
CGGATGAATGCTGTGA-1,1,70,22,6992,26705.0,6992,4439.4146,High,5,1,4,1,5,0,1,1,5944.198179737953,1.0114042647073518,-0.42253491282463074,0.020012066989996358,0.004280323162674904,0.9820904632803353,0.14346125721931458,0.4494656438056324,-0.10108872503042221,0.5950559809505348,-0.0797969400882721,0.6750964486323127,0.3507927656173706,0.05735083704813993,0.118257806,0.0048406417,0.0,0.3042828,0.27244866,0.19392057,0.10624954,0.10964266,0.8296754,2.2165732,2.8667276,0.21928532,0.3833003,0.2590469,1.8845084,1.206733,1.6220664,0.21928532,0.42428482,B_cell_zone,0.0
CGGATTCTGCCTTATG-1,1,77,29,5867,21551.0,5867,4020.2302,Medium-High,5,4,3,1,5,0,1,1,6190.607724609919,0.5623351446188083,-0.07507942616939545,0.6933517224409892,-0.016350608319044113,0.9316602704594478,0.29369398951530457,0.11520067959118253,-0.2108873426914215,0.26329603662588763,-0.19161587953567505,0.310407980436372,0.06500928848981857,0.7328763334510512,0.09508006,0.07075377,0.08420366,0.038425047,0.12915096,0.17542885,0.40695772,0.22647624,0.3485078,2.3146646,2.776768,0.14294365,0.63714075,0.1297103,1.8033226,0.87260526,2.190563,0.095295765,0.49125236,Medullary_cords,138.42326394071193
CGGCAAACATCGTGCG-1,1,52,66,5325,18226.0,5325,3771.622,Medium-Low,2,2,5,2,2,7,2,4,2259.6152327332193,0.0,0.055833034217357635,0.7694882455865312,0.31088021397590637,0.09449811304080201,-0.1337602585554123,0.4810088793233345,0.4815429449081421,0.007054741297819559,-0.09799014776945114,0.6064475287066435,-0.25857779383659363,0.16767729580240315,0.049596563,0.0009640551,0.2274398,0.19384368,0.112630606,0.2913421,0.12418325,0.33203074,0.70944786,2.234124,2.528391,0.092586935,0.7242813,0.21422234,1.5059838,1.1807371,2.8410938,0.29452732,0.4819814,Medullary_cords,414.40318531594323
CGGCAATAAGATCGCC-1,1,54,108,6221,22632.0,6221,4171.381,Medium-High,2,10,0,0,0,4,0,3,2359.9773303995953,1.3321790402101223,-0.22631725668907166,0.22913166865443635,-0.2995506227016449,0.10779882398020738,0.19553235173225403,0.30043288888675873,-0.01060473918914795,0.9556462184818565,-0.3105901777744293,0.09482230958407033,-0.2788681387901306,0.13561856590808144,0.06250462,0.10511158,0.18461879,0.09664732,0.09318467,0.1571642,0.30076885,0.3262151,0.56828463,2.249149,2.7653491,0.27615035,0.34823582,0.4227998,1.6222998,1.121583,2.7066817,0.27446675,0.45700377,Medullary_cords,138.42326394071193
CGGCACCGTTAGCGCC-1,1,11,89,6561,23280.0,6561,4395.196,Medium-High,3,5,2,7,6,3,8,2,3234.5752425936857,0.45056120886630463,-0.746040403842926,2.2196858584467525e-06,-0.02118672803044319,0.9115165710135468,0.31896868348121643,0.08579097895040816,-0.03598824143409729,0.850248901828178,-0.39431700110435486,0.031066451595906413,-0.0938439816236496,0.6218326217297699,0.035471812,0.06331769,0.096897475,0.24137715,0.318422,0.16510862,0.07940533,0.3877743,0.63305163,1.750685,2.658368,0.16685249,1.3085864,0.6813369,1.2847801,1.2136106,2.088862,0.08934049,0.37623572,Medullary_cords,238.76766950322232
CGGCACTCAAGAAAGT-1,1,12,28,8353,41393.0,8353,4473.4883,High,3,11,2,3,1,5,0,3,5172.800015465512,0.6931471805599453,-0.7685136795043945,7.065777386417505e-07,-0.22416719794273376,0.23370398131018205,0.31219756603240967,0.09303616086394903,0.07370244711637497,0.6987126257753807,-0.41473206877708435,0.022680156548458227,0.29423490166664124,0.11450163465208457,0.018596765,0.0707519,0.14464074,0.19889659,0.2690942,0.0,0.29801983,0.46677858,0.7811378,1.662567,2.8120086,0.17150998,0.5989315,0.4415822,1.1693513,1.016606,1.9874554,0.5012214,0.46138662,Medullary_cords,364.9465714320385
CGGCAGGGTCGGGTTG-1,1,32,94,5685,16701.0,5685,4360.561,Medium-Low,3,0,2,0,0,2,0,6,828.6766558797225,0.45056120886630463,-0.029488418251276016,0.8770695947567676,-0.10938630998134613,0.5650163892536343,-0.17849266529083252,0.345317192389508,-0.17077083885669708,0.3669194247871965,-0.14864975214004517,0.43306215117114505,-0.04532540962100029,0.8120124265030594,0.007553168,0.08800524,0.16978055,0.2687383,0.13230228,0.0,0.3336205,0.321445,0.9038731,1.6973857,2.7275472,0.2932703,0.5235889,0.4970526,1.0042812,1.3610556,1.7814349,0.49169046,0.20942798,Medullary_cords,477.31017169132275
CGGCCACGCACAAAGT-1,1,35,59,6287,21131.0,6287,4347.016,Medium-High,1,9,5,5,0,7,3,5,2028.1333782569627,0.5623351446188083,0.13480545580387115,0.4775565974095089,0.21393555402755737,0.2562971257995447,-0.021231938153505325,0.9113284931460092,-0.042915765196084976,0.8218432883939647,0.03151634335517883,0.8686858703777444,-0.08272457122802734,0.6638568597404202,0.003891205,0.04218185,0.09971604,0.030452058,0.25604248,0.25753143,0.3101849,0.2001617,0.40728363,2.0058715,2.4448478,0.22855982,0.5599389,0.2992996,1.365036,0.5251692,2.509191,0.19373909,0.65776074,Medullary_cords,364.3295211755424
CGGCCAGAGCGACCAT-1,1,67,49,5987,21865.0,5987,4009.178,Medium-High,2,4,0,2,2,0,0,3,4389.91753908886,1.0114042647073518,0.07901734113693237,0.6781011466197844,-0.05172675475478172,0.7860356702343507,0.09782321751117706,0.607063835492703,-0.04803720861673355,0.8009823130399756,0.2695908844470978,0.14966978242633636,-0.1984373927116394,0.29316588391042336,0.05554349,0.0,0.14562587,0.24937896,0.18430978,0.02656064,0.33858123,0.3750019,0.81529385,2.2101054,2.657137,0.41162157,0.39131576,0.20948288,1.3799317,1.2093507,2.5367029,0.18832487,0.32387754,Medullary_cords,497.1810535408605
CGGCCCAACCTGTAGT-1,1,28,112,7676,33201.0,7676,4575.335,High,4,0,1,4,0,2,4,7,2040.5893756461637,0.8675632284814613,-0.28433579206466675,0.12780233390610987,-0.08056093752384186,0.6721566224841341,0.28457051515579224,0.1274743665974313,-0.2438606470823288,0.1940696524200518,-0.1916521191596985,0.31031474350344657,0.05396661534905434,0.7769976880292233,0.14976044,0.0,0.09310131,0.18396941,0.34895244,0.0,0.22421639,0.24049887,0.4139802,2.056993,2.5837214,0.06582266,0.43897262,0.94952214,1.7285762,0.8911516,1.970193,0.13164532,0.23893774,Medullary_cords,137.00364958642524
CGGCCCAGGTATATCC-1,1,43,105,6252,20385.0,6252,4427.859,Medium-High,1,10,0,3,0,4,6,3,1314.8383931114881,0.6365141682948128,-0.3119431138038635,0.09331719790684159,0.22038334608078003,0.24189828927591897,-0.2509469985961914,0.1810236577515394,-0.15698905289173126,0.4073970933601384,0.0323822945356369,0.8651101021451217,0.2793162167072296,0.1349652000012506,0.06175419,0.076354556,0.2233631,0.20223054,0.13275234,0.028076662,0.27546868,0.31791312,0.6442336,2.3321362,2.8720665,0.26280263,0.5663847,0.37591806,1.8863595,1.1664724,2.3316681,0.5422058,0.5687027,Medullary_cords,0.0
CGGCGCCATCAATCCC-1,1,59,93,7338,30841.0,7338,4324.3696,High,1,6,3,3,2,1,7,3,2539.37511998523,0.8675632284814613,0.002168837934732437,0.990924709840675,-0.047504521906375885,0.8031461034373539,-0.10721351951360703,0.572815550775873,0.09738892316818237,0.6086684880957637,-0.28295478224754333,0.129744521161895,-0.07990401238203049,0.6746841558228326,0.08885314,0.10414231,0.13386144,0.19175312,0.10289302,0.02149685,0.3570001,0.43843898,0.571942,2.263811,2.7746649,0.15514173,0.4032031,0.38406086,1.6294968,1.2380027,2.0767293,0.2106371,0.5303391,Medullary_cords,138.0
CGGCTCTAAAGCTGCA-1,1,46,110,6454,23834.0,6454,4137.4976,Medium-High,2,10,5,2,0,4,2,4,1792.571895350365,0.0,0.17063212394714355,0.367314615890336,0.01563439704477787,0.934647296588854,-0.1528041660785675,0.42016768098836993,0.05725313723087311,0.7637881527171112,-0.05859722942113876,0.7584042761667598,0.13433289527893066,0.4791158736820098,0.046299007,0.002475973,0.35906646,0.2500341,0.22873415,0.042598456,0.07079188,0.4695306,0.69803417,2.0970926,2.5910916,0.5257794,0.53134507,0.40649733,1.2154596,1.0559444,2.7368126,0.29128632,0.49060076,Medullary_cords,238.76766950322232
CGGCTCTTCGTCGAAC-1,1,8,86,5215,15161.0,5215,4129.35,Low,2,5,0,2,6,3,2,4,3595.9650999418777,0.8675632284814613,-0.26287001371383667,0.1604848321298438,0.048235487192869186,0.8001772667155451,-0.2673719823360443,0.15318057895017742,0.15707044303417206,0.40715091371594336,-0.17270058393478394,0.3614477085929446,-0.2727970778942108,0.14469990315224057,0.09985178,0.10902097,0.08935588,0.27686206,0.35342547,0.017251851,0.05423204,0.13643843,0.53581387,2.2020383,2.7021039,0.0633211,0.67314297,0.18226685,1.7283173,0.88523144,2.4812946,0.0,0.36483186,Medullary_cords,364.3295211755424
CGGCTGCAAGATTAAG-1,1,4,68,6188,21977.0,6188,4255.961,Medium-High,3,5,7,0,6,3,5,6,4298.576159613785,1.0114042647073518,-0.4280584752559662,0.018284346318123406,-0.016951480880379677,0.9291549752346984,-0.091164730489254,0.6318587541373755,-0.20482724905014038,0.2775774376153661,-0.03906554356217384,0.8376058576245701,0.1894821673631668,0.3159283701902904,0.09091314,0.003543097,0.12878618,0.39906606,0.29541898,0.031916156,0.050356325,0.12776822,0.79166216,1.9529312,2.7291436,0.26840088,0.5773438,0.41184226,1.5327024,1.5479535,2.1191027,0.09375511,0.39478922,Medullary_cords,138.00362314084367
CGGCTTTGTATGATAA-1,1,8,56,6208,20928.0,6208,4374.948,Medium-High,5,8,4,6,6,5,7,1,4214.530222931139,1.0114042647073518,-0.46608391404151917,0.0094329805732748,-0.29803669452667236,0.10967713312384124,-0.019588783383369446,0.9181670905899723,0.26348939538002014,0.1594654239414182,-0.019266802817583084,0.9195078181070143,0.0007421099580824375,0.9968946575958006,0.049976476,0.107034124,0.0,0.20832835,0.26345426,0.16993779,0.20126905,0.2528998,0.5580473,2.10596,2.917986,0.16768162,0.8490974,0.41270342,1.7062966,1.3230621,1.8445003,0.19528699,0.5105043,Medullary_cords,138.42326394071193
CGGGAAGTACCGTGGC-1,1,70,12,6910,32111.0,6910,3949.4617,High,1,1,3,5,5,0,3,5,6485.445243003753,0.6615632381579821,-0.1812238246202469,0.3378641703427549,0.1402292251586914,0.45984959373895196,-0.15135416388511658,0.42464377990727536,-0.32373279333114624,0.0809573818819744,-0.2562903165817261,0.1716025167686502,0.12748414278030396,0.5020060572581612,0.028355686,0.11010314,0.10447357,0.1638815,0.20993844,0.013694329,0.36955327,0.12104435,0.5703936,2.0620153,2.8929353,0.27128747,0.46447197,0.13555516,1.4649562,1.0681462,2.2154176,0.06777758,0.7116594,Medullary_cords,138.0
CGGGAATATAGTATAC-1,1,47,105,6182,21309.0,6182,4254.196,Medium-High,5,10,7,1,0,4,1,1,1591.085792784286,1.3296613488547582,-0.32643017172813416,0.07831489860390944,0.1924244463443756,0.3083318636679196,0.11029251664876938,0.5617779197463943,-0.11782538890838623,0.5351918989273977,-0.3980521559715271,0.029368249488022267,0.07591961324214935,0.6900877710476084,0.13641441,6.718418e-05,0.06686854,0.16172907,0.29534358,0.21456365,0.12501357,0.28879997,0.591287,2.2852774,2.8006837,0.30225194,0.38500148,0.42845666,1.9943411,1.0682368,2.169819,0.09620151,0.4788788,Medullary_cords,0.0
CGGGAATTTATGTAAA-1,1,45,65,4667,11624.0,4667,4252.669,Low,4,2,7,4,0,7,4,7,1791.7058910435048,0.6931471805599453,-0.34768083691596985,0.059751488694655824,-0.21658580005168915,0.2503121523328309,0.08952004462480545,0.6380454006696392,0.16104403138160706,0.3952343939954631,-0.20706574618816376,0.2722451882613459,-0.15775306522846222,0.40508949937943606,0.20104215,0.19531953,0.045531802,0.2910026,0.2671039,0.0,0.0,0.20269704,0.5949777,2.3589067,2.9069953,0.15518297,0.59492207,0.8393816,1.8165257,0.99921453,2.0161035,0.0,0.21260083,Medullary_cords,0.0
CGGGAGCTTCAGTGTA-1,1,49,91,5687,17388.0,5687,4304.2144,Medium-Low,5,10,0,1,0,4,1,1,1333.637506971066,1.3296613488547582,-0.39412903785705566,0.03115397021843515,0.3700981140136719,0.04410426213228501,0.21403411030769348,0.25607289203381517,-0.07791510969400406,0.6823575820613039,-0.19105461239814758,0.31185423399756157,-0.22380158305168152,0.2344875345991689,0.11170848,0.09906847,0.08664392,0.049638536,0.3469873,0.019117117,0.2868361,0.29570776,0.28412578,2.4278214,2.8534856,0.18212134,0.6771514,0.47213477,1.8569441,0.56190175,2.1052392,0.34075922,0.5613812,Medullary_cords,0.0
CGGGAGTATACCGCCG-1,1,19,15,6457,24778.0,6457,4206.554,Medium-High,5,11,4,5,1,5,3,5,5515.620454672348,0.5004024235381879,-0.33034130930900574,0.0746018197497052,-0.08465224504470825,0.6564949028835783,0.041571810841560364,0.8273379605050344,0.012828193604946136,0.9463588410583611,-0.07404983043670654,0.6973588284681449,-0.08512407541275024,0.6546977006714862,0.065518335,0.13602097,0.0028516485,0.092979714,0.27706897,0.01978287,0.40577745,0.19614363,0.52451366,2.4128816,2.894567,0.20111254,0.52673775,0.16952023,1.8504835,1.0490086,1.6760684,0.25428033,0.5512005,B_cell_zone,0.0
CGGGATCAATGTAAGA-1,1,23,59,6955,25882.0,6955,4476.565,High,5,3,4,1,1,2,1,1,2685.3796752042344,0.45056120886630463,-0.07156635820865631,0.7070570206584799,0.08183121681213379,0.6672791393965655,0.5048061013221741,0.004441609671831038,-0.09579728543758392,0.6145645416391738,-0.35064697265625,0.05746158738895409,0.0030821501277387142,0.9871033123320885,0.123383544,0.06636304,0.02544395,0.16177109,0.023272263,0.40958434,0.19018179,0.15324244,0.53302115,2.3233383,2.9833643,0.15324244,0.509385,0.19846731,2.0972614,1.2428153,1.6777639,0.0,0.33260915,B_cell_zone,0.0
CGGGCAGCTAAACCGC-1,1,32,56,4784,14173.0,4784,3935.9775,Low,1,3,3,5,1,2,3,5,2316.4595830706826,0.0,0.22570960223674774,0.2304177590451304,0.3162233829498291,0.088674668589062,0.14536555111408234,0.4434068636060678,-0.23894181847572327,0.2034999585026739,-0.1568986177444458,0.4076707296676623,0.15852315723896027,0.4027710350754157,0.0647151,0.0,0.17362721,0.16182646,0.24893378,0.0,0.35089743,0.31884623,0.62031424,2.155698,2.5202272,0.31022373,0.2867615,0.17674935,1.4986963,1.161749,2.4852376,0.40042317,0.4251283,Medullary_cords,238.40302011509837
CGGGCCATAGCCGCAC-1,1,14,18,6610,25977.0,6610,4199.65,High,5,11,7,1,1,5,1,0,5610.471816166622,1.0549201679861442,-0.6273317337036133,0.0002070397733245398,0.10111213475465775,0.5949702704694978,0.11099782586097717,0.5592632737045137,-0.0707801803946495,0.7101365930231398,-0.3456020951271057,0.061398491154257745,-0.11481453478336334,0.5457459124350783,0.11787525,0.23463151,0.02246983,0.27898923,0.11860472,0.0,0.2274294,0.21645986,0.62448424,2.1484835,2.9119735,0.12212561,0.4527361,0.4366275,1.9383758,1.0846722,1.8002527,0.0,0.18223295,B_cell_zone,0.0
CGGGCCTTCTTTGTAA-1,1,41,55,4474,12157.0,4474,3994.3767,Low,5,9,4,1,3,7,1,1,2300.1447780520252,0.6931471805599453,-0.20289985835552216,0.2822220999478465,0.0861397236585617,0.6508355180842517,-0.16710107028484344,0.37745860337792697,0.2827162444591522,0.1300821707604029,0.06384795159101486,0.7374801185859675,0.4015975892543793,0.027826872805228678,0.17653385,0.1800127,0.022074722,0.22526787,0.21002106,0.0,0.1860898,0.07503104,0.34954965,2.350668,3.1401143,0.15006208,0.5771517,0.38053006,2.0028727,0.9515343,1.883281,0.0,0.10004139,B_cell_zone,0.0
CGGGCGATGGATCACG-1,1,69,75,5897,22584.0,5897,3863.5308,Medium-High,2,6,5,2,2,1,3,4,3820.163870830674,0.6931471805599453,0.27430373430252075,0.14240619217843486,-0.10674475878477097,0.5745044624856078,0.0048138839192688465,0.9798583857192612,-0.10058897733688354,0.5968869864357104,-0.4087071716785431,0.024934388812773937,-0.12712758779525757,0.5032125326148714,0.031045752,0.060970798,0.28368616,0.19096713,0.029682506,0.19634858,0.2072991,0.24135801,0.6632967,2.1172671,2.7548194,0.37506247,0.64765567,0.12510636,1.3188093,1.1292781,2.6756387,0.27494496,0.70367485,Medullary_cords,276.0018115882575
CGGGTGTACCCATTTA-1,1,32,86,4219,10114.0,4219,4089.4175,Low,3,0,0,0,4,2,0,3,731.3309784222189,1.0114042647073518,-0.19749276340007782,0.29551654682832057,0.030181236565113068,0.8742038749610691,0.13347497582435608,0.4819533931545147,-0.12675562500953674,0.5044726844913336,0.22396433353424072,0.2341385253366269,-0.2746601402759552,0.14186748571161897,0.032238953,0.0,0.117922686,0.20564315,0.12872086,0.2877755,0.22769889,0.25817794,0.8101256,1.9756536,2.620831,0.22233498,0.65829265,0.25782925,1.4064977,1.2043386,2.204796,0.17188616,0.45882803,Medullary_cords,364.9465714320385
CGGGTTCGGCACGTAT-1,1,7,107,6337,21777.0,6337,4422.1167,Medium-High,5,12,4,1,4,3,1,1,3936.5031436542763,0.796311640173813,0.07084295153617859,0.7098905441788226,0.3596478998661041,0.05093257190043447,-0.09545469284057617,0.615836741631222,-0.39535871148109436,0.030585022253549664,-0.5026506781578064,0.004642403606038095,0.26053592562675476,0.1643682026133387,0.35623813,0.0072806515,0.0,0.23841245,0.11021596,0.0,0.28785282,0.1286725,0.7392336,2.3957036,2.94831,0.08143645,0.68175,0.33140606,1.911617,0.87818503,1.695411,0.0,0.1259628,B_cell_zone,0.0
CGGGTTGTAGCTTTGG-1,1,3,21,5968,21288.0,5968,4199.098,Medium-High,4,8,1,4,1,5,4,7,6232.4670075340155,1.0114042647073518,-0.4494461119174957,0.012713907914441845,-0.3033308982849121,0.10321386482810938,-0.03818776085972786,0.841208315988054,-0.01964797079563141,0.9179206579479703,-0.2013542205095291,0.285982581926062,0.1474120318889618,0.4369451826941613,0.15788797,0.25292563,0.110130616,0.14109407,0.17826855,0.0,0.1596932,0.16748619,0.5910691,2.2629242,2.7740319,0.048138265,0.36107188,0.58466345,1.8010421,0.9718799,2.0307922,0.0,0.19255306,Medullary_cords,137.55726080436466
CGGTACTAGAATCAAA-1,1,43,83,5896,18927.0,5896,4367.863,Medium-Low,0,10,7,1,0,4,1,0,690.6258031669538,1.0114042647073518,0.1127728819847107,0.5529576092228126,-0.08550072461366653,0.6532643993499736,-0.24034568667411804,0.20077693585947207,-0.14445537328720093,0.4462972030316574,-0.3136744499206543,0.09141763303983202,0.14324124157428741,0.4501685020733458,0.22642885,0.0,0.058366284,0.19036041,0.22521687,0.0,0.2996276,0.15906973,0.45975596,2.351668,2.8972614,0.21209298,0.31490132,0.4082768,2.0985432,0.8892269,2.1249118,0.10604649,0.14139533,Medullary_cords,0.0
CGGTAGAGGTGCAGGT-1,1,22,92,6585,24447.0,6585,4313.696,Medium-High,3,5,2,0,4,2,5,6,1936.0604329410794,0.45056120886630463,-0.47747164964675903,0.00762536544341425,-0.43734902143478394,0.01565727554010562,0.13714513182640076,0.46987534264796743,0.4414105713367462,0.014611704409743739,-0.05238327011466026,0.7833837065722652,-0.11195257306098938,0.5558675553325358,0.09941166,0.0,0.089968674,0.4483842,0.20250298,0.0,0.1597325,0.23877588,0.9077609,1.7359557,2.8709064,0.28593445,0.9361312,0.27806756,1.2852592,1.3769884,2.1902018,0.085737504,0.1567992,Medullary_cords,275.98007174431996
CGGTATAGGTATTAGC-1,1,11,99,4358,11783.0,4358,3945.47,Low,1,12,3,5,4,3,3,5,3321.7760309810174,1.0114042647073518,-0.016819017007946968,0.9297072176869765,-0.2649651765823364,0.15705518545632233,0.10821987688541412,0.5691972618483807,0.012179413810372353,0.9490681381002986,-0.23483756184577942,0.2116061739305293,0.013901058584451675,0.9418798696391681,0.10709003,0.0,0.21139124,0.22561827,0.3012641,0.026662571,0.12797372,0.307275,0.38339782,2.005402,2.8307588,0.07681875,1.1728299,0.27768505,1.508611,0.9723258,2.4406989,0.1536375,0.37024677,Medullary_cords,238.76766950322232
CGGTATGGGCACTCTG-1,1,75,77,3131,7539.0,3131,3449.0706,Low,5,6,5,5,2,1,3,1,4496.317604440327,1.0042424730540764,-0.5144929885864258,0.003628321777127016,0.24866290390491486,0.18515957256966173,0.40131768584251404,0.027946113338054558,-0.10220421105623245,0.5909777689343134,-0.21163228154182434,0.2615742095252228,0.4698621332645416,0.008796989288158233,0.2200462,0.0,0.17786652,0.31869942,0.0,0.0,0.28338787,0.57368493,0.51920706,2.4321754,2.678894,0.10554218,0.31662655,0.21108437,1.9625562,1.0520127,2.2297616,0.21108437,0.14072292,Medullary_cords,0.0
CGGTCAAGTGGGAACC-1,1,26,80,6379,21790.0,6379,4401.3545,Medium-High,1,3,4,3,4,2,6,3,1539.1595109019727,1.0114042647073518,-0.012840171344578266,0.9463088275750655,-0.18224136531352997,0.3351125910722875,0.21630257368087769,0.2509473129781519,-0.18512167036533356,0.32739807745453536,-0.25673043727874756,0.17084228325053893,-0.21825845539569855,0.24658271930465203,0.046029087,0.11627965,0.26042992,0.13345808,0.0,0.0,0.4438033,0.3061122,0.65559864,2.2495522,2.918112,0.094425164,0.6546751,0.36544487,1.668607,1.2025392,2.1602006,0.51451004,0.43315023,Medullary_cords,137.55726080436466
CGGTCCATGAGACTCC-1,1,20,118,6935,27085.0,6935,4331.0083,High,5,12,1,1,4,2,1,0,2985.5520427552424,0.6931471805599453,-0.5756822824478149,0.0008728103147006471,-0.061273232102394104,0.7477184504318103,0.1766846477985382,0.35030511518264257,-0.17359240353107452,0.35893541822509406,-0.3438904285430908,0.06278114361491607,0.13654130697250366,0.47185152297491134,0.1480993,0.0044779815,0.24772613,0.08553104,0.112267114,0.05668567,0.3452128,0.19885492,0.289069,2.3026853,2.862349,0.186959,0.36945337,0.48582774,1.6872511,0.87039495,1.9851782,0.07855813,0.6080828,Medullary_cords,137.00364958642524
CGGTCCGTCGCAAGCC-1,1,63,51,7139,27186.0,7139,4447.6143,High,1,4,0,3,2,0,6,3,3930.969600492988,1.0986122886681096,-0.12031109631061554,0.5265526649340851,-0.09676285088062286,0.6109848668830369,0.3482002913951874,0.05934537919546098,0.10524487495422363,0.5799233456165535,-0.07224337756633759,0.7044086622332023,0.09224456548690796,0.6278100271367129,0.03578585,0.12173289,0.07849039,0.22016346,0.14427982,0.00071250484,0.3988351,0.39965117,0.59586185,2.1669052,2.963736,0.47714797,0.3314771,0.25531772,1.4372649,1.1113943,2.0924106,0.0,0.56763375,Medullary_cords,275.0018181758077
CGGTCTATCAACCCGT-1,1,18,82,5714,18849.0,5714,4204.622,Medium-Low,3,5,2,7,4,2,8,2,2430.3902978739857,0.0,-0.702273964881897,1.5204860331755485e-05,-0.27515020966529846,0.14112916520766844,-0.27283981442451477,0.14463447530685558,0.26056209206581116,0.16432430048306426,-0.04327221214771271,0.8203873515071493,0.08521369099617004,0.6543565681009574,0.087412104,0.00027401847,0.13742304,0.59169877,0.18319201,0.0,0.0,0.31584093,0.9604436,1.5353243,2.420414,0.18080562,1.2571223,0.34041142,0.8866823,1.6113837,1.8634238,0.21280773,0.191473,Medullary_cords,238.76766950322232
CGGTGAAGACTAAAGT-1,1,35,23,4964,17294.0,4964,3746.224,Medium-Low,5,7,6,5,3,6,3,1,4488.51077752967,1.3296613488547582,-0.11821116507053375,0.5338466954952055,0.12588191032409668,0.5074388674804026,0.23021887242794037,0.22098904427673216,-0.385877788066864,0.03519739513834342,-0.3299010992050171,0.07501281735980724,0.120464026927948,0.5260233525754051,0.13751371,0.0012212297,0.08045303,0.1769915,0.29616746,0.008669854,0.2989832,0.0960591,0.40526626,2.1405697,2.9687965,0.114076816,0.45592454,0.2968682,1.7720315,0.8280788,2.0409372,0.22815363,0.28018123,Medullary_cords,238.40302011509837
CGGTGCAGATAGAACG-1,1,42,36,6365,22093.0,6365,4355.4937,Medium-High,3,9,2,0,3,6,5,6,3611.125586295774,0.6365141682948128,-0.30885887145996094,0.09677507395142905,-0.1750411093235016,0.3548765430789951,0.17745399475097656,0.3481774011324509,0.25244805216789246,0.17834118916822683,0.42651331424713135,0.018754735251463265,0.3967331647872925,0.029959096358378942,0.07158149,0.0,0.03904841,0.43318436,0.35454342,0.008848962,0.09279344,0.1739405,0.9337307,1.7588887,2.649335,0.2939407,0.63372445,0.2611394,1.1824734,1.318027,1.7939811,0.0,0.40672323,Medullary_cords,238.40302011509837
CGGTGCGCGTTGGTCC-1,1,49,39,4141,11114.0,4141,3754.4233,Low,2,9,5,2,3,7,2,4,3621.4880919312714,0.0,0.004242029041051865,0.9822506667311979,-0.23440344631671906,0.21247629892604844,0.2112651914358139,0.2624217678831697,0.016414135694503784,0.9313953669329587,-0.05529332906007767,0.7716576552496432,-0.0034979726187884808,0.9853635534925989,0.0360344,0.0019629884,0.2536129,0.11701136,0.13907124,0.25270277,0.1996043,0.20891044,0.39962262,2.3599758,2.4842176,0.0,0.54959244,0.16044334,1.4231374,1.0561514,3.1510901,0.25737754,0.78718835,Medullary_cords,553.1952638987431
CGGTGGGCTCCAGCCT-1,1,15,99,5046,15467.0,5046,4025.4094,Low,1,12,3,5,4,3,3,5,2856.490329057671,0.0,0.018874909728765488,0.921139953025798,-0.11964122951030731,0.5288741847028577,-0.10052496194839478,0.5971217048248494,0.12029646337032318,0.5266033248803356,0.2511252462863922,0.18070364625804333,0.0715024322271347,0.7073072595689449,0.03458267,0.08216962,0.09656687,0.1019115,0.2883096,0.0015211347,0.39493856,0.31122392,0.63978773,2.011625,2.9624634,0.2493501,1.214957,0.2493501,1.4662551,0.8508537,2.2664096,0.0,0.60024136,Medullary_cords,478.0345175821512
CGGTGTACTTGATCCC-1,1,17,31,6639,24582.0,6639,4332.171,Medium-High,3,11,2,0,1,5,5,6,4661.001609096483,0.0,-0.32056352496147156,0.08414895226458377,-0.01601155288517475,0.9330742219179836,-0.17694497108459473,0.34958429151151554,-0.05182655528187752,0.7856323785039075,-0.24034184217453003,0.20078435837920824,0.33234384655952454,0.07275407314708451,0.053298134,0.0016857408,0.00891387,0.41793734,0.34215227,0.008405682,0.16760692,0.266824,1.075687,1.6744742,2.5799263,0.08532971,0.62542856,0.48655418,1.1261433,1.6968809,1.859967,0.17065942,0.4712967,Medullary_cords,365.3833603217311
CGGTTATCCAACAGTG-1,1,30,98,7040,26772.0,7040,4457.261,High,1,0,0,3,0,2,0,3,1179.913556155704,1.0114042647073518,-0.47248727083206177,0.008376734341038371,0.10850349068641663,0.5681794147274633,-0.16354919970035553,0.387825177575425,-0.11024866998195648,0.5619344171081778,-0.1812296211719513,0.33784845687684345,0.10769060254096985,0.5710989453022756,0.05470462,0.00070250203,0.10324581,0.15368998,0.117963396,0.23882651,0.3308672,0.30379274,0.6611701,1.9896181,2.9019225,0.2827194,0.57804996,0.2672667,1.3813839,1.1387362,1.9278641,0.13948204,0.5382294,Medullary_cords,138.0
CGGTTCAAGTAGGTGT-1,1,24,98,5600,16864.0,5600,4310.6562,Medium-Low,5,0,4,1,4,2,1,1,1812.4317918200397,1.3296613488547582,-0.32625672221183777,0.07848279614880015,-0.21602484583854675,0.2515711741892328,0.03330668807029724,0.8612958886922211,0.15589334070682526,0.410719436197547,-0.2069585919380188,0.27249891597222403,-0.21056514978408813,0.26404302749152453,0.1717721,0.005848412,0.032751888,0.21765488,0.5243376,0.0,0.047635186,0.18595931,0.6323717,2.1542118,2.901263,0.24416006,0.63603514,0.44454396,1.8720047,1.002241,2.0617511,0.11640148,0.1303424,Medullary_cords,0.0
CGGTTCCGGCTTCTTG-1,1,9,29,6035,20479.0,6035,4253.0986,Medium-High,3,8,2,0,1,5,5,6,5343.900167480676,0.0,-0.5767568945884705,0.0008491101323665699,-0.23736675083637238,0.2065851729296246,0.2320834994316101,0.2171677082489767,-0.053501203656196594,0.778873349685797,-0.16187027096748352,0.3927818431136944,0.21507517993450165,0.25371213340470533,0.07975453,0.0,0.037986647,0.5614751,0.23582521,0.021922326,0.06303619,0.28514168,0.98348486,1.5358188,2.4282725,0.04970875,0.7363611,0.3052456,0.88252074,1.6657652,1.6205208,0.0,0.4259789,T_cell_zone,552.4608583420187
CGGTTGACCTGGCATA-1,1,39,25,3712,10624.0,3712,3535.7866,Low,1,7,6,5,3,6,3,5,4337.978446235066,0.45056120886630463,-0.1520320475101471,0.4225479103705528,0.2064640372991562,0.2736719400940992,0.11738570034503937,0.5367270620029903,-0.11144313216209412,0.5576782833289361,-0.5399208664894104,0.0020730425669492946,0.1323729306459427,0.48561098013661413,0.10893265,0.00056296145,0.0,0.23429894,0.43297395,0.036624238,0.18660729,0.25057292,0.3826685,2.0855021,2.8328912,0.16583496,0.47991812,0.33166993,1.624119,1.3154544,1.877706,0.0,0.33166993,Medullary_cords,238.90793205751876
CGGTTGAGTATCCTTC-1,1,66,30,6476,23688.0,6476,4312.827,Medium-High,3,1,2,0,5,0,5,6,5214.2834598820955,0.0,-0.25316372513771057,0.17707213255676063,-0.11669119447469711,0.5391561705834109,-0.06637820601463318,0.7274613079077078,0.056014079600572586,0.7687608929293088,-0.16623783111572266,0.3799630972481831,0.3687063753604889,0.04496900668284565,0.019988086,0.0021394857,0.1702098,0.5390589,0.016299836,0.0,0.25230384,0.14186251,0.99925417,1.3816609,2.5799372,0.1760928,0.77442366,0.24417049,0.7646593,1.7757002,1.5866157,0.0880464,0.2970924,T_cell_zone,498.20678437773205
CGGTTGGGCAGGGTCC-1,1,73,75,3846,9937.0,3846,3693.0596,Low,2,6,5,2,2,1,2,4,4287.129692463245,0.0,-0.24655532836914062,0.18903405342781915,0.3627208173274994,0.04884323324463739,0.475960373878479,0.007846900267426219,-0.13098272681236267,0.4902451109526634,-0.2876540720462799,0.1232231415529113,0.34825775027275085,0.0593005911215251,0.19758907,0.0,0.2442336,0.100735955,0.45744142,0.0,0.0,0.28885114,0.3092958,2.1703253,2.673861,0.17407803,0.48600984,0.22489277,1.4477993,0.6731133,2.2997887,0.17407803,0.116052024,Medullary_cords,138.0
CGGTTGGGTTCAAGTT-1,1,8,100,5555,18737.0,5555,4042.9497,Medium-Low,5,12,3,5,4,3,3,5,3686.8887968041563,0.6365141682948128,0.004469501785933971,0.981299044679612,-0.014749483205378056,0.938339109736097,0.1452062577009201,0.4439119809113932,0.06077127903699875,0.7497194296311016,-0.07243596762418747,0.703655907031213,0.2110719382762909,0.2628686811729537,0.081744395,0.00094950857,0.056625087,0.2098229,0.41301215,0.009894272,0.22795166,0.42850953,0.7016674,2.220337,2.7931745,0.10692133,0.80194676,0.5221032,1.8347917,1.2106123,2.1991196,0.21384266,0.5224706,Medullary_cords,0.0
CGGTTTATGAAGGAAC-1,1,10,104,6741,26986.0,6741,4115.284,High,2,12,3,2,4,3,2,3,3529.811893005065,0.6931471805599453,-0.018322164192795753,0.923442529753224,-0.014312810264527798,0.9401613523402751,0.057885024696588516,0.7612557115545939,-0.2399030178785324,0.20163283410643779,-0.17057809233665466,0.36746861677237525,0.3018142580986023,0.10503540550763327,0.11461184,0.0012652003,0.23082206,0.2475864,0.28035474,0.03628837,0.08907135,0.27915993,0.51139283,2.0382004,2.8513017,0.10871909,0.47064275,0.38967943,1.5056149,0.9616859,2.4099414,0.07880531,0.50336325,Medullary_cords,137.00364958642524
CGTAAACGCTTGAGTG-1,1,11,23,7664,36864.0,7664,4356.9683,High,4,8,1,4,1,5,4,7,5520.512023354356,0.8675632284814612,-0.8221645355224609,2.5194715393276726e-08,0.12384065985679626,0.5144023036464375,-0.057953424751758575,0.7609817263068157,-0.2872205972671509,0.12381435640465586,-0.14546693861484528,0.4430855269188753,-0.11140722781419754,0.557806001989737,0.18611328,0.0,0.17050049,0.1726869,0.37513494,0.007349518,0.08821485,0.18186745,0.46847135,2.147577,2.517001,0.11418988,0.8173846,0.91000575,1.7598453,0.84400153,2.0798733,0.16837183,0.24372883,Medullary_cords,138.42326394071193
CGTAAAGCAAGAAATC-1,1,70,28,8420,43304.0,8420,4582.529,High,4,1,1,4,5,0,4,7,5634.828302619344,0.8675632284814612,-0.6283782720565796,0.0002005583169923075,-0.05153241008520126,0.7868211684379174,0.2362358272075653,0.20882010365657716,0.15360701084136963,0.41770064719709704,-0.23605602979660034,0.20917693873372845,0.11294616758823395,0.5523438042799924,0.19945106,0.07012951,0.091951035,0.3015733,0.3330201,0.0,0.0038750994,0.08178421,0.47472584,2.0938005,2.6642618,0.14687327,0.28987497,0.9162852,1.9521854,1.053405,1.884041,0.051943753,0.29285437,B_cell_zone,0.0
CGTAAATAACAAAGGG-1,1,75,55,6571,24612.0,6571,4267.871,Medium-High,3,4,2,0,2,1,0,6,4980.759480239936,0.0,-0.2916141152381897,0.11791816046604474,0.0714312344789505,0.7075859990713133,-0.4123838245868683,0.023537986650299946,0.05041271820664406,0.7913506881197991,-0.21909481287002563,0.2447318099872502,0.36601561307907104,0.04667916920446962,0.04913994,0.06831057,0.136597,0.3196015,0.18301134,0.005358973,0.23798068,0.32445815,1.0000672,1.8722849,2.7159524,0.15958768,0.28088164,0.08524158,1.3104044,1.4025292,2.2282376,0.17048316,0.47363698,Medullary_cords,550.0009090901577
CGTAACTTCGACACTT-1,1,68,50,4763,13396.0,4763,4005.1545,Low,2,4,5,3,2,0,6,3,4444.822718624445,0.45056120886630463,-0.2577274739742279,0.16912889736629105,-0.0013009225949645042,0.9945563456346311,-0.0342206135392189,0.8575278717866475,0.026881888508796692,0.8878644040253084,0.13728025555610657,0.4694337064283101,-0.16487620770931244,0.3839331059391632,0.0281465,0.0,0.2360985,0.098027945,0.13332763,0.20560306,0.29879636,0.37447193,0.53919095,2.1491866,2.5466256,0.0,0.768325,0.28634304,1.4260013,0.99108344,2.860865,0.9418814,0.9020028,Medullary_cords,601.4000332557357
CGTACCTGATAGGCCT-1,1,22,68,5510,16159.0,5510,4295.586,Medium-Low,5,3,7,1,4,2,1,1,2359.3918708006095,1.0986122886681096,-0.4639835059642792,0.009802998944141706,-0.09043347835540771,0.6346064545078587,0.23106013238430023,0.21925937858874756,0.21331587433815002,0.2577099642816731,-0.15795794129371643,0.40447195778235906,-0.09630697965621948,0.6126738459688502,0.17818974,0.00032791676,0.13288005,0.3018536,0.032621175,0.0067150504,0.3474124,0.37682384,0.74930364,2.4353647,2.7585208,0.1608956,0.7422855,0.37682384,1.9948156,1.2367215,2.0965142,0.3612871,0.31521666,Medullary_cords,0.0
CGTAGAGAGTAATTAT-1,1,67,87,5611,18736.0,5611,4078.7383,Medium-Low,1,6,3,5,2,1,3,5,3474.5180960818147,1.0986122886681096,0.41297969222068787,0.023317833649095666,-0.11953704059123993,0.5292357083360352,-0.08086282759904861,0.6709962657657367,-0.07077448815107346,0.7101589067587207,0.08017713576555252,0.6736328845320562,0.17080344259738922,0.3668265749087832,0.07944669,0.0,0.024918241,0.102219805,0.26444626,0.17196694,0.35700208,0.24788812,0.56082505,2.155219,2.7997246,0.16040985,0.504504,0.28711,1.7528181,0.9411168,2.1865554,0.106939904,0.3517058,Medullary_cords,137.92751719653333
CGTAGCGAATTGTCAG-1,1,13,71,5738,18261.0,5738,4250.193,Medium-Low,1,5,3,6,6,3,7,5,3214.251079178476,1.0114042647073518,-0.10023664683103561,0.598179330552963,-0.20868584513664246,0.26842762509029167,0.20023894309997559,0.28871579358868416,0.06812115013599396,0.7205853505192592,-0.2001362144947052,0.2889683847806727,-0.4134844243526459,0.02313267587325107,0.10359158,0.088885576,0.066319205,0.070544526,0.12314607,0.0,0.547513,0.40126234,0.50013,2.327485,2.9030585,0.054591816,0.8763809,0.19961718,1.8942432,0.9743612,2.091032,0.0,0.7011033,Medullary_cords,0.0
CGTAGCGCCGACGTTG-1,1,7,53,6643,25066.0,6643,4302.947,Medium-High,3,8,2,0,1,5,5,6,4425.897987979389,0.45056120886630463,-0.7088682055473328,1.1633870157339628e-05,-0.17149339616298676,0.3648649532111318,0.1719122976064682,0.3636769937950266,0.04935593530535698,0.7956318406852881,-0.2019759565591812,0.28446609149099406,-0.12148770689964294,0.5224868990567472,0.030651137,0.0010159882,0.071832165,0.36211276,0.18445383,0.18982798,0.16010612,0.11923929,0.9558893,1.7137346,2.5775077,0.28700498,0.52050596,0.40624428,1.1859316,1.5290414,1.710359,0.23059112,0.5543364,Medullary_cords,275.98007174431996
CGTATTAAGAGATCTA-1,1,32,54,5678,20359.0,5678,3887.7595,Medium-High,1,3,3,5,1,2,3,5,2448.128468851257,0.0,0.20956824719905853,0.2663630466050171,0.22331301867961884,0.23553732476448896,0.19673463702201843,0.2974117103957032,-0.28938502073287964,0.12088306495295095,-0.13685892522335052,0.4708114918812389,0.1416456252336502,0.45528340510346943,0.040713884,0.06900139,0.15618446,0.17516519,0.44845125,0.01136486,0.09911901,0.21128196,0.60725105,2.0873137,2.7914305,0.3565149,0.37123668,0.23538424,1.5109015,1.0437813,2.6972213,0.09989653,0.39868155,Medullary_cords,239.00209204105306
CGTCAAGGCTATAAAT-1,1,30,14,7822,34351.0,7822,4433.92,High,1,7,4,6,3,6,7,1,5183.062029341343,1.277034259466139,-0.15368163585662842,0.4174717451451572,0.1432015597820282,0.45029533148424933,0.16830024123191833,0.3739954864789553,0.061326585710048676,0.7475058564867917,-0.35769888758659363,0.052293980008754355,-0.2709510922431946,0.14754652689105918,0.08759754,0.086280145,0.0,0.12500954,0.2505717,0.0,0.45054105,0.35546878,0.673886,2.2834725,2.903782,0.18581688,0.47925383,0.32282376,1.8727801,0.92863804,1.8730116,0.12775534,0.4621722,Medullary_cords,0.0
CGTCACGTCCATTGGT-1,1,47,51,4321,10723.0,4321,4095.762,Low,3,9,0,0,3,7,0,6,2765.3195113765787,0.6365141682948128,-0.020102202892303467,0.9160296674651895,-0.07810060679912567,0.6816405834833836,0.010187212377786636,0.9573909007397365,-0.0937909483909607,0.6220304450131996,-0.09888098388910294,0.6031630424910386,-0.0018057189881801605,0.9924440982942808,0.13578574,0.0,0.049241826,0.42111483,0.019372726,0.0,0.37448484,0.21674144,0.69444025,2.159987,2.9050322,0.3807345,0.41387025,0.24706995,1.655433,1.5979137,1.9195955,0.32942662,0.17543678,Medullary_cords,137.55726080436466
CGTCAGTGCGCACAAG-1,1,11,49,7393,30351.0,7393,4401.437,High,1,8,0,3,1,5,6,3,4202.427036844304,1.0114042647073518,-0.07751261442899704,0.6839142713369798,0.21737095713615417,0.24855691883537684,-0.15759368240833282,0.4055702825231883,0.031058723106980324,0.8705765500018183,-0.46073397994041443,0.010399487181655839,-0.20621493458747864,0.2742640152715911,0.023794733,0.11623555,0.16910774,0.06364436,0.2515,0.0,0.37571755,0.47290814,0.50319505,2.0508208,2.9347546,0.35675633,0.43404612,0.17007333,1.4473321,1.0730414,2.1778748,0.83482945,0.38650793,Medullary_cords,364.00137362378183
CGTCAGTTTATCGTCT-1,1,2,60,6528,24411.0,6528,4406.729,Medium-High,4,5,1,4,6,5,4,7,4722.932669433262,0.45056120886630463,-0.08555220067501068,0.6530686060490587,0.11719570308923721,0.5373910803884843,-0.09512250125408173,0.6170713609120985,0.022535627707839012,0.9059070958931752,-0.07936209440231323,0.6767718127228106,0.038771726191043854,0.8388113423351192,0.09096239,0.17032085,0.00667313,0.095608346,0.42933398,0.18909207,0.018009247,0.07480897,0.38741803,2.1463006,2.641192,0.11772826,0.31811705,0.8774985,1.8944199,0.6675767,1.7540494,0.085838586,0.21419674,B_cell_zone,0.0
CGTCATACCATATCCA-1,1,20,20,6201,22824.0,6201,4191.1675,Medium-High,5,11,4,1,1,5,1,1,5153.186586957628,1.2424533248940002,-0.31212538480758667,0.09311581817656724,-0.013149546459317207,0.9450170904771069,-0.23063601553440094,0.22013022867520043,-0.31576842069625854,0.08915961075203342,-0.12904444336891174,0.4967435382517568,0.233454629778862,0.2143865660410605,0.14840512,0.23470256,0.087499924,0.32741094,0.1953607,0.0,0.0066207713,0.31223843,0.80554116,2.2145193,2.9477217,0.090840176,0.5050954,0.37473586,1.8115034,1.1357216,2.0362043,0.18168035,0.3947634,Medullary_cords,0.0
CGTCGCATGTGAGCCA-1,1,65,77,5777,18576.0,5777,4216.136,Medium-Low,5,6,0,1,2,1,1,1,3321.5503910071875,1.0114042647073518,-0.04007712006568909,0.833458295849396,-0.025760609656572342,0.8925142919859723,-0.18173643946647644,0.3364762745587153,0.1127641499042511,0.5529885479942065,0.20721550285816193,0.27189083954896975,-0.08414123207330704,0.6584434729694539,0.13243215,0.22571607,0.21641694,0.13086542,0.0409485,0.081677444,0.17194353,0.23411158,0.5363623,2.2037342,2.8930926,0.10767419,0.5002413,0.23652706,1.4668939,1.033144,1.8626354,0.10767419,0.42556876,Medullary_cords,138.0
CGTCGCTTGGTTATAC-1,1,63,25,6021,20378.0,6021,4243.2046,Medium-High,3,1,2,0,5,0,5,6,5269.750088951088,0.0,-0.45754683017730713,0.011013869343102842,-0.1791267842054367,0.3435779883412481,-0.19140471518039703,0.31095160952499756,-0.031106140464544296,0.8703806102977563,-0.040038783103227615,0.8336154019952139,0.38034552335739136,0.038137937864467016,0.12350288,0.0,0.22618873,0.5188221,0.13148633,0.0,0.0,0.18568504,1.0156664,1.7069943,2.4684653,0.13539156,0.7962621,0.3210766,0.97352636,1.3973508,2.3359113,0.0,0.33966962,Medullary_cords,479.00104384019875
CGTCGGATAGTGTTGA-1,1,34,96,5389,16390.0,5389,4184.876,Medium-Low,3,0,2,0,0,4,5,6,730.0,0.0,0.10486158728599548,0.5813117382718941,-0.12770386040210724,0.5012633197685571,-0.0879233106970787,0.6440745587427786,-0.2640113830566406,0.15860991298134405,-0.222440704703331,0.23741949359635064,0.2661166489124298,0.15519281657610634,0.031351842,0.102550976,0.1110015,0.4503824,0.2556484,0.0,0.04906497,0.25194564,1.0557066,1.6664621,2.4207153,0.21879125,0.7314941,0.29771057,0.9188576,1.6125752,1.9760349,0.37919724,0.25279814,Medullary_cords,477.31017169132275
CGTCGGGTCTAAGCGC-1,1,54,22,5162,18187.0,5162,3728.1194,Medium-Low,2,7,5,2,5,0,3,4,4930.580898839406,0.0,-0.0018732802709564567,0.9921614013907923,-0.17415359616279602,0.3573598497532644,-0.11200821399688721,0.555669952760148,0.11789125204086304,0.5349621195607903,0.18055392801761627,0.3396831344355244,0.08535481989383698,0.6538194821970322,0.05529045,0.078617446,0.20259003,0.21866235,0.17789178,0.0,0.26694798,0.17656702,0.73228186,2.0676808,2.678461,0.17656702,0.47155246,0.50062674,1.4178263,1.2430924,2.773164,0.29073873,0.3427083,Medullary_cords,476.6686480145301
CGTCGTCCTTCGCGAA-1,1,56,76,4617,11877.0,4617,4138.5615,Low,2,6,0,3,2,1,6,3,2308.8969227750295,0.8675632284814613,-0.3736119270324707,0.04197991459647999,0.3173288404941559,0.08750473778934469,-0.03759384527802467,0.8436475598267813,-0.13019023835659027,0.49289682897049386,-0.057493746280670166,0.7628235708143343,0.004518600646406412,0.9810936450503129,0.05756707,0.00044668786,0.07651707,0.18030478,0.0,0.34586263,0.33930176,0.3484696,0.73269093,2.2165046,2.6842303,0.076358825,0.55226874,0.27613437,1.4464221,1.2062055,2.2647452,0.467766,0.6800232,Medullary_cords,137.00364958642524
CGTCTGGAAGGGCCCG-1,1,16,62,6405,22503.0,6405,4316.1636,Medium-High,1,3,4,3,6,3,1,3,3184.731699845373,0.8675632284814612,-0.32195085287094116,0.08274022457041089,0.1541001796722412,0.41618921483613197,0.3081243932247162,0.09761262385269716,-0.2529461979866028,0.17745718486652137,-0.4370374083518982,0.015739998581596342,0.15029288828372955,0.42793651748128186,0.082487166,0.006101148,0.18630351,0.20949267,0.19088924,0.06436341,0.26036283,0.3481415,0.5502819,2.2514105,2.9449413,0.0794986,0.7367182,0.19784343,1.9109155,0.9357654,2.530579,0.18386239,0.96074307,Medullary_cords,0.0
CGTGAAGTTAATTCAC-1,1,40,56,3871,11084.0,3871,3588.934,Low,1,9,3,2,3,7,7,5,2215.587732408717,0.6365141682948128,0.15942853689193726,0.40005490884773254,0.05073302984237671,0.790054235692886,-0.15077778697013855,0.42643032020740285,0.2109593152999878,0.26312935966900425,0.0402345284819603,0.8328132968834552,0.0678979903459549,0.7214645429829837,0.097815216,0.13307576,0.15932468,0.27910474,0.042212326,0.0,0.2884673,0.4185506,0.63372695,2.5175402,2.6897755,0.16075295,0.40489393,0.080376476,1.6847667,1.1956205,2.6711383,0.25779766,0.3215059,Medullary_cords,138.42326394071193
CGTGACATTGGGTCGT-1,1,15,83,5877,20154.0,5877,4209.7026,Medium-Low,3,5,2,7,4,3,8,2,2776.277543762511,0.0,-0.24341368675231934,0.19491380634807526,-0.43377813696861267,0.01662720301066001,-0.28233277797698975,0.130626316730946,0.11040052771568298,0.5613924920230471,-0.010623335838317871,0.9555685149272344,-0.011330682784318924,0.9526132652035593,0.077552795,0.00051033427,0.13732597,0.49237108,0.21933025,0.0,0.07290951,0.13669227,1.0005224,1.6169367,2.3956313,0.13653441,1.4204825,0.23726721,1.1657428,1.5582737,1.9138038,0.10073281,0.24920109,Medullary_cords,477.6703884479338
CGTGACCAGTCCTCTG-1,1,63,55,5608,16587.0,5608,4327.4043,Medium-Low,5,4,4,6,2,1,1,1,3758.4166879152717,0.6931471805599453,-0.1434716433286667,0.4494324790629913,-0.012643608264625072,0.9471296089523686,0.39406976103782654,0.031181611856051252,-0.33341744542121887,0.071778144749323,-0.25178709626197815,0.17951888898089394,0.21965959668159485,0.24348713644225153,0.07903674,0.0030076648,0.0,0.084277846,0.21763454,0.19361117,0.422432,0.15786657,0.4478258,2.3576975,2.9806976,0.27582303,0.50380397,0.2869592,1.8738785,1.0880437,1.8436984,0.19777668,0.4209775,B_cell_zone,0.0
CGTGCACACCACTGTA-1,1,72,90,4878,13639.0,4878,4242.1816,Low,4,6,1,4,2,1,4,7,4074.68869976591,0.0,0.05559049919247627,0.7704629342875556,-0.10056651383638382,0.5969693464345348,0.03880291059613228,0.8386833808012065,-0.2793234884738922,0.13495461564910688,-0.40364915132522583,0.02696548953904298,0.2181994915008545,0.24671355880307907,0.18685198,0.19764282,0.18428063,0.1630604,0.17355534,0.0,0.094608836,0.112844095,0.39366388,2.109637,2.5366447,0.13749114,0.25033522,0.88206446,1.9230604,0.609525,2.029286,0.0,0.18332152,Medullary_cords,0.0
CGTGCAGACTGGGACA-1,1,40,74,2471,5067.0,2471,3306.5005,Low,5,2,4,1,0,4,1,1,992.9415894200424,1.2424533248940002,-0.03284871578216553,0.8631851877057981,-0.37126249074935913,0.043391022710223,0.2680172026157379,0.15215365121053048,0.1831797957420349,0.3325870703203197,-0.4128716289997101,0.023357633509020235,-0.35596078634262085,0.05353217197575715,0.13588697,0.0027914138,0.0,0.1500114,0.12030312,0.0,0.59100705,0.13621975,0.4843369,2.388797,2.832093,0.0,0.47228992,0.13621975,2.0891287,0.8113463,1.3901454,0.39970085,0.26646724,B_cell_zone,0.0
CGTGCATTGTCGACGC-1,1,39,31,4579,13154.0,4579,3906.587,Low,1,7,6,3,3,6,6,5,3925.15337279959,0.45056120886630463,-0.3258763551712036,0.07885195702050382,-0.0261615589261055,0.8908511658952442,0.039774585515260696,0.8346982629482014,0.03845156729221344,0.8401253091165929,-0.30368098616600037,0.10279678898134985,0.2864789664745331,0.12483071202611203,0.0,0.05458552,0.09169509,0.12317675,0.12654802,0.2730592,0.33093548,0.55635196,0.64754295,1.6767151,2.7221107,0.18623489,0.55809134,0.1413604,1.1293503,1.049861,2.3256385,0.6551906,0.70779645,Medullary_cords,138.0
CGTGCCCGACATTTGT-1,1,1,59,6163,21572.0,6163,4256.539,Medium-High,0,5,1,4,6,5,4,0,4860.697275083072,1.2130075659799042,-0.3794914782047272,0.0386089727489534,0.06581566482782364,0.729685011529046,0.021018369123339653,0.9122169991913708,-0.026727521792054176,0.8885043421516448,-0.1316816657781601,0.4879124494428655,0.09476636350154877,0.6183961155518511,0.13079765,0.10011574,0.043794416,0.21844187,0.37991053,0.02519166,0.10174802,0.08201221,0.5683706,2.1419144,2.7807708,0.17724183,0.58210087,0.71521544,1.8942047,1.0920314,1.833764,0.09522963,0.12697285,B_cell_zone,0.0
CGTGCCCTCCCGAAGA-1,1,43,77,4223,10325.0,4223,4075.1038,Low,5,2,4,1,0,4,1,1,965.0005181345759,1.0114042647073518,-0.1387360692024231,0.4646893379668268,-0.26524895429611206,0.15659472940882274,0.1513013392686844,0.4248073429889729,0.23669028282165527,0.20792002722240732,-0.3723599910736084,0.04272720698409678,-0.14091996848583221,0.4576197557692304,0.23630291,0.0,0.035561588,0.110890776,0.6077639,0.009480858,0.0,0.16932088,0.42072648,2.3789363,2.839145,0.08466044,0.7439797,0.3039964,2.090064,0.671066,2.1819317,0.0,0.11288059,Medullary_cords,0.0
CGTGCTGGCCTAGTCG-1,1,9,19,6893,30235.0,6893,4312.136,High,4,8,1,4,1,5,4,7,5884.216855283293,0.0,-0.6057116985321045,0.0003896539776940107,-0.17964144051074982,0.34217033062787916,-0.05948527157306671,0.7548531957342909,-0.045679721981287,0.8105692255558191,-0.18896964192390442,0.3172634050615673,-0.2661776840686798,0.15509454374890516,0.21892585,0.0,0.1354049,0.20749314,0.345268,0.03378541,0.0591227,0.20454699,0.36592054,1.9337881,2.5680053,0.0,0.4313634,0.9714546,1.7742488,0.73593664,1.7471008,0.0,0.24712968,B_cell_zone,138.42326394071193
CGTGCTTCTACCTAAA-1,1,62,28,6589,24074.0,6589,4358.136,Medium-High,3,1,2,0,5,0,5,6,5032.132152477715,0.6365141682948128,-0.465210884809494,0.009585322771965207,-0.30217576026916504,0.10459905519498235,-0.3285692036151886,0.07626697380778916,-0.06741979718208313,0.7233496722968625,-0.06384456157684326,0.7374935704481344,0.5125207901000977,0.003782636024280631,0.0,0.0,0.1882323,0.3839621,0.15064915,0.013282787,0.26387376,0.4674636,0.78954566,1.5723965,2.7067723,0.23803496,0.8785463,0.31697297,0.95053595,1.4519334,1.9559726,0.15118441,0.54289246,Medullary_cords,414.40318531594323
CGTGGCCGAATATCTA-1,1,47,101,5202,16330.0,5202,3999.4788,Medium-Low,2,10,0,2,0,4,0,4,1401.492062053867,0.45056120886630463,-0.2400667816400528,0.2013159050115658,0.06722205132246017,0.7241296891715234,0.10089704394340515,0.5957579870067424,0.0006716179195791483,0.9971896287295013,-0.302352637052536,0.10438605277394206,0.45627039670944214,0.011268325846864139,0.12417501,0.0,0.3784151,0.35498902,0.06369738,0.036339052,0.042384446,0.37512898,0.76020145,2.0018244,2.6126988,0.3204224,0.6553082,0.19991842,1.525444,1.249057,2.8160348,0.0,0.7052773,Medullary_cords,137.0
CGTGGTACCCAAAGGC-1,1,66,42,6971,26682.0,6971,4360.0654,High,1,4,0,3,5,0,7,3,4612.592329699211,0.8675632284814613,-0.13204722106456757,0.4866946919801774,0.09373117238283157,0.6222534509777004,-0.0200952235609293,0.9160587193925712,-0.34203052520751953,0.06431099111724493,-0.35646629333496094,0.053169696466888364,-0.03417757526040077,0.8577052458288984,0.04157174,0.0,0.094540164,0.118891515,0.1826582,0.13925484,0.42308354,0.37512237,0.6176659,1.9080768,2.9359765,0.3437439,0.60650504,0.30378443,1.162724,0.9797482,2.136003,0.0,0.57339495,Medullary_cords,138.42326394071193
CGTGTATGGGAGCTGA-1,1,65,111,1073,1688.0,1073,2272.9949,Low,2,13,5,5,7,1,3,4,3600.5806476178254,0.6931471805599453,0.014213401824235916,0.940576226937177,0.1586621105670929,0.4023534998061952,0.18848173320293427,0.31853756129439026,0.08892172574996948,0.6403019879724616,-0.4350050091743469,0.01628848963100261,0.11322309821844101,0.5513635290988741,0.023937888,0.006311012,0.17995802,0.13503675,0.19358316,0.05773871,0.40343446,0.24187729,0.0,1.6085455,2.0122194,0.0,0.24187729,0.0,0.81123537,0.32250306,1.4102993,0.0,0.32250306,Medullary_cords,364.9465714320385
CGTGTCCCATTCGCGA-1,1,28,40,4409,12494.0,4409,3896.6985,Low,5,3,4,1,1,6,1,1,3514.2524098305744,0.6730116670092565,0.24604995548725128,0.18997144466010027,-0.13608594238758087,0.47334468570876354,-0.12094162404537201,0.5243719849127465,0.19695883989334106,0.2968504504836601,-0.5197170972824097,0.003245427699066091,0.22571155428886414,0.23041361981033404,0.11507684,0.12668629,0.10240552,0.0,0.21339764,0.3345322,0.107901536,0.22052671,0.26670778,2.4339857,2.911067,0.1470178,0.45950305,0.266506,1.8991412,0.82765174,1.9768062,0.1470178,0.49807355,Medullary_cords,0.0
CGTGTCTCGTTACGAC-1,1,60,34,4476,12601.0,4476,3913.8162,Low,5,1,0,1,5,0,1,3,4556.561971486836,1.0114042647073518,-0.3699891269207001,0.044171497952710304,-0.07167414575815201,0.706635152951974,-0.3309198021888733,0.07406436176886734,-0.20205506682395935,0.2842735014219692,-0.18921828269958496,0.3166153053572224,0.06387296319007874,0.7373808728007402,0.14172082,0.005150338,0.0,0.29746926,0.24848758,0.30717203,0.0,0.2983172,0.7953826,2.2835643,2.880031,0.2983172,0.4505799,0.21908173,1.8808587,1.3866282,1.9820076,0.0,0.19473933,Medullary_cords,0.0
CGTGTGTTAAACCCTG-1,1,32,116,5279,16138.0,5279,4044.2678,Medium-Low,2,0,0,2,0,4,0,4,2057.232364124189,1.0821955300387671,-0.370737761259079,0.043711297577373937,-0.23324337601661682,0.2148134744665873,-0.048197902739048004,0.8003298509033842,0.006747361272573471,0.9717713205821409,-0.24553394317626953,0.1909319046924681,0.20115701854228973,0.2864646581792113,0.05219534,0.0,0.1219259,0.298502,0.31356013,0.007675058,0.20614149,0.46805847,0.81026727,1.9825746,2.814449,0.28162742,0.4031184,0.47796497,1.3230398,1.4976366,2.4957635,0.12056522,0.25546694,Medullary_cords,138.0
CGTTAAACTAGTTAGG-1,1,49,111,6719,32273.0,6719,3580.6873,High,2,10,5,2,0,4,2,4,2060.3798193537036,0.0,0.24066504836082458,0.2001610095641085,0.2653913199901581,0.15636409247436242,0.01971179060637951,0.917654946209324,0.049689192324876785,0.7942811428138559,-0.1455157995223999,0.4429307125118535,-0.004984354134649038,0.9791452778025272,0.023959523,0.04482435,0.35727298,0.005640053,0.18839358,0.17515354,0.20475604,0.31711775,0.25674045,2.1249962,2.447325,0.16150871,0.4125703,0.18805127,1.0413879,0.63943946,3.4501143,0.73325026,0.36172125,Medullary_cords,365.0
CGTTAATGTCCCGACG-1,1,59,87,6374,21350.0,6374,4371.1484,Medium-High,3,6,0,0,2,1,0,6,2516.7637950352037,1.0114042647073518,-0.35355085134506226,0.05528711029753312,0.13022568821907043,0.49277805641591427,0.25466451048851013,0.17443156320104933,0.28509005904197693,0.12675063405797363,-0.22437308728694916,0.23326351053400288,0.09788377583026886,0.6068402235181928,0.013147413,0.051291727,0.0,0.25800171,0.24087967,0.14103238,0.2956471,0.43150705,0.9485959,1.800605,2.8191872,0.33770716,0.59797406,0.49477428,1.2229011,1.4754266,1.8231187,0.0960481,0.53252214,Medullary_cords,137.55726080436466
CGTTAGCTCACAACTG-1,1,14,90,7138,28536.0,7138,4494.597,High,0,5,7,7,4,3,8,2,2877.982974237339,1.0114042647073518,-0.6233524680137634,0.00023341263904068374,-0.08854912966489792,0.6417088433163122,0.23922927677631378,0.20294033008323242,0.285819411277771,0.125739741873567,-0.20836657285690308,0.26917718687602954,-0.02829914540052414,0.8819923441932762,0.12298957,0.07345331,0.07611304,0.14507471,0.18365982,0.1811553,0.2175543,0.3999715,0.54820013,1.9837416,2.7194748,0.12736613,2.0101857,0.6121519,1.7205648,0.9667215,1.6453243,0.13278845,0.27719647,B_cell_zone,137.55726080436466
CGTTCAAGGAAACGGA-1,1,70,46,7117,29301.0,7117,4274.538,High,1,4,0,3,5,0,6,3,4801.200266600009,1.0114042647073518,-0.17848461866378784,0.3453392959786347,0.0033162832260131836,0.9861237157254823,-0.15931081771850586,0.4004074747673315,0.03605315834283829,0.849981804260391,0.2294924259185791,0.2224900680445204,0.11338482797145844,0.5507914145692349,0.024942493,0.0025999139,0.30302423,0.14062674,0.029760882,0.11504152,0.38400424,0.35965586,0.7399894,1.942033,2.813782,0.35368332,0.5190762,0.2549299,1.2143033,1.1187702,2.5520732,1.0779575,0.55399543,Medullary_cords,602.7354311802153
CGTTCAGACCCGCGAA-1,1,65,61,6080,20591.0,6080,4299.628,Medium-High,5,4,4,1,2,1,1,1,3730.592714301576,1.0114042647073518,-0.200508251786232,0.2880542797845368,0.11511559784412384,0.5446862160011882,0.07284028083086014,0.7020765067964252,-0.09185411036014557,0.6292727834025541,-0.3250383734703064,0.07966995958823225,0.3915286362171173,0.032385403658843154,0.07358199,0.00094659306,0.010274572,0.2377355,0.17170195,0.16588172,0.3398777,0.29617497,0.772279,2.3503587,2.9713304,0.18380642,0.48057398,0.09896691,2.0161252,1.1993842,2.0590339,0.09896691,0.47874677,Medullary_cords,0.0
CGTTCATGGTGCGCGT-1,1,48,20,6357,31006.0,6357,3396.6792,High,2,7,5,2,3,6,2,4,4831.704150711217,0.0,-0.213426411151886,0.2574575725134363,-0.03835195302963257,0.8405342229189886,0.2091929316520691,0.26723991596798113,-0.3776855766773224,0.03962037237279377,0.16542983055114746,0.38231605307548633,0.017066355794668198,0.9286760873257515,0.04995096,0.0,0.38762763,0.08206488,0.1725606,0.15743054,0.15036537,0.29415435,0.24055102,2.2584865,2.2257376,0.16704695,0.46759754,0.25930998,1.335002,0.6995417,3.0627382,0.19432506,0.58186316,Medullary_cords,600.800299600458
CGTTCTTCGCACACCT-1,1,19,109,5699,21391.0,5699,3878.161,Medium-High,5,12,3,2,4,3,2,5,2695.819170493451,1.0549201679861442,-0.2732029855251312,0.14407933990916913,-0.16441689431667328,0.38527769241994736,0.08763737976551056,0.6451565695650768,0.4257279932498932,0.018997614411276148,-0.294456422328949,0.11421626598213792,-0.14015403389930725,0.4600926704501466,0.11846529,0.0006995008,0.2107615,0.12981685,0.30807015,0.026897136,0.20528953,0.2276819,0.28788435,2.2975562,2.83666,0.08251447,0.52932644,0.3913806,1.6565753,0.9431449,2.4819684,0.16502894,0.46789396,Medullary_cords,138.0
CGTTGAATACCGCGCT-1,1,57,77,5431,15863.0,5431,4275.899,Low,2,6,0,0,2,1,0,3,2398.60063370291,0.8675632284814613,-0.4367513656616211,0.015816252911198755,0.22091634571552277,0.24073261381078753,0.11240977048873901,0.5542448317611589,0.030603567138314247,0.8724577422034968,0.05029259994626045,0.7918370043270344,0.20785051584243774,0.2703916125383816,0.0369129,0.0026156227,0.2253551,0.14867577,0.2165749,0.20344362,0.16642207,0.41561583,0.62429976,2.1570692,2.7730436,0.25672975,0.5915777,0.4483622,1.6343269,1.143322,2.3441215,0.42220378,0.48935074,Medullary_cords,138.42326394071193
CGTTGAGCGACCGTCG-1,1,44,74,3598,7562.0,3598,3976.2898,Low,0,2,7,4,0,7,4,0,1202.2000665446662,1.3296613488547582,-0.04300392046570778,0.8214831567603522,-0.28233999013900757,0.13061606716759502,0.17069588601589203,0.36713293016277443,-0.019698284566402435,0.9177111774499948,-0.06797659397125244,0.721154825058021,-0.004047540947794914,0.9830643179509062,0.39221427,0.0,0.25727865,0.31966,0.030846994,0.0,0.0,0.0,0.33094507,2.3490143,2.9347637,0.105325215,0.47763845,0.266988,2.0400786,0.9751391,2.2228167,0.0,0.0,Medullary_cords,0.0
CGTTGAGTAATTGCGT-1,1,11,101,4740,14288.0,4740,3893.8728,Low,1,12,3,5,4,3,3,5,3355.363616659154,0.45056120886630463,0.10293622314929962,0.588308158466968,-0.3419743776321411,0.06435762288544536,-0.07200748473405838,0.7053310431222684,-0.08399887382984161,0.6589866979891227,0.03785240650177002,0.8425854590992945,0.14021047949790955,0.459910187954991,0.050860405,0.0016133374,0.15150754,0.035987608,0.2476,0.27533877,0.23709232,0.27405232,0.49116862,1.9792085,2.7698224,0.1326406,1.130251,0.27405232,1.3932621,0.821918,2.3273993,0.0,0.5539521,Medullary_cords,364.00137362378183
CGTTGCCCGCGTGGGA-1,1,65,45,6309,21342.0,6309,4363.1255,Medium-High,3,4,0,1,2,0,1,6,4384.617201079246,1.2424533248940002,-0.14676186442375183,0.438992483657114,-0.018685709685087204,0.9219280358301591,0.21162398159503937,0.261593353126995,-0.14866504073143005,0.4330143054402532,0.20682241022586823,0.27282159766644554,-0.36436235904693604,0.04775531183212517,0.16446233,0.0006107158,0.03567467,0.3027607,0.33014655,0.0,0.16634507,0.24692939,0.72380745,2.2387652,2.8857934,0.22676447,0.6703427,0.2058067,1.7272882,1.208282,1.8290404,0.09607426,0.29261985,Medullary_cords,138.42326394071193
CGTTGTAAGATTGATT-1,1,26,108,6629,24732.0,6629,4399.6807,Medium-High,4,0,1,4,0,2,4,7,1990.3456986161978,0.6365141682948128,-0.5379079580307007,0.0021704154857160813,0.1732698380947113,0.35984289717954926,0.1792726367712021,0.34317870647647153,-0.24728327989578247,0.18768948438189592,-0.2609575390815735,0.16366183439088122,0.08247026056051254,0.6648304071622487,0.09255285,0.06522712,0.0065983934,0.18875113,0.27137363,0.16524465,0.21025223,0.20516059,0.5238594,2.339031,2.6905656,0.12733631,0.4165653,0.5855507,2.0351658,1.0374532,2.1677437,0.0,0.31071824,Medullary_cords,0.0
CGTTGTCGGCAATTGA-1,1,64,66,6168,19894.0,6168,4337.9194,Medium-Low,5,4,4,1,2,1,1,1,3463.087206525415,1.0986122886681096,-0.002629108726978302,0.9889988570136541,0.14774435758590698,0.435900738917181,-0.048580601811409,0.798776518880708,0.14708493649959564,0.4379745172987171,-0.15963813662528992,0.399427599882494,0.2513694167137146,0.18026592718602497,0.07775309,0.08564533,0.0541985,0.23421599,0.37118152,0.0,0.17700557,0.32640752,0.649077,2.077445,2.7138698,0.25452474,0.32655564,0.15271485,1.7129756,1.1372634,2.1440663,0.4072396,0.34517348,Medullary_cords,138.0
CGTTGTTTCAATTCCC-1,1,34,40,5764,17807.0,5764,4333.7144,Medium-Low,4,9,1,4,3,6,4,7,3338.3927270469544,1.0114042647073518,-0.38545769453048706,0.03541406581422687,-0.09498531371355057,0.617581529415372,-0.15710198879241943,0.4070555202502014,0.2675462067127228,0.15290279507550047,-0.001500602811574936,0.993720807620901,-0.4576907753944397,0.010985478962739185,0.13612372,0.00066628464,0.023341471,0.11224904,0.29284036,0.029118812,0.40566033,0.14982484,0.51648885,2.040237,2.6935189,0.0,0.3169609,0.7641228,2.0477648,0.63489896,1.6135644,0.0,0.4155643,B_cell_zone,0.0
CGTTTAAGCGGAGCAC-1,1,13,59,6819,25602.0,6819,4387.435,High,3,8,2,0,6,3,5,6,3598.0730954220485,0.8675632284814613,0.0020558014512062073,0.9913976821467578,-0.14567774534225464,0.4424178008081584,-0.30501729249954224,0.10121642538949027,-0.4237602949142456,0.01961760255568475,-0.28571799397468567,0.12587995116264059,0.14686475694179535,0.43866814074116967,0.03348458,0.0,0.054076385,0.3816937,0.14971887,0.1400995,0.24092692,0.19209619,0.9098548,1.7740555,2.6850548,0.29275298,0.5731381,0.30302566,1.072267,1.7420124,1.8847481,0.22675312,0.34103596,Medullary_cords,138.42326394071193
CGTTTACAAGGCAGCT-1,1,21,117,6566,26124.0,6566,4167.006,High,0,12,7,4,4,2,4,0,2851.9721246884583,1.3321790402101223,-0.645856499671936,0.0001158645747455104,-0.0685741975903511,0.7188015341808798,0.2790319323539734,0.13537946274984347,0.07358147203922272,0.6991842941319731,-0.43721291422843933,0.015693362979350825,-0.18854597210884094,0.31836962287293963,0.14538923,0.09531976,0.057306603,0.19699444,0.33160463,0.030352892,0.14303242,0.13369493,0.3952902,2.1542997,2.758538,0.18715449,0.49240595,0.76645267,1.7981758,0.80774283,1.7273291,0.0,0.3302518,B_cell_zone,137.55726080436466
CGTTTCACTTCGGGCG-1,1,18,92,6013,19011.0,6013,4411.136,Medium-Low,3,5,3,7,4,2,8,2,2411.1648637121434,1.0114042647073518,-0.603750467300415,0.0004117361486463637,-0.32105234265327454,0.08365051677490165,0.13246186077594757,0.4853153035229039,0.5214600563049316,0.0031256692119046386,-0.055370599031448364,0.7713469553673098,0.0440780371427536,0.8170980558031914,0.046573006,0.0008883555,0.027690612,0.23076011,0.24032557,0.19383727,0.25992504,0.17122313,0.82858515,1.8156705,2.783081,0.17971995,1.5245551,0.4465589,1.2823933,1.2283214,1.8051485,0.28539336,0.35578528,Medullary_cords,238.40302011509837
CGTTTCGCTCATTACA-1,1,35,49,5072,15943.0,5072,3964.3833,Medium-Low,1,9,3,5,3,6,3,5,2708.1052416772877,0.8675632284814613,0.12149129062891006,0.5224745388522718,-0.0443728081882,0.8158955875128432,0.17113558948040009,0.3658814665627678,-0.2972514033317566,0.11066100924506192,-0.2734616696834564,0.14368486353011073,0.07069477438926697,0.7104714113468861,0.089636326,0.000326852,0.09918923,0.16225694,0.2033103,0.03727196,0.4080084,0.19315796,0.5275672,2.1165771,2.6732454,0.060860246,0.60012174,0.41093236,1.7441782,0.9825181,2.2075987,0.12172049,0.7033914,Medullary_cords,137.0
CGTTTGTGTAGAGGGT-1,1,55,41,4049,10983.0,4049,3698.6777,Low,2,9,5,2,5,0,2,4,3822.4123273137343,0.0,0.3253414034843445,0.07937340541460107,-0.2884329557418823,0.12216606347736313,0.00402055075392127,0.9831772341878691,0.13879191875457764,0.4645078329085883,-0.2326350212097168,0.2160460914164209,0.04027435928583145,0.8326501024627813,0.031938493,0.00095018535,0.1938147,0.3133957,0.28587854,0.01717741,0.15684503,0.2642905,0.6479038,2.0326319,2.5405877,0.16184099,0.080920495,0.16184099,1.4912844,1.3643124,2.7064743,0.0,0.62643903,Medullary_cords,480.0010416655364
CTAAACGGGTGTAATC-1,1,4,42,6196,22099.0,6196,4224.307,Medium-High,3,8,2,0,1,5,5,6,5157.816592318885,0.0,-0.14777962863445282,0.4357899678773103,-0.23637719452381134,0.20853983181552668,-0.05234766751527786,0.7835274609396436,0.010254988446831703,0.9571076775629589,-0.04345531389117241,0.819639684467204,-0.07311557978391647,0.7010017801532943,0.03875499,0.0,0.07845151,0.4895645,0.1321912,0.0,0.2610378,0.20971748,1.0940418,1.4088277,2.2799485,0.1866533,0.7098465,0.22055413,1.0004874,1.6420302,1.9651804,0.09332665,0.16963662,Medullary_cords,497.90159670360566
CTAAAGAATGCCTACT-1,1,36,36,4141,12259.0,4141,3664.8105,Low,5,7,6,5,3,6,3,5,3587.4449124690404,0.8675632284814612,-0.3755801320075989,0.04082624052698023,0.0689457431435585,0.7173397007855263,0.06048896908760071,0.7508455272721231,0.14127309620380402,0.45648201927040843,-0.1784018576145172,0.3455666849624078,0.15063270926475525,0.4268806554022914,0.11693141,0.0,0.07856791,0.35766378,0.16976234,0.034250427,0.24282408,0.2558295,0.87336785,1.9473598,2.6892438,0.07456992,0.64687884,0.35228655,1.5471945,1.4029176,1.8694885,0.0,0.3601261,Medullary_cords,238.40302011509837
CTAAAGGATGAGATAC-1,1,77,65,4740,14851.0,4740,3879.7734,Low,5,4,3,1,2,1,1,1,4933.169366644531,0.5623351446188083,-0.10259363800287247,0.5895568931800736,-0.3142572343349457,0.0907848743949993,-0.19183942675590515,0.309833119058058,-0.012836822308599949,0.9463228115752951,-0.03364056348800659,0.8599190056241434,0.11001108586788177,0.5627827475805295,0.12509865,0.23087896,0.20195644,0.18403809,0.25440788,0.0,0.0036200117,0.13816546,0.38081583,2.2405374,2.7626457,0.32178617,0.41449636,0.34197778,2.0011532,0.815913,2.2347975,0.25742894,0.27003026,Medullary_cords,0.0
CTAAAGGGAAATAGGA-1,1,44,62,5026,12852.0,5026,4390.395,Low,0,2,7,4,0,7,4,1,1928.6453795345583,1.0986122886681096,-0.2271447479724884,0.22738807606141043,0.014231337234377861,0.9405013735506894,0.14414338767528534,0.44729026519186266,0.07114820927381516,0.7086944100634951,-0.15828628838062286,0.4034833583688349,-0.1742856800556183,0.3569896188224436,0.05227772,0.10250073,0.22923504,0.09137059,0.088140726,0.2905297,0.14594547,0.24870354,0.5401454,2.0845654,2.642237,0.2612134,0.29443172,0.22248507,1.9152656,0.6979482,2.1363082,0.14389332,0.4275336,Medullary_cords,0.0
CTAAAGTCCGAAGCTA-1,1,4,22,7088,28997.0,7088,4376.562,High,5,8,4,1,1,5,1,1,6100.945008767085,1.475076311054695,-0.5181128978729248,0.0033591203441343045,-0.5388717651367188,0.002123309019012058,0.14623935520648956,0.4406415712815618,0.12253335118293762,0.5188865299389542,-0.3717989921569824,0.043065502322652355,-0.009399877861142159,0.9606813843649937,0.10545476,0.124360316,0.0,0.21159399,0.27591565,0.19601898,0.08665633,0.2713372,0.71395314,2.0962176,2.8954623,0.07407972,0.46849692,0.5366403,1.7777832,0.9317963,1.6463437,0.0,0.32302907,B_cell_zone,138.0
CTAAATCCGGTGTACA-1,1,61,35,6201,21034.0,6201,4265.0356,Medium-High,2,1,0,0,5,0,0,3,4571.277392589515,1.0986122886681096,-0.4016382396221161,0.027809590023340998,0.021435074508190155,0.9104834871304796,-0.11933916062116623,0.5299226561773781,-0.3364514708518982,0.06907488064558652,-0.25184008479118347,0.1794242723798421,0.038409795612096786,0.8402967757530714,0.061263293,0.0,0.1598287,0.18979448,0.16895156,0.32764652,0.09251554,0.3516792,0.76200014,1.9900196,2.697996,0.22939494,0.5572614,0.20803711,1.2104945,1.2545277,2.495483,0.09723963,0.548045,Medullary_cords,137.92751719653333
CTAAATCCTATTCCGG-1,1,26,84,5416,14990.0,5416,4382.5474,Low,5,3,7,1,4,2,1,1,1462.8523507175971,1.3296613488547582,-0.14699123799800873,0.43826961928151914,-0.11044291406869888,0.5612412731968591,-0.06786656379699707,0.7215883835240133,-0.26654374599456787,0.15450608368328686,-0.04861314594745636,0.7986444605683909,0.26152503490448,0.16271447361533428,0.15123443,0.0054227533,0.10104691,0.15129398,0.1384031,0.045789834,0.40680894,0.26515523,0.40814453,2.437476,2.8664525,0.10595988,0.4803506,0.5207014,2.104004,1.0398109,1.8615552,0.38331932,0.51283324,B_cell_zone,0.0
CTAACAGCACAATAAC-1,1,61,1,774,1323.0,774,1847.2412,Low,5,1,6,5,5,0,3,5,6592.209341336181,0.0,0.14103570580482483,0.45724669791185724,-0.09359407424926758,0.6227650458600702,-0.056049495935440063,0.7686186297275341,0.12485425174236298,0.5109387197669628,0.12566764652729034,0.5081675931323539,0.1741897463798523,0.3572584980500818,0.040710904,0.0,0.63944477,0.3198443,0.0,0.0,0.0,0.61585236,0.23854825,1.1767293,2.5804431,0.0,0.0,0.0,1.0734671,0.3578224,2.5967784,0.0,0.0,Medullary_cords,414.77222664976017
CTAACCGCGCGCCCGT-1,1,37,35,4178,12873.0,4178,3611.2397,Low,3,7,6,5,3,6,3,5,3649.6883428588803,0.6365141682948128,0.004799029789865017,0.9799205239727227,0.17110033333301544,0.3659817180771569,-0.017337454482913017,0.9275460344269614,-0.10296224802732468,0.588213344120955,-0.2013026922941208,0.28610849680539613,0.35827726125717163,0.05188701327611122,0.06809894,0.0,0.16722701,0.14617312,0.28615505,0.045001827,0.28734395,0.26091063,0.4884216,1.90506,2.490086,0.071857385,0.44996387,0.28742954,1.3633667,1.2659516,2.4821825,0.14371477,0.7577251,Medullary_cords,238.40302011509837
CTAACGAAACTTGCTG-1,1,30,94,6896,25904.0,6896,4387.364,High,3,0,2,0,0,2,0,3,1043.3609155033555,0.8675632284814612,-0.16451457142829895,0.3849915265708711,-0.03712404519319534,0.8455780603637185,-0.1815776526927948,0.3369058158774246,0.12441166490316391,0.5124496822433469,-0.039989423006772995,0.8338176905579271,0.06139317899942398,0.7472405328890891,0.01728848,0.10481167,0.17098366,0.29052395,0.119318455,0.010106534,0.28696728,0.38749865,0.9113531,1.8119878,2.5811133,0.32523268,0.7165722,0.57602787,1.2684907,1.2580574,1.8066751,0.28610265,0.32897288,Medullary_cords,413.0012106519786
CTAACTGATAATCGCC-1,1,58,102,5720,18228.0,5720,4247.998,Medium-Low,1,10,3,3,0,1,6,3,2583.0478121784736,0.5623351446188083,0.1930750012397766,0.3066677842265075,0.3306546211242676,0.07431035995661484,-0.07012316584587097,0.7127136533336891,0.026486383751034737,0.8895041342640598,0.3620710074901581,0.049279283628221,0.02878734841942787,0.8799709966321524,0.05518403,0.0015040167,0.15544832,0.16929153,0.18501191,0.21150428,0.22205596,0.30645955,0.75796646,2.1607776,2.7828321,0.41611385,0.6299972,0.20191506,1.5767758,1.1060902,2.1583872,0.21867776,0.52793133,Medullary_cords,366.3659372812926
CTAACTGGTCCGGTTC-1,1,50,36,5793,19309.0,5793,4090.9587,Medium-Low,2,9,5,2,3,7,2,4,3857.2907590691166,0.45056120886630463,-0.07022647559642792,0.7123082269721228,-0.39324459433555603,0.03156846828002942,-0.059092145413160324,0.7564246192467097,0.13218890130519867,0.48622313698017894,0.2947283089160919,0.11386673822821516,0.25718578696250916,0.17005825680304323,0.050630856,0.0,0.24613972,0.12280507,0.08607659,0.17970182,0.31464595,0.4402065,0.62511414,2.1315117,2.6629493,0.3232441,0.700644,0.36254844,1.4065137,0.85154,2.899727,0.10433083,0.53832155,Medullary_cords,365.65831044842946
CTAAGGGAATGATTGG-1,1,44,72,4738,11784.0,4738,4314.629,Low,4,2,7,4,0,7,4,7,1314.9467669833634,1.0114042647073518,-0.16347147524356842,0.3880538430956572,-0.4477860629558563,0.013088076646027215,0.054348915815353394,0.7754578922366308,-0.010059407912194729,0.957924984865447,0.10777496546506882,0.5707956377789652,0.11386306583881378,0.5491012786165811,0.09867916,0.28528303,0.23477003,0.042308986,0.0,0.0,0.33895877,0.20084321,0.6687459,2.3470066,2.6980116,0.23042701,0.43127024,0.8752782,2.09263,0.83197916,2.1730537,0.0,0.10241201,Medullary_cords,0.0
CTAAGTACAGGGCTAC-1,1,6,102,4971,15629.0,4971,3932.1843,Low,1,12,3,5,4,3,3,5,3952.119684422525,0.6730116670092565,-0.049083903431892395,0.7967348212245258,0.07972177863121033,0.6753859205788693,0.07436898350715637,0.6961158501624926,-0.4593314528465271,0.01066620397898593,-0.06849938631057739,0.7190959944926352,0.2890181243419647,0.12137630746017239,0.06114029,4.2285108e-05,0.12560159,0.18994959,0.19066593,0.23907658,0.19352373,0.20600796,0.57152575,2.1327965,2.7819831,0.16482852,1.0296541,0.31940058,1.4487779,0.93464994,2.3338814,0.0,0.43136746,Medullary_cords,275.0018181758077
CTAATTCGCACGCGCT-1,1,28,34,4932,13884.0,4932,4148.344,Low,5,11,4,1,1,6,1,1,3905.0920603745053,0.6931471805599453,0.02151159942150116,0.9101651837881191,-0.08844446390867233,0.6421042613674888,-0.33372509479522705,0.07150036047697468,-0.11362019926309586,0.5499592887896205,-0.15039266645908356,0.4276263465220869,0.06690632551908493,0.725375644074474,0.09968995,0.110344596,0.0,0.17936729,0.17743154,0.26126215,0.17190446,0.17933469,0.72670174,2.370731,2.8199232,0.17933469,0.63498163,0.32318628,2.0491664,1.2280138,1.9205008,0.27123582,0.31642804,B_cell_zone,0.0
CTAATTCTCAGATATT-1,1,27,105,5674,17149.0,5674,4338.6997,Medium-Low,5,0,7,1,0,2,1,1,1761.8992593221667,1.5607104090414068,-0.650069534778595,0.00010099023498848691,0.12618984282016754,0.5063924774528082,-0.002618778496980667,0.9890420798626617,-0.1313314139842987,0.4890806830007339,-0.2585928738117218,0.16765163248426018,0.2837696075439453,0.1285959878827586,0.1035246,0.19286601,0.0,0.28055683,0.3056467,0.0,0.11740576,0.17062177,0.60514957,2.108161,2.9589984,0.29869676,0.4883616,0.32632482,1.826795,1.0683334,1.8010416,0.11485009,0.43032053,B_cell_zone,0.0
CTAATTTCAACAACAC-1,1,21,27,7227,28939.0,7227,4334.3906,High,2,11,0,2,1,5,0,3,4666.721761579535,0.8675632284814613,-0.48688143491744995,0.006361724426150411,0.3429409861564636,0.06355850647820716,-0.23674675822257996,0.20780836037511527,-0.3471658527851105,0.060156250250433946,-0.21268056333065033,0.2591637322593599,0.12938690185546875,0.49559224042571715,0.07047514,0.052257866,0.11387154,0.18804833,0.31477436,0.0,0.26057282,0.33730307,0.4688697,2.2417874,2.679226,0.24264842,0.5834835,0.37439343,1.4928677,1.1041292,2.7435138,0.14840308,0.33603966,Medullary_cords,138.42326394071193
CTACAAGAAATAACCC-1,1,58,40,7489,31535.0,7489,4343.1113,High,1,1,0,3,5,0,6,3,4081.1787512923274,1.2424533248940002,-0.04338446632027626,0.8199289609851536,0.16201606392860413,0.3923499885892625,-0.19005519151687622,0.31443988178984195,0.06268977373838425,0.7420802648170859,-0.08598756045103073,0.6514135847195532,0.027158446609973907,0.8867180859112838,0.046281807,0.07796698,0.17722069,0.08785872,0.13034816,0.20355438,0.27676925,0.38296422,0.5878597,2.1989775,2.8522556,0.034430757,0.58705175,0.2138239,1.6875854,1.062588,2.4941437,0.5635629,0.6351786,Medullary_cords,138.42326394071193
CTACACTAGCTTGTTC-1,1,4,38,4546,12129.0,4546,4040.3655,Low,3,8,2,0,1,5,5,6,5332.204047108475,0.0,-0.528176486492157,0.002699059900566932,-0.2334246188402176,0.2144471778522008,0.13407564163208008,0.47996581927012066,0.18249158561229706,0.3344380550144747,-0.15717355906963348,0.406839140520667,0.06027441471815109,0.7517016925245277,0.045567963,0.0,0.06939728,0.38744885,0.0,0.2934585,0.20412752,0.12177639,0.98514754,1.5493335,2.4079957,0.12177639,0.77239966,0.5101912,1.3606498,1.7423089,1.8627846,0.15033174,0.5436944,Medullary_cords,365.57078657901536
CTACACTCGCAGATGG-1,1,57,101,5810,18714.0,5810,4271.5938,Medium-Low,1,10,3,3,0,4,0,3,2445.992027787499,0.9556998911125343,0.08988434076309204,0.6366729903784794,0.2226533740758896,0.2369596995682089,-0.014777595177292824,0.9382218084239625,0.15455880761146545,0.41478638358297587,0.1350305676460266,0.4768147348440494,-0.07691264152526855,0.6862370818597584,0.040843856,0.0006940594,0.053728297,0.28282675,0.45165333,0.0093076695,0.16094609,0.337444,0.7220723,1.83549,2.9940348,0.25140852,0.6166367,0.16054234,1.336251,1.076611,1.9009545,0.32108468,0.4092872,Medullary_cords,240.00208332429116
CTACATATCGCGGGAC-1,1,68,12,6343,26957.0,6343,3959.7932,High,5,1,3,5,5,0,3,1,6346.886244450896,0.796311640173813,-0.10022389888763428,0.5982261123581516,0.2828676998615265,0.1298677114358773,-0.006536589935421944,0.9726527848762704,-0.4312848746776581,0.01733355909609954,-0.4729369282722473,0.008306479158333047,0.20917591452598572,0.26727971837669795,0.109056555,0.1467908,0.10373252,0.24605739,0.19070259,0.0,0.20366012,0.2100035,0.6226884,2.0447798,2.856999,0.14825168,0.6580898,0.38933274,1.5923326,1.002014,2.0882514,0.21762533,0.23758177,Medullary_cords,137.00364958642524
CTACCCTAAGGTCATA-1,1,31,91,5485,16181.0,5485,4282.7104,Medium-Low,3,0,2,0,0,2,5,6,863.6816543148291,0.0,0.1612548679113388,0.3946077319230819,-0.11505144089460373,0.5449119577177716,-0.14690475165843964,0.4385421025473565,-0.24085217714309692,0.19980071632376442,0.004709487780928612,0.9802951013004604,-0.0925891324877739,0.6265203277317646,0.09872311,0.0,0.2537202,0.5409095,0.0011456677,0.0,0.10550157,0.3430983,0.92655075,1.5308759,2.2368674,0.34118515,0.6743097,0.38162267,1.0928694,1.4828327,1.9976468,0.120299056,0.3351872,Medullary_cords,630.7154667518469
CTACGAACTAGGTCGA-1,1,5,73,6403,22842.0,6403,4280.9585,Medium-High,3,5,2,0,6,3,5,6,4085.127170603138,0.45056120886630463,-0.4678162932395935,0.009136717734722046,-0.15080247819423676,0.4263537023526873,-0.2379022240638733,0.20553271808114223,-0.07313073426485062,0.7009426356869144,-0.07061786949634552,0.710772947848087,0.4362003803253174,0.015964001789815302,0.113701686,0.0,0.22014682,0.5234625,0.13193856,0.0,0.010750387,0.16104575,0.85998964,1.7406874,2.5383859,0.18156028,0.670488,0.5222535,1.0351839,1.3004745,2.284638,0.0,0.13978837,Medullary_cords,364.6601157242179
CTACGACTAGCTATAA-1,1,38,24,2679,6389.0,2679,3283.5393,Low,1,7,6,5,3,6,3,5,4405.013734371324,0.6365141682948128,-0.24275213479995728,0.19616791632758823,0.14221186935901642,0.4534647239620859,0.26819074153900146,0.15187829525583013,-0.12963053584098816,0.4947739974308974,-0.3034217953681946,0.10310545294269535,0.09770142287015915,0.6075136682615763,0.094713785,0.0030063402,0.0028355569,0.086703695,0.23845549,0.03276722,0.54151785,0.41280434,0.40263933,2.2457361,2.7496402,0.11775408,0.41280437,0.0,1.5291028,0.97329664,1.8890195,0.23550816,0.3140109,Medullary_cords,275.0018181758077
CTACGATCCTATCCTA-1,1,69,19,4794,14602.0,4794,3904.4885,Low,5,1,3,1,5,0,1,1,6029.320525565049,0.6365141682948128,-0.3121158182621002,0.09312637944680381,-0.016483061015605927,0.93110796257763,0.016983117908239365,0.9290230850913934,-0.03978410363197327,0.8346592460910781,-0.07410922646522522,0.6971274455433983,0.32188162207603455,0.0828100922403254,0.1334819,0.0,0.16456099,0.18999635,0.20391421,0.00987481,0.29817173,0.17306119,0.48970473,2.0925927,2.84341,0.06521213,0.30348545,0.23827332,1.7264583,1.186244,2.0952606,0.0,0.08694951,Medullary_cords,137.0
CTACGCACGGAGTACC-1,1,35,57,5028,15407.0,5028,3941.0745,Low,1,9,5,5,0,7,3,5,2164.149024443557,0.6730116670092565,0.013996899127960205,0.9414798393315096,0.3253045678138733,0.0794094085422943,-0.023112773895263672,0.9035083401935587,0.0395970493555069,0.8354260931813213,0.05663199722766876,0.7662798513297886,-0.049017682671546936,0.7970033781232239,0.005049816,0.06456142,0.19344129,0.094764665,0.19546337,0.0,0.44671947,0.3016681,0.3237332,1.9891222,2.6073306,0.16655186,0.29161534,0.33310372,1.2672594,0.8263363,2.7070448,0.20804024,0.40222418,Medullary_cords,238.40302011509837
CTACGCCATTTCCGAT-1,1,12,80,5999,20509.0,5999,4243.3413,Medium-High,3,5,2,7,6,3,8,6,3162.6148990985293,0.0,-0.3810509443283081,0.03775236574785177,-0.1593751609325409,0.40021474661787654,-0.03751621022820473,0.843966516519742,-0.017303381115198135,0.9276880589519987,0.03634408861398697,0.8487849856430382,0.15357573330402374,0.41779660755836223,0.023425575,0.0,0.1494038,0.30107245,0.16342887,0.19632958,0.16633973,0.13524911,0.91186315,1.6100686,2.5485568,0.24740551,1.048008,0.4042119,0.9377513,1.6826901,2.0253944,0.3246339,0.44332546,Medullary_cords,365.7608508301565
CTACGTGTTGCCACCA-1,1,6,24,6969,27301.0,6969,4297.1533,High,3,8,2,0,1,5,0,6,5839.512736521772,0.8675632284814613,-0.5842223763465881,0.0006994558033402684,-0.25441238284111023,0.17487321773292272,0.18674488365650177,0.3230989429759201,-0.09224606305360794,0.6278044194801118,-0.3336913585662842,0.07153078105499669,-0.13411173224449158,0.4798465319100621,0.0144129535,0.044739578,0.06526648,0.2686439,0.19669797,0.14604613,0.26419303,0.39098912,0.9316331,1.7554796,2.74454,0.36858076,0.44486725,0.3950702,1.1529535,1.3476524,1.992513,0.0,0.5702687,Medullary_cords,238.40302011509837
CTACTATCATAGGTTT-1,1,53,25,6037,23627.0,6037,3784.8271,Medium-High,2,9,5,2,5,0,2,4,4694.1546629824625,0.0,-0.15580269694328308,0.4109949593504921,-0.009507635608315468,0.9602309970412758,0.045765429735183716,0.810220208124046,-0.031500473618507385,0.8687514251243317,-0.24218732118606567,0.19724305137853143,-0.009545068256556988,0.9600745452883473,0.019003367,0.0,0.34382138,0.32473475,0.2061904,0.0,0.1062501,0.31384605,0.64041317,1.8082498,2.5782979,0.30665272,0.60994065,0.25313908,0.7606616,1.1549535,3.310787,0.17647588,0.34104952,Medullary_cords,364.6601157242179
CTACTATCTTTCAGAG-1,1,29,93,5375,15938.0,5375,4236.6284,Medium-Low,3,0,2,0,4,2,5,6,1131.903264417945,0.0,-0.22395077347755432,0.23416759082367636,0.058749571442604065,0.7577947500826728,-0.2978302240371704,0.10993518049546842,-0.2480914443731308,0.186204588677597,-0.0181654654443264,0.9240954021921459,-0.003969509154558182,0.9833907728091668,0.10208688,0.0,0.07997883,0.62747794,0.086197354,0.0,0.10425895,0.12175677,0.94708854,1.8856804,2.608273,0.22339725,0.67519236,0.36579987,1.2026955,1.7985704,1.8102686,0.12175677,0.42255247,Medullary_cords,365.0
CTACTCAAGGTATAGT-1,1,60,42,6768,23692.0,6768,4505.014,Medium-High,1,1,0,3,5,0,6,3,4119.593305169819,1.3296613488547582,-0.43844106793403625,0.015370219643479326,0.027663303539156914,0.8846260609954183,-0.028771404176950455,0.880037000297286,0.1645675152540207,0.38483646772924657,-0.31066280603408813,0.09474104827208073,-0.11220120638608932,0.5549848131745418,0.05321484,0.0030127245,0.14204195,0.20546374,0.046571493,0.15171929,0.39797598,0.40698028,0.7165615,1.9838815,2.8010774,0.17606775,0.7113794,0.26680848,1.5584842,1.2943454,1.8837556,0.4882826,0.58489585,Medullary_cords,137.55726080436466
CTACTCTAGGCCCGGC-1,1,31,25,5962,20756.0,5962,4100.5728,Medium-High,2,7,0,2,3,6,2,4,4417.29611866807,0.6365141682948128,-0.10794604569673538,0.5701807808242827,0.04565252736210823,0.8106799743934655,-0.185685932636261,0.32589964803403626,0.21075236797332764,0.2636088019480458,-0.35789254307746887,0.05215743640469063,-0.11484132707118988,0.5456515684699091,0.04110408,0.0011215386,0.21582577,0.20086558,0.24627998,0.17743953,0.11736349,0.18341595,0.7429131,1.9756496,2.872399,0.28098163,0.6400566,0.2592524,1.3487271,1.3193418,2.5392191,0.1966327,0.3560189,Medullary_cords,477.6703884479338
CTACTGCCACCTGACC-1,1,27,63,5487,15985.0,5487,4341.353,Medium-Low,5,3,4,1,4,2,1,1,2167.0590670307074,1.0114042647073518,-0.6744429469108582,4.370519698527902e-05,-0.039193883538246155,0.8370794125456444,0.3069533109664917,0.09895935506031432,-0.15551486611366272,0.41187054483689833,-0.11833114922046661,0.5334286395830151,0.01452333852648735,0.9392827772747293,0.2921482,0.0063212747,0.13685799,0.29933742,0.2550353,0.010299859,0.0,0.2781579,0.8261846,2.3674102,2.8017597,0.06073659,0.47098264,0.22290894,2.0345213,1.2002238,2.023397,0.0,0.21622983,B_cell_zone,0.0
CTAGACATATATGTAG-1,1,8,108,6295,21729.0,6295,4330.14,Medium-High,5,12,4,1,4,3,1,1,3847.419914696081,0.45056120886630463,0.11024776846170425,0.561937635019881,0.10620632767677307,0.5764471356250181,-0.11534282565116882,0.5438870489170015,-0.35619065165519714,0.05336710529374335,-0.5127939581871033,0.003760931654767285,0.27901819348335266,0.1353995066946151,0.29904133,0.0057683266,0.0,0.025786228,0.3815827,0.032267563,0.25555387,0.1557597,0.46544063,2.5151968,2.9781659,0.094656706,0.49514693,0.29205889,2.2157428,0.76084566,1.816268,0.094656706,0.28064272,B_cell_zone,0.0
CTAGACTGCATTTCGT-1,1,10,96,6368,25349.0,6368,4126.0874,High,5,12,7,1,4,3,1,1,3398.6576762010027,1.3296613488547582,-0.17447270452976227,0.3564657803192909,-0.17768210172653198,0.3475480418085344,0.12633049488067627,0.505914882709813,0.08024336397647858,0.6733780581044426,0.0037102103233337402,0.9844755974789918,-0.19934219121932983,0.29092549194209166,0.1558919,0.10614938,0.074449055,0.2221948,0.2967286,0.036475033,0.10811128,0.19108665,0.61880535,2.1366506,2.8550155,0.041567747,1.0744803,0.4312063,1.8349884,1.0796257,1.8468343,0.14541656,0.24931242,Medullary_cords,0.0
CTAGATAAACTCCTCG-1,1,7,25,7579,33557.0,7579,4422.9736,High,3,8,2,0,1,5,5,6,5708.9858994395845,0.0,-0.7242026925086975,6.064723947158436e-06,-0.2895386815071106,0.12067692983818612,0.21203958988189697,0.2606358883450414,-0.031075600534677505,0.8705068076289054,-0.2851797342300415,0.12662602168934148,-0.11323052644729614,0.5513372458956773,0.037905116,0.0,0.09025259,0.51608956,0.14511801,0.012054935,0.1985798,0.16331561,1.1991967,1.5253012,2.5376751,0.097814485,0.85349965,0.40727153,0.78811395,1.7387823,1.7717928,0.15967995,0.30508897,Medullary_cords,275.0
CTAGATGTGAGTGTAA-1,1,33,103,6948,26698.0,6948,4504.2944,High,4,0,1,4,0,4,4,7,1193.3825874379097,1.0114042647073518,-0.6370636224746704,0.00015333856804351486,-0.2417381852865219,0.19810089595779176,0.5506864190101624,0.0016138998999711588,-0.024739693850278854,0.8967510236242345,-0.7162553071975708,8.54475265118184e-06,-0.013472562655806541,0.9436685434964343,0.17882244,0.0,0.17644453,0.044867557,0.39603767,0.0,0.20382781,0.0795385,0.4268657,2.0918674,2.4845605,0.14943159,0.56858635,0.72186476,1.8086323,0.8080521,2.0713515,0.13978618,0.29882166,Medullary_cords,138.0
CTAGATTTACGACGGC-1,1,42,74,4815,12663.0,4815,4257.252,Low,0,2,7,4,0,4,4,0,1075.9962825214593,1.0114042647073518,-0.1729716956615448,0.3606828764172691,-0.5700068473815918,0.0010078358442326605,0.23909902572631836,0.20319377349977424,0.13305704295635223,0.48333880450259376,-0.19499218463897705,0.30179652614083374,-0.1018219068646431,0.5923741025203664,0.30797756,0.0,0.0,0.23357779,0.45844468,0.0,0.0,0.11845087,0.3580085,2.2992852,2.8521676,0.07276052,0.52794385,0.60627425,2.0998921,0.64725465,2.0266623,0.0,0.1579345,B_cell_zone,0.0
CTAGCAACTAATTTAC-1,1,2,28,7217,30024.0,7217,4328.555,High,1,8,7,3,1,5,0,3,5970.494451885874,1.0114042647073518,-0.558235228061676,0.0013472459013075294,-0.37972259521484375,0.03848104531053274,-0.30640774965286255,0.09959150875336903,0.1361125409603119,0.4732574001831877,-0.08795898407697678,0.6439396146172179,0.28761595487594604,0.12327504573856585,0.10808936,0.06858344,0.15020503,0.2857476,0.23722914,0.0,0.15014552,0.37431914,0.6415167,2.1283362,2.6987715,0.13568753,0.51803774,0.50642943,1.5873017,0.9977976,2.3868685,0.14374527,0.31131637,Medullary_cords,138.06158046321215
CTAGCCACAGGCGAGC-1,1,59,117,7748,32812.0,7748,4493.359,High,1,13,3,6,7,1,7,5,3212.0289537922913,1.0986122886681096,0.026654919609427452,0.8888053434049893,0.16974389553070068,0.36985106627088854,0.12601880729198456,0.5069735433791551,0.2297840714454651,0.2218866273609995,0.0035528000444173813,0.9851341658832699,0.2739540934562683,0.14293611397721703,0.031860672,0.066366374,0.061711065,0.06453813,0.1720351,0.10391168,0.499577,0.35553384,0.5468573,2.120406,2.900035,0.20717308,0.4040685,0.4649068,1.6768497,0.9733335,2.0130317,0.25200456,0.453154,Medullary_cords,137.55726080436466
CTAGCCCGGGAGACGA-1,1,77,37,6953,31527.0,6953,3980.362,High,2,4,3,2,5,0,2,4,5843.406626275464,0.5623351446188083,-0.43562331795692444,0.01611997059811472,0.001898377202451229,0.9920563884508252,-0.02115902677178383,0.9116318128666256,-0.08027801662683487,0.6732447391479153,0.1648055911064148,0.38413965102540165,0.10528656840324402,0.5797724070586254,0.044302344,0.004200243,0.12845068,0.15762907,0.3992294,0.0,0.2661883,0.26494628,0.6215361,2.0468946,2.7739053,0.19169027,0.4571979,0.21386154,1.357172,0.81703967,2.8484418,0.1228154,0.23923215,Medullary_cords,477.53533900644464
CTAGCCGATGTTATGA-1,1,23,101,6997,26709.0,6997,4435.566,High,1,0,3,6,4,2,7,5,2007.556225862678,0.0,0.19171768426895142,0.3101461026764981,-0.23639309406280518,0.20850832585580364,0.02294851467013359,0.9041909564498734,-0.07674319297075272,0.6868936151082644,-0.25582799315452576,0.17240367575130722,-0.04516414552927017,0.8126694948862935,0.033324312,0.0,0.06418674,0.08780783,0.20608817,0.11853243,0.4900605,0.18913087,0.48875707,2.110145,2.7309663,0.24349594,0.59662026,0.37222987,1.4109838,0.7507607,2.3016083,0.34725383,0.5980932,Medullary_cords,238.90793205751876
CTAGGCGCCCTATCAG-1,1,51,91,6225,24566.0,6225,3913.3892,Medium-High,2,10,5,2,0,4,2,4,1571.2320006924504,0.0,-0.2085529863834381,0.2687393754007175,0.3152475953102112,0.08971723150747873,0.11622186005115509,0.5408006605528132,0.2293872833251953,0.22270788954829154,-0.2691926956176758,0.15029549437221917,-0.28590497374534607,0.125621541332175,0.0006487011,0.18477051,0.30108342,0.21980369,0.10718583,0.013676288,0.17283157,0.4439109,0.63780266,2.1177278,2.6129637,0.44044614,0.40567926,0.3340347,1.2542158,1.1691899,2.709765,0.6753718,0.5467053,Medullary_cords,240.00208332429116
CTAGGCGGCAGAGAAT-1,1,4,32,6129,20734.0,6129,4271.036,Medium-High,3,8,2,0,1,5,5,6,5607.690612007763,0.0,-0.6809689998626709,3.446680813860667e-05,0.10347960889339447,0.58632987205154,0.1346551477909088,0.47805227389203114,-0.18955864012241364,0.315729472016696,-0.2671450078487396,0.1535430116548182,0.10604055225849152,0.5770458466748725,0.037298694,0.110090464,0.1611786,0.50703794,0.0,0.0,0.18439427,0.13434109,0.9914453,1.3863163,2.4180388,0.1828097,0.670244,0.26722074,0.8025959,1.641763,1.746712,0.09839866,0.28033513,Medullary_cords,239.0
CTAGGGATAGGGACAA-1,1,71,43,7066,30703.0,7066,4177.978,High,3,4,2,0,5,0,0,3,5022.475983018734,1.0114042647073518,-0.39253756403923035,0.03190302538900791,-0.2732175290584564,0.14405714117873145,0.12102897465229034,0.5240702282155404,0.23667727410793304,0.20794575472650134,-0.02083376795053482,0.9129850745977109,0.08157883584499359,0.6682471554507253,0.029343663,0.08636035,0.13396516,0.26150194,0.26204503,0.0,0.22678381,0.35005435,0.84864634,2.0296245,2.6552052,0.25400263,0.7021999,0.3585351,1.3492236,1.3800211,2.426211,0.14097871,0.45017427,Medullary_cords,497.80016070708535
CTAGGTCTGAAGGAAT-1,1,36,104,6454,22251.0,6454,4366.662,Medium-High,3,0,2,0,0,4,5,6,1127.2821297261835,0.0,-0.5307201147079468,0.002551156169343948,-0.24604766070842743,0.18997570849937126,0.36171621084213257,0.049518666761610645,0.2707090377807617,0.14792276816592095,-0.4548921585083008,0.011548595569078177,0.0803917646408081,0.6728071852535583,0.02108094,0.0,0.1057988,0.3799627,0.10800989,0.0,0.38514763,0.38050234,0.8014127,1.4010382,2.7428613,0.21935669,0.6858292,0.35983384,0.94854784,1.6011207,1.8493509,0.16032091,0.3137615,Medullary_cords,276.3494165001982
CTAGGTTCGGACGTGA-1,1,58,70,5695,16829.0,5695,4343.2026,Medium-Low,1,6,0,3,2,1,6,3,2697.3116245625015,1.0114042647073518,-0.22875946760177612,0.2240115234505356,0.166715607047081,0.3785757472663501,-0.08354073017835617,0.660736082496839,0.057423003017902374,0.7631071386802553,-0.11630424857139587,0.540511809946831,0.24625913798809052,0.18958305060487346,0.057665855,0.083508246,0.12349474,0.14933565,0.18835041,0.0052974937,0.39234754,0.7022937,0.5953341,2.2614808,3.0149386,0.11660048,0.5665078,0.25410378,1.5676934,0.96285677,2.1340263,0.34980145,0.54707444,Medullary_cords,138.42326394071193
CTAGTAGAAAGGGATT-1,1,63,81,6296,20122.0,6296,4449.297,Medium-Low,3,6,7,1,2,1,1,1,3033.2642482975334,1.0114042647073518,0.014830308966338634,0.9380018558515757,0.08976138383150101,0.6371360737215293,-0.22094295918941498,0.24067450808230215,-0.155282124876976,0.4125793110835323,-0.22734643518924713,0.22696446305446863,-0.02819211035966873,0.8824356078427512,0.063427165,0.00016156482,0.06365789,0.35362563,0.2761854,0.0065424144,0.23639996,0.36378518,0.9101956,1.980892,2.7726884,0.17254014,0.75250214,0.3794796,1.6821172,1.3208673,1.9805084,0.37427765,0.40180153,Medullary_cords,137.0
CTAGTATTCGGAATTA-1,1,14,80,5572,17675.0,5572,4219.698,Medium-Low,3,5,2,7,6,3,8,2,2926.4958568226266,0.0,-0.03041844069957733,0.8732230787138779,-0.5123823285102844,0.003793678383531027,-0.0527045913040638,0.7820866089398022,-0.12724851071834564,0.5028032034591211,-0.08589556068181992,0.6517631871401599,0.029423372820019722,0.8773387224186632,0.0988341,0.002468401,0.1774657,0.6545157,0.06671611,0.0,0.0,0.18010029,0.87410134,1.454807,2.6071978,0.0,1.1504127,0.24528885,0.928504,1.6961083,1.7628666,0.0,0.20089588,Medullary_cords,603.1931697226022
CTAGTCACGTCTTAAG-1,1,37,69,4311,11471.0,4311,3982.1353,Low,5,2,4,1,0,7,1,1,1313.1336565635654,1.0114042647073518,0.32071447372436523,0.08399479168163881,-0.3670247793197632,0.046031816064272174,0.14444522559642792,0.44632948483929114,-0.232838973402977,0.2156323189428765,-0.4196409285068512,0.020969690285093955,-0.01101657748222351,0.9539255030714836,0.14722022,0.16779125,0.16321144,0.12902433,0.17218079,0.032547545,0.1880245,0.20452768,0.48048174,2.4053016,3.0167239,0.0,0.33069015,0.23509565,2.2574182,0.85556304,1.9215949,0.25232494,0.2142059,B_cell_zone,0.0
CTAGTGAAGGACAGGA-1,1,34,38,4604,13587.0,4604,3921.3594,Low,5,7,7,5,3,6,1,0,3474.9315101164225,1.0114042647073518,-0.41072553396224976,0.02415965483011717,-0.13830985128879547,0.46607572800234626,-0.2111629992723465,0.26265803354818557,0.3736272156238556,0.04197085372039796,-0.01650853455066681,0.9310017453441854,-0.38194921612739563,0.037265926379756224,0.13358702,0.1453291,0.0,0.3321436,0.38894033,0.0,0.0,0.13789555,0.686538,2.2193918,2.8710165,0.06894778,0.6113829,0.54622793,2.0853536,0.85536987,1.9730917,0.0,0.18386075,B_cell_zone,0.0
CTAGTTACAACCCGGT-1,1,53,67,4041,10082.0,4041,3855.731,Low,2,2,5,2,2,7,6,4,2305.74955274852,0.0,0.07356251776218414,0.6992582046984496,0.07670869678258896,0.6870272989456891,-0.1483563631772995,0.43398087346389347,0.38454708456993103,0.035887421377574245,0.016388127580285072,0.9315038175977484,-0.25856471061706543,0.16769956327222496,0.0,0.11158462,0.0917745,0.07410279,0.2462481,0.22302945,0.25326058,0.41490614,0.6579007,2.1542711,2.8236883,0.13665515,0.48121595,0.39507574,1.1220601,0.8024339,2.6595662,0.71957064,0.75725573,Medullary_cords,276.84652788142387
CTAGTTGGGCCCGGTA-1,1,26,68,5364,15581.0,5364,4244.1533,Low,3,3,2,0,4,2,5,6,1990.1648172952912,0.0,-0.48872891068458557,0.006135785537719385,0.017802534624934196,0.9256077085064871,-0.4153709411621094,0.022451267140465823,-0.20773714780807495,0.2706588739374287,0.2019212543964386,0.2845993100193789,-0.06471184641122818,0.7340545989027965,0.035729405,0.0018807538,0.16167885,0.43156946,0.15335774,0.006839877,0.2089439,0.28293514,0.89282256,1.6891541,2.6478367,0.22718015,0.6648158,0.35113585,1.1516098,1.5056205,2.378365,0.2479114,0.30290687,Medullary_cords,364.6601157242179
CTATAAGAGCCAATCG-1,1,26,100,6820,25339.0,6820,4384.868,High,3,0,4,1,4,2,0,3,1657.724343791814,0.6365141682948128,-0.08237437903881073,0.6651975979049484,0.08623994886875153,0.6504548718065218,-0.13512127101421356,0.47651598797116623,-0.30198177695274353,0.10483303283557295,-0.04418257251381874,0.8166715748386665,0.14871814846992493,0.4328481269464492,0.04466296,0.08997801,0.002854291,0.23319583,0.34741083,0.2215033,0.06039478,0.49192163,0.7242544,2.156469,2.769525,0.28474396,0.6982253,0.4001926,1.5712334,1.1956655,2.4507256,0.1663324,0.45178708,Medullary_cords,138.0
CTATACTTAAAGCGAG-1,1,62,4,551,830.0,551,1520.2404,Low,3,1,6,5,5,0,3,6,6457.317244800661,0.6365141682948128,0.28726133704185486,0.12375870264967076,0.003023628145456314,0.9873481671633273,-0.05797668918967247,0.7608885440539358,0.06627850234508514,0.727855275109852,0.015868322923779488,0.9336715892278518,0.019123269245028496,0.9201055620313483,0.0,0.0,0.8662099,0.0,0.09460991,0.026426703,0.012753508,0.0,0.28540555,1.0766172,3.0669034,0.0,0.64216244,0.0,0.0,0.4281083,2.1466577,0.0,0.4281083,Medullary_cords,365.0986168146902
CTATAGGCGTTGATGT-1,1,62,38,5842,19191.0,5842,4269.356,Medium-Low,3,1,2,0,5,0,5,6,4484.519372240464,0.8675632284814613,-0.5220569968223572,0.0030855378497792935,-0.10008737444877625,0.5987272217454851,0.060259394347667694,0.7517616411698054,-0.1516832709312439,0.4236255357864185,-0.2913999855518341,0.11820060896110846,-0.08683913946151733,0.6481810005897632,0.04283789,0.07173392,0.07148341,0.29236135,0.02272669,0.15641938,0.34243736,0.41227275,0.7985759,1.8245659,2.7738945,0.3117994,0.86493933,0.14169475,1.3171515,1.4034513,1.8928642,0.104868144,0.35358128,Medullary_cords,239.0
CTATATCCAGCCTGGC-1,1,69,31,4943,13044.0,4943,4233.748,Low,3,1,7,0,5,0,0,3,5401.863104522365,1.0114042647073518,-0.34333130717277527,0.06323802377499367,0.16308224201202393,0.38920013561066447,0.11138550192117691,0.5578832916956956,-0.005686447024345398,0.9762084675020537,-0.2396245002746582,0.2021726336501807,0.21305760741233826,0.25830030439569496,0.120443754,0.0,0.28364798,0.31185535,0.1828273,0.0,0.10122564,0.6541928,0.5457713,1.9005764,2.6763644,0.3035126,0.7061687,0.35567325,1.2177744,1.2715731,2.2330933,0.1422693,0.30983728,Medullary_cords,239.26763257908496
CTATCACAACGCTGGA-1,1,74,78,5283,16587.0,5283,4024.9458,Medium-Low,1,6,3,6,2,1,7,5,4366.953171262545,1.0114042647073518,-0.4979497790336609,0.005107406535497621,0.21130745112895966,0.2623241051160095,0.38850879669189453,0.03386460029647911,-0.06847653537988663,0.719185944568377,-0.12771926820278168,0.5012112556095213,0.41188573837280273,0.023723317725494554,0.090559095,0.0,0.07964426,0.17596106,0.24863371,0.0075101685,0.39769167,0.31715095,0.44780663,2.3040595,2.7242837,0.15785961,0.533986,0.2758104,1.7177908,0.7460906,2.2840555,0.11795078,0.42095894,Medullary_cords,137.92751719653333
CTATCGACGAAATACA-1,1,53,93,6456,22997.0,6456,4285.0317,Medium-High,2,10,0,3,0,4,6,3,1829.5947638753232,0.45056120886630463,0.044556837528944016,0.8151450787038981,-0.0043780989944934845,0.9816814212171386,-0.21992476284503937,0.24290421470231102,0.3169119358062744,0.08794456718213299,-0.36905691027641296,0.04474994269099311,0.033255331218242645,0.861507716872566,0.034797873,0.0052220756,0.28944618,0.20068976,0.16739538,0.023178233,0.27927047,0.36024305,0.7350522,2.282383,2.8280215,0.21362314,0.47646618,0.29184648,1.371155,1.1659018,2.8565772,0.36517075,0.73983514,Medullary_cords,364.00137362378183
CTATCGGGTCTCAACA-1,1,35,69,4542,13867.0,4542,3771.0322,Low,1,2,3,5,4,2,3,5,1356.5459815280867,1.0986122886681096,0.201991468667984,0.28442832144539,-0.35568803548812866,0.05372855717262772,0.1385921984910965,0.46515707408255097,-0.15943539142608643,0.4000343851297017,-0.4027937650680542,0.027321955820401696,0.045126549899578094,0.8128226957152881,0.05274918,0.107042976,0.24069175,0.13330011,0.16789204,0.040821157,0.25750282,0.2911054,0.45973456,2.1306453,2.798266,0.0,0.5466778,0.2797025,1.5577815,0.6896019,2.2539625,0.13574621,0.37293673,Medullary_cords,138.0
CTATGAACACCTTGCC-1,1,72,28,7096,28501.0,7096,4500.7476,High,4,1,7,4,5,0,4,7,5800.45593035582,1.0114042647073518,-0.3930246829986572,0.031672221289402905,0.17547044157981873,0.3536789547080576,0.06618133187294006,0.7282392981082788,-0.09693199396133423,0.6103586972842583,-0.23288314044475555,0.2155427852041951,0.01051761768758297,0.9560102490530219,0.17954983,0.092862025,0.030243183,0.20340875,0.44503534,0.048900887,0.0,0.19261333,0.42151257,2.2093723,2.676279,0.07518854,0.363616,0.64895827,1.945112,0.9217421,1.8908325,0.15037708,0.20846374,B_cell_zone,0.0
CTATGCCCGAATGCAA-1,1,63,59,7003,27228.0,7003,4402.074,High,5,4,4,1,2,1,1,1,3599.461209681249,0.6365141682948128,-0.005153287667781115,0.978438613647201,0.10106223076581955,0.5951529913470218,0.08542419224977493,0.6535555380161852,-0.1023353785276413,0.5904990208051177,-0.20394155383110046,0.2797056547516125,0.28473880887031555,0.12723959902310486,0.09011308,0.13157931,0.0050926073,0.1659101,0.2999241,0.14295515,0.16442572,0.32775494,0.6175759,2.4060245,2.9137619,0.15641257,0.53752744,0.14705086,2.2339752,1.0165461,2.2192385,0.0,0.4705149,B_cell_zone,0.0
CTATGGGAAGCGGAAT-1,1,54,104,5943,19649.0,5943,4365.506,Medium-Low,4,10,1,4,0,4,4,7,2210.5727764541025,1.0042424730540764,-0.3465375006198883,0.06065302156177942,-0.11013591289520264,0.5623369607212254,-0.18474233150482178,0.3284078047948976,0.1645796149969101,0.3848010357636201,-0.4006741940975189,0.02822182328968762,0.22626079618930817,0.2292509624260287,0.1914668,0.0,0.11853823,0.062104862,0.31946453,0.0,0.3084256,0.21874388,0.29267538,2.3581502,2.738933,0.15429504,0.4587218,1.0920805,2.171154,0.72908646,2.0374856,0.102863364,0.13715115,B_cell_zone,0.0
CTATGTCACTAGCCCA-1,1,30,66,4812,13207.0,4812,4132.3193,Low,5,3,3,1,4,2,1,1,1791.192898601376,0.6365141682948128,-0.037839412689208984,0.8426388277814995,-0.11730112135410309,0.5370226075950069,0.10697251558303833,0.5736835926519709,0.12864835560321808,0.4980768088405604,-0.31201595067977905,0.09323668546123497,-0.054409123957157135,0.7752154671237398,0.11011233,0.23588887,0.025701545,0.25263906,0.22605318,0.021233097,0.128372,0.38557047,0.50780934,2.2068038,3.0027442,0.2186203,0.6708557,0.50770396,1.7030432,0.9443416,1.9249194,0.14092673,0.32619166,Medullary_cords,137.00364958642524
CTATGTCTATTGAAAC-1,1,11,55,7969,34034.0,7969,4640.8926,High,4,8,1,4,1,5,4,7,3951.4332842653434,0.6365141682948128,-0.1021202951669693,0.5912841419998426,-0.0567818358540535,0.7656785645633862,-0.044373419135808945,0.8158930956806216,-0.09991707652807236,0.5993525479052664,-0.34670114517211914,0.0605233369258523,-0.15471261739730835,0.4143165092600064,0.1347646,0.0,0.053146586,0.17616579,0.36543998,0.18238817,0.08809482,0.1773909,0.4359526,2.2387764,2.7241287,0.06440385,0.5317652,0.7162065,2.0199497,0.8934857,2.088891,0.1288077,0.46183932,Medullary_cords,0.0
CTATGTGAGTCACGGC-1,1,45,17,6583,26128.0,6583,4047.047,High,2,7,0,2,3,6,2,4,4958.570963493414,0.0,-0.2409869134426117,0.1995415756794915,-0.09589629620313644,0.614197074106719,0.025209326297044754,0.8948017279735466,-0.2136346995830536,0.2569824224013204,0.08903083205223083,0.6398902532752433,0.17360427975654602,0.3589020326102882,0.14616258,0.0,0.38198778,0.23255084,0.09983739,0.0,0.1394615,0.30834538,0.47617906,2.3167055,2.6339042,0.27818915,0.5854955,0.52203846,1.3859973,0.8520541,3.0516493,0.16203034,0.20275569,Medullary_cords,364.9465714320385
CTATTCATGTGTCCCA-1,1,52,62,4186,10691.0,4186,3934.9597,Low,2,2,0,2,2,7,2,4,2452.620843098256,0.0,-0.2770073711872101,0.13835656050435027,-0.12235023081302643,0.5195161750176279,0.052217625081539154,0.7840525989932687,0.2838163673877716,0.12853030507509258,-0.011545822024345398,0.9517145477688125,-0.23171168565750122,0.21792608724619092,0.09451965,0.0,0.1199735,0.35482776,0.3115083,0.0,0.119170815,0.16707557,0.71446514,2.130837,2.607562,0.08253707,0.5759768,0.21435796,1.0617032,1.1637497,2.6986282,0.0,0.11004943,Medullary_cords,551.0009074402691
CTATTGTGTTTGGTCA-1,1,13,101,5091,15396.0,5091,4058.923,Low,1,12,3,5,4,3,3,5,3124.829595353961,0.0,0.18687750399112701,0.32274923807179623,-0.21877282857894897,0.24544328630328813,-0.25301414728164673,0.1773368422394654,-0.1164935827255249,0.5398482890222459,0.11790244281291962,0.5349230825375072,0.10994807630777359,0.5630078308412458,0.031540144,0.0010337984,0.14370236,0.069366015,0.15323457,0.32118788,0.27993527,0.4514774,0.43508255,1.9979262,2.7744703,0.41686386,0.9155637,0.4373051,1.4005246,0.9783278,2.3309617,0.12512098,0.9347497,Medullary_cords,364.6601157242179
CTATTTGCTTGGAGGA-1,1,70,64,5099,14154.0,5099,4188.3086,Low,1,4,0,1,2,1,1,1,4173.969094279449,0.6365141682948128,-0.3591873347759247,0.051251722803215057,-0.2421921193599701,0.19723390081678308,-0.07826291024684906,0.6810134577572333,-0.13502736389636993,0.47682528870726537,-0.20902153849601746,0.26764097402135895,0.2600155174732208,0.16524308006069857,0.047850963,0.077314176,0.07441579,0.11418706,0.18133414,0.35890582,0.14599201,0.2345359,0.6109127,2.2333813,2.8749752,0.1769169,0.45274085,0.27582395,1.6639683,0.8669995,2.1546953,0.13361318,0.7496816,Medullary_cords,364.9465714320385
CTATTTGGTTACGGAT-1,1,36,82,4563,11573.0,4563,4126.6606,Low,1,0,4,3,0,4,1,3,476.6686480145301,0.6365141682948128,0.23455968499183655,0.2121628590589464,0.11060730367898941,0.5606549681848803,0.11577800661325455,0.5423580450933021,0.07267387211322784,0.7027264153258989,-0.2461530566215515,0.18977994519134458,0.23829354345798492,0.20476592573040406,0.04677255,0.0,0.12764184,0.24378434,0.363373,0.0,0.21842822,0.33640367,0.7998839,2.1984107,2.8547378,0.0,0.43683732,0.43683732,1.4732788,1.0852509,2.5264916,0.47538596,0.47865516,Medullary_cords,138.0
CTCAAACCACTGCCCG-1,1,64,40,7058,28473.0,7058,4328.3325,High,5,4,4,1,5,0,1,1,4540.566594600282,0.6931471805599453,-0.44084084033966064,0.014754765331851796,-0.23267558217048645,0.21596375946908247,-0.006195204332470894,0.9740805560789345,-0.08076123893260956,0.6713866533943874,-0.18974168598651886,0.315253703371005,-0.2459273487329483,0.19019934882843167,0.12755601,0.14038989,0.087895736,0.17116494,0.17760372,0.028524704,0.266865,0.2216244,0.55280966,2.2278779,2.9181783,0.12758635,0.43002054,0.36475015,1.9597278,1.0019736,1.6833283,0.15051392,0.4624759,B_cell_zone,0.0
CTCAACTAACCCGGAT-1,1,63,85,7809,33190.0,7809,4547.75,High,4,6,7,4,2,1,4,7,3001.603904581682,1.0114042647073518,0.16200947761535645,0.3923694920898788,0.05623474344611168,0.7678746326418934,-0.15643317997455597,0.40908067596007525,-0.1742851287126541,0.35699116376104273,-0.25157636404037476,0.1798955204741281,0.07580753415822983,0.6905228615880864,0.107678376,0.0,0.10217402,0.16790368,0.26728064,0.13110687,0.22385643,0.17236401,0.5025971,2.2593975,2.8418202,0.16460457,0.41652048,0.62831396,2.0709434,1.0613805,2.345211,0.06584183,0.44204414,Medullary_cords,0.0
CTCAAGACATTAGCGC-1,1,14,102,4956,14756.0,4956,4016.6733,Low,1,12,3,6,4,3,3,5,3031.9924142385316,0.0,0.17805001139640808,0.34653440172587785,-0.09480197727680206,0.6182635872224661,-0.24599288403987885,0.1900775066743528,-0.20288120210170746,0.28226730007761613,0.11691471189260483,0.5383738266276142,0.17595304548740387,0.3523356557702269,0.019568736,0.17194894,0.09642256,0.17279507,0.18931277,0.0061592422,0.34379262,0.12935454,0.594132,2.1096163,2.8523955,0.1940318,0.8532706,0.30111963,1.6662904,0.90793836,1.8695651,0.3880636,0.6429695,Medullary_cords,364.3295211755424
CTCACATTTACTAAAT-1,1,62,68,6419,20823.0,6419,4477.646,Medium-High,0,6,4,4,2,1,4,0,3187.441607308281,1.3296613488547582,-0.08882541209459305,0.6406655340394564,-0.05933956801891327,0.7554354977666666,0.07714381814002991,0.6853417424322066,0.012784287333488464,0.9465421749838747,-0.2637411653995514,0.15905237492526197,0.18278911709785461,0.3336370564826285,0.18398899,0.12402071,0.0318676,0.20147403,0.29666477,0.0,0.16198385,0.27210712,0.6842667,2.3793502,2.9505641,0.18220602,0.52537525,0.1961093,2.0000787,0.8317722,1.9124799,0.1961093,0.06536977,B_cell_zone,0.0
CTCACTGTGATACTTA-1,1,63,75,6231,22924.0,6231,4095.5295,Medium-High,2,6,0,3,2,1,0,3,3125.504439286561,0.6365141682948128,0.3024497628211975,0.10426922841404924,0.1542986035346985,0.41558195996449826,-0.12380039691925049,0.5145401255289751,0.06035850942134857,0.7513660835960909,-0.030171386897563934,0.8742446055185562,0.1911015808582306,0.3117330466094437,0.0,0.058045693,0.18181516,0.22148219,0.23434274,0.14953406,0.15478015,0.3115291,0.66700405,1.8418767,2.6274464,0.12366642,0.6343304,0.2875914,1.031343,1.1379315,2.3811648,0.3798343,0.3739844,Medullary_cords,364.6601157242179
CTCACTTGGCTGGTAA-1,1,40,26,4643,13608.0,4643,3938.0427,Low,1,7,3,5,3,6,3,5,4274.317372399949,1.0114042647073518,-0.15537282824516296,0.4123030111480503,0.07567942142486572,0.6910203130988228,0.0012096911668777466,0.9949380945778193,-0.1818242371082306,0.3362389121989859,-0.5541474223136902,0.0014864357599975683,0.20393803715705872,0.279714125724211,0.0083859945,0.07413639,0.07288214,0.17924045,0.176267,0.22422357,0.26486453,0.40758076,0.4204862,1.8697522,2.7944293,0.06886987,0.5968554,0.21444905,1.2490895,0.8108326,1.8003204,0.36377722,0.8939584,Medullary_cords,238.40302011509837
CTCAGAGCTAATGTCG-1,1,73,59,5372,16239.0,5372,4172.0205,Medium-Low,3,4,0,0,2,1,0,6,4643.167561051399,0.0,-0.14862895011901855,0.4331272558534389,-0.10896191000938416,0.5665359594322836,0.13864989578723907,0.4649694654775861,0.032839708030223846,0.8632223553476798,-0.3372499644756317,0.06837674590173164,0.22916986048221588,0.22315877698435063,0.059562985,0.0036085574,0.17093275,0.2678333,0.20681605,0.031553797,0.25969258,0.29478222,0.6149104,1.9845684,2.7198682,0.34028757,0.765124,0.29992378,1.2413862,1.3250171,2.225596,0.11996952,0.38819236,Medullary_cords,630.7154667518469
CTCAGCAGACTGCCGA-1,1,2,112,5489,18237.0,5489,4044.0754,Medium-Low,5,12,3,5,6,3,3,5,4617.793845550059,0.0,0.24946986138820648,0.18369089999169258,0.21377255022525787,0.25666827240479406,-0.39996644854545593,0.02852761649371625,-0.30681973695755005,0.0991138496013309,-0.3858572840690613,0.03520794556247667,0.044367410242557526,0.815917603838627,0.16879565,0.003499373,0.11967951,0.39626563,0.307228,0.0045316988,0.0,0.2564975,0.63126343,2.176025,2.8829455,0.16395003,0.7407922,0.33229244,1.8859944,1.1217425,2.3606026,0.21860003,0.38071802,Medullary_cords,0.0
CTCAGGACTCACCTGT-1,1,16,30,6487,23138.0,6487,4326.8228,Medium-High,3,11,2,0,1,5,5,6,4783.57878580462,0.0,-0.281132310628891,0.13234059066198453,-0.14829817414283752,0.4341632138558021,-0.2312351018190384,0.21890079147280156,0.13386991620063782,0.48064607856284425,-0.17075899243354797,0.3669531648040793,0.24220731854438782,0.19720491650397978,0.03537026,0.003180614,0.24131756,0.24286063,0.20409285,0.19358331,0.079594806,0.28684467,1.006068,1.6518276,2.6109993,0.12276654,0.6861283,0.31649464,1.104743,1.4952214,2.240342,0.08980109,0.39687347,Medullary_cords,276.3494165001982
CTCAGTCACGACAAAT-1,1,24,96,7298,28957.0,7298,4514.042,High,0,0,2,1,4,2,4,0,1764.9059465025325,1.0114042647073518,-0.450396865606308,0.012503669456038908,-0.27366510033607483,0.1433751954358219,0.04012840986251831,0.8332481183894821,0.28157946467399597,0.1317001382410359,-0.14964377880096436,0.42995736225838266,-0.28044742345809937,0.13332596081167228,0.16312471,0.09085709,0.026321607,0.4663788,0.25073877,0.0,0.002579027,0.13981089,0.84752125,2.028126,2.83539,0.21484092,0.6175949,0.48537138,2.007892,1.4843607,1.9876904,0.13128966,0.31552133,B_cell_zone,0.0
CTCATGGCTCACAATC-1,1,13,63,6570,23072.0,6570,4385.758,Medium-High,1,8,7,3,6,3,0,3,3453.4162795701304,1.3296613488547582,-0.43259644508361816,0.01695894699711687,-0.17889626324176788,0.34420962763197405,-0.24728725850582123,0.18768215403788047,-0.1563454419374466,0.4093467668683938,0.03523845598101616,0.8533350289814212,0.11215092241764069,0.5551632879859559,0.060605723,2.8425753e-05,0.124330975,0.19311935,0.0,0.20019118,0.4217243,0.34239268,0.65346384,2.0621412,2.9013472,0.21305689,0.54198754,0.29108858,1.6450356,1.0780014,1.9736183,0.18003362,0.687815,Medullary_cords,138.0
CTCATGGTAATTTGCG-1,1,50,26,5334,16906.0,5334,3970.9246,Medium-Low,2,7,5,2,3,6,2,4,4503.154449938398,0.0,-0.13409709930419922,0.47989489513287414,0.1469171643257141,0.43850298962751444,0.08332227915525436,0.6615708381079475,-0.19355320930480957,0.3054481510082963,-0.09539501368999481,0.6160584688659761,-0.14513564109802246,0.4441360045406889,0.03167933,0.0,0.27988386,0.05207223,0.14745659,0.0,0.488908,0.3073898,0.51199776,2.0261137,2.7364466,0.23234035,0.59434235,0.30181488,1.3992693,1.0001246,2.7758455,0.19517638,0.36245796,Medullary_cords,365.0986168146902
CTCATTGCTCTAACAA-1,1,60,78,6532,25308.0,6532,3999.583,High,2,6,0,2,2,1,2,4,2723.7644905534694,0.8675632284814613,-0.35400745272636414,0.05495117627488095,0.2996058762073517,0.10773072997704897,0.23373378813266754,0.21382332121727304,-0.19679252803325653,0.2972667243417523,-0.2160588651895523,0.2514947014773542,0.11601908504962921,0.5415118914413174,0.1344318,0.0017634813,0.26208705,0.2807101,0.21676728,0.014703277,0.089537084,0.29062787,0.55883706,2.3200858,2.664575,0.18097736,0.3889725,0.38272968,1.4817467,1.1527193,2.8326566,0.14559513,0.4091152,Medullary_cords,138.42326394071193
CTCATTTGATGGGCGG-1,1,22,62,5317,14831.0,5317,4308.081,Low,5,3,4,1,1,2,1,1,2621.865747897859,0.8675632284814612,-0.24068313837051392,0.20012615993380575,0.05209776386618614,0.7845367055437474,0.2627696096897125,0.16065051932149504,-0.12372595071792603,0.5147950060700226,-0.2408669888973236,0.19977221726224384,0.18706226348876953,0.322262437173543,0.07189103,0.09871233,0.068048544,0.19043861,0.1329839,0.27510932,0.16281627,0.16344202,0.6119215,2.273283,2.812028,0.30941772,0.930358,0.32017058,1.7191023,1.0996575,1.8290713,0.12884332,0.41255695,Medullary_cords,137.55726080436466
CTCCCAATGAGTCGCG-1,1,51,115,6050,21384.0,6050,4083.3735,Medium-High,1,10,5,5,0,4,3,5,2425.40264698462,0.6615632381579821,0.3267616033554077,0.07799484430118672,-0.13887068629264832,0.4642519102453462,0.09140187501907349,0.6309687057862255,0.0382460318505764,0.8409690710616338,0.07348160445690155,0.6995737494351646,-0.26330143213272095,0.15977429236655194,0.0720969,0.0,0.18982115,0.07720041,0.25203344,0.0,0.40884808,0.3948059,0.54029614,2.253879,2.607493,0.2400819,0.5242629,0.39762956,1.5882787,0.7802237,2.6187665,0.50693035,0.46246284,Medullary_cords,365.0
CTCCCTCCTTTCGATC-1,1,51,23,6597,34868.0,6597,3460.384,High,2,7,5,2,3,6,2,4,4737.037470824988,0.0,0.09860814362764359,0.6041681927240751,0.062269408255815506,0.7437520731933774,-0.03263811022043228,0.8640542597326419,-0.2135612815618515,0.25714983878953246,0.2541600465774536,0.17531602692685147,-0.12626713514328003,0.5061299977685301,0.07384968,0.0,0.36876178,0.13303676,0.368147,0.0,0.056204833,0.24941866,0.29474026,2.1017513,2.236113,0.08819163,0.45235604,0.41795003,1.1261128,0.60669184,3.2408805,0.113342814,0.26748502,Medullary_cords,496.47255714691823
CTCCGCCCACATGAGG-1,1,43,39,5525,16420.0,5525,4317.6797,Medium-Low,1,9,3,6,3,6,7,5,3425.213861936215,1.0114042647073518,-0.25947412848472595,0.16615673932217853,-0.23281230032444,0.2156864018484216,0.1748867928981781,0.35530758697171144,0.01871442049741745,0.9218084408083842,-0.09184688329696655,0.6292998710293263,0.30540135502815247,0.10076562087055425,0.054776,0.0,0.028457716,0.2182182,0.037396066,0.0,0.661152,0.3931855,0.69424915,2.0854635,3.0243843,0.18936424,0.21375138,0.24881977,1.5648212,1.3353171,1.693428,0.23782213,0.543809,Medullary_cords,137.92751719653333
CTCCGGCCTAATATGC-1,1,19,59,5772,17465.0,5772,4376.9673,Medium-Low,0,3,4,4,1,2,4,0,3027.4485957650872,0.6931471805599453,0.1371201127767563,0.4699571383105012,0.06163175031542778,0.7462902402527265,0.2766304314136505,0.13891606955506677,0.02609887719154358,0.891111138181207,-0.26085689663887024,0.16383025321762767,0.12641838192939758,0.5056165693562574,0.17208077,0.0,0.03512933,0.25523356,0.45620075,0.0,0.08135555,0.23815262,0.6900678,2.333144,2.9890876,0.2263568,0.62177885,0.2947418,2.2877479,1.225363,2.2562873,0.0,0.2781059,B_cell_zone,0.0
CTCCGGCTTGTAGACA-1,1,15,19,7158,28248.0,7158,4500.4453,High,4,11,1,4,1,5,4,7,5490.317386089806,0.9556998911125343,-0.6724063158035278,4.701107454944415e-05,-0.00587663147598505,0.9754129888284856,0.06789679825305939,0.7214692404593739,0.00012039719149470329,0.9994961994933708,-0.36152276396751404,0.049649574094613395,-0.2152460515499115,0.25332603291179656,0.16395083,0.0,0.12692042,0.12297841,0.32952675,0.24925427,0.007369366,0.20314014,0.5827664,2.1482356,2.8264089,0.14269605,0.50839436,0.8820579,1.9025126,0.82959604,1.9497153,0.07577409,0.38099265,Medullary_cords,0.0
CTCCTAAGTTATGTCT-1,1,12,30,7112,28277.0,7112,4400.279,High,3,11,0,0,1,5,0,6,5063.0836453687,0.8675632284814613,-0.7516341209411621,1.6881956272283231e-06,-0.2986864149570465,0.10886806254190028,0.28819742798805237,0.1224850057603163,0.24274349212646484,0.1961843372082738,-0.28599560260772705,0.12549643105897232,0.1558704972267151,0.4107888620611325,0.07066755,0.0020868168,0.2066484,0.34804368,0.12714869,0.0,0.24540487,0.32530263,0.6504044,1.8191708,2.7643914,0.2998216,0.7089338,0.290604,1.1532869,1.3247381,2.2711928,0.22710034,0.37568963,Medullary_cords,238.76766950322232
CTCCTAGTAATCGTGA-1,1,76,24,7984,37050.0,7984,4409.2993,High,1,1,3,6,5,0,7,5,6334.682707129064,0.9002560512685369,0.013389315456151962,0.944016074342279,0.06900150328874588,0.7171203986649825,0.19585570693016052,0.2996184477383816,-0.2875920534133911,0.12330760061088451,-0.41300442814826965,0.02330873119423118,0.0721779316663742,0.7046645256557071,0.028123686,0.0,0.054368556,0.07383562,0.26789895,0.07614651,0.49962664,0.21647428,0.5093469,2.1565008,2.7390084,0.0597428,0.7697853,0.19754097,1.3964835,0.69310546,2.3001995,0.27559632,0.74871576,Medullary_cords,238.90793205751876
CTCCTCCAGCTCACAC-1,1,62,50,6780,24951.0,6780,4377.1377,Medium-High,1,4,0,3,2,0,6,3,3886.7778428924903,0.8675632284814613,-0.011022619903087616,0.9539002585223366,0.023318395018577576,0.9026539303094546,0.2904471158981323,0.11946357869358964,0.20321235060691833,0.28146568742808215,0.22906948626041412,0.22336713930467625,0.10325747728347778,0.5871382268498908,0.059693582,0.0014524389,0.13792273,0.22686952,0.18896793,0.032407627,0.35268623,0.3727539,0.7577772,1.9573431,2.8705826,0.40968814,0.5211667,0.31956938,1.4571377,1.1569501,2.0184898,0.23918599,0.35848513,Medullary_cords,238.90793205751876
CTCCTTTACGCAAGTC-1,1,23,109,6521,23320.0,6521,4328.5034,Medium-High,1,0,3,3,4,2,7,5,2306.3746443281934,1.2424533248940002,-0.556671679019928,0.0013990820328572263,-0.18885643780231476,0.31755875176995046,0.3110882639884949,0.0942660765962773,0.08648042380809784,0.6495419213305594,-0.5522009134292603,0.001556999710270296,-0.13327613472938538,0.48261227948882823,0.06411263,0.0008343601,0.019864608,0.18251804,0.2028064,0.25836566,0.27149826,0.14798082,0.7930483,2.1229143,2.9889464,0.22302903,0.6642529,0.26763484,1.5191065,1.121878,1.7138703,0.33324897,0.6195207,Medullary_cords,138.42326394071193
CTCGAATGGAACGTAT-1,1,6,100,6198,23201.0,6198,4109.6675,Medium-High,1,12,3,5,4,3,3,5,3921.060315781944,0.5982695885852573,-0.22535744309425354,0.23116531362753617,0.05360738933086395,0.778445301813891,-0.042529404163360596,0.8234220669966119,-0.34171319007873535,0.0645748915658538,0.11593006551265717,0.5418242657636072,0.07250192761421204,0.7033981596573955,0.043923687,0.057579074,0.11851378,0.043824635,0.33368123,0.15319912,0.24927847,0.28293705,0.38529027,2.258171,2.7274559,0.0447997,0.64930975,0.5916319,1.5756016,0.60108995,2.2952142,0.0895994,0.52842367,Medullary_cords,238.90793205751876
CTCGAGACATACGATA-1,1,55,7,7584,32980.0,7584,4455.5474,High,5,1,7,1,5,0,1,1,5936.205943193009,1.2424533248940002,-0.39036333560943604,0.03294987478894972,0.0491899698972702,0.7963047183211872,0.045520003885030746,0.811219721395452,-0.31220752000808716,0.09302517997304004,-0.08975951373577118,0.6371431179556657,-0.0053777918219566345,0.9774995174306909,0.16560811,0.13947457,0.19601592,0.25124565,0.04198751,0.0,0.20566827,0.1654939,0.5006902,2.3090205,2.889403,0.09235585,0.5839486,0.47426867,1.9114553,1.1703373,2.173529,0.06620839,0.30996266,Medullary_cords,0.0
CTCGAGGCAAGTTTCA-1,1,72,32,4520,11817.0,4520,4082.7256,Low,0,4,7,1,5,0,4,0,5607.740097401092,0.6365141682948128,-0.3637196123600006,0.048178972192731644,0.042289845645427704,0.8244013095261161,0.08524864166975021,0.6542235426176768,0.19811268150806427,0.29397256983749603,-0.21006932854652405,0.2651952644554821,0.2514279782772064,0.18016105591383494,0.14627844,0.17142698,0.1278436,0.51446414,0.039986815,0.0,0.0,0.20047449,0.7045198,2.1314902,2.5416124,0.07665349,0.27712798,0.57831,1.7074279,1.5952908,2.120605,0.0,0.10220465,Medullary_cords,137.0
CTCGAGGTCGAACAGT-1,1,29,59,6083,19471.0,6083,4415.6284,Medium-Low,0,3,7,4,1,2,4,0,2268.772796028725,0.6931471805599453,0.1024903804063797,0.5899334971131636,0.19510500133037567,0.301511402253736,0.2755620777606964,0.14051082182632565,-0.32738757133483887,0.07739311080768677,-0.2455226182937622,0.19095302164449102,0.27341586351394653,0.1437546578369936,0.26161146,0.0063475617,0.0,0.3355932,0.24114233,0.0,0.15530539,0.22762534,0.30594382,2.2998812,2.9571202,0.11656145,0.41986567,0.36033148,1.940166,0.7609817,1.6340984,0.17666651,0.23555535,B_cell_zone,0.0
CTCGATATTTGCGAGC-1,1,23,99,6659,24475.0,6659,4322.3315,Medium-High,1,0,3,0,4,2,0,3,1949.3109038837288,0.8675632284814613,-0.02759498730301857,0.8849091054821023,-0.27807798981666565,0.13677634387120194,0.13304546475410461,0.4833772143094717,0.2634492814540863,0.15953130482812075,-0.28660714626312256,0.12465461214753323,-0.36165621876716614,0.049559234668251656,0.06421439,0.0,0.077428244,0.2235521,0.13230468,0.13393597,0.3685646,0.18141195,0.6661407,2.1585608,2.7471817,0.12846833,0.6415739,0.4168885,1.1323147,1.2091274,2.3441818,0.08564556,0.29966265,Medullary_cords,137.92751719653333
CTCGCACCTATATAGT-1,1,24,68,5813,20656.0,5813,3991.2773,Medium-High,2,3,0,2,4,2,2,4,2169.352437940871,0.6931471805599453,-0.41958457231521606,0.02098870652823164,-0.07543005794286728,0.6919889331177503,-0.42287641763687134,0.019901481024225308,0.13503867387771606,0.47678803165573574,0.10179540514945984,0.5924709507847709,0.14571408927440643,0.4423027371442264,0.12617077,0.0017292936,0.6144985,0.17902887,0.045150414,0.0,0.03342211,0.4317224,0.56285447,2.1417627,2.4567916,0.18334821,0.73604727,0.38012227,1.3432536,0.9651413,2.6314628,0.2679908,0.13160753,Medullary_cords,240.0
CTCGCATTGCATAGCC-1,1,60,12,633,923.0,633,1688.3038,Low,3,1,6,5,5,0,3,6,5857.689732309146,1.0114042647073518,0.023606084287166595,0.9014586847414509,0.01021651178598404,0.9572684635136212,0.1345899999141693,0.4782671970938636,0.26105400919914246,0.16350051348742078,0.04116835445165634,0.8289890392022108,0.13586103916168213,0.4740830596731989,0.0,0.0,0.6715611,0.32843888,0.0,0.0,0.0,0.61774915,0.0,0.7845706,2.004657,0.0,0.0,0.0,0.0,0.82366556,1.7425895,0.0,0.0,Medullary_cords,239.00209204105306
CTCGCCGAATGTAGGG-1,1,60,64,5978,19612.0,5978,4248.7026,Medium-Low,2,2,0,3,2,1,0,3,3109.717993645083,0.6365141682948128,0.04703522473573685,0.8050535866466586,0.017301185056567192,0.9276972126327728,0.2607322633266449,0.16403899029490568,-0.07298234105110168,0.7015218541010619,-0.26194801926612854,0.16201090347952088,0.13268940150737762,0.48455919136867426,0.03806459,0.0018469535,0.100475915,0.1488837,0.30138007,0.043062415,0.36628634,0.3444556,0.47823858,2.2401648,2.598802,0.16752815,0.2554084,0.34542555,1.3178085,1.0416913,2.318723,0.0,0.75808907,Medullary_cords,240.0
CTCGCTAGGTAAGCGA-1,1,72,96,4245,12108.0,4245,3760.6465,Low,1,6,3,5,2,1,3,5,4109.472228887792,1.0397207708399179,-0.05728522688150406,0.7636594878813697,0.23561988770961761,0.2100442623951812,0.2940940856933594,0.11468331291478434,-0.2399892956018448,0.20146581953252948,-0.720371425151825,7.164919014149841e-06,0.18977102637290955,0.315177483929281,0.14682561,0.0068147765,0.2138932,0.08624772,0.36868748,0.0050352663,0.17249586,0.22577742,0.80274206,2.3319988,2.7382622,0.15051828,0.3063147,0.456833,1.740756,0.8683426,2.21897,0.394328,0.30103657,Medullary_cords,138.00362314084367
CTCGGGCATCGTCGGG-1,1,0,68,6065,20876.0,6065,4287.2275,Medium-High,3,5,7,0,6,3,5,6,4755.086539696202,0.6931471805599453,-0.6615042686462402,6.881467320574664e-05,-0.018854985013604164,0.9212229428342267,0.2816166281700134,0.13164701185525737,-0.1487618088722229,0.4327115360808882,-0.03065563552081585,0.8722425051146847,0.09621012210845947,0.6130329491670762,0.09836493,0.0040412275,0.04378095,0.46216074,0.36067742,0.0,0.030974764,0.16027673,0.81652063,1.638576,2.548908,0.14677295,0.48405862,0.43469548,1.2220341,1.2991953,1.7548862,0.09784863,0.2969398,Medullary_cords,238.40302011509837
CTCGGGTTCTCTGGCC-1,1,61,27,6575,23596.0,6575,4357.989,Medium-High,1,1,0,3,5,0,6,3,5021.761543522352,1.0114042647073518,-0.4328673481941223,0.016882413901737014,-0.3385375738143921,0.06726253036353327,-0.37895411252975464,0.03890773457798989,-0.11087345331907272,0.5597063250754638,-0.08011093735694885,0.6738876316766559,0.33354321122169495,0.07166448689517821,0.025640506,0.0013046012,0.1311128,0.090658195,0.17898075,0.15535964,0.41694352,0.3461257,0.51012135,2.186112,2.820844,0.2790249,0.5888187,0.40688658,1.4976192,0.9021698,2.0613477,0.48362502,0.6774993,Medullary_cords,275.98007174431996
CTCGGTACCACTGCTC-1,1,41,81,4248,10154.0,4248,4118.9023,Low,1,2,4,6,0,4,1,1,601.4000332557357,0.45056120886630463,0.11907520890235901,0.5308396407523451,-0.05283235013484955,0.7815710356730953,0.14950701594352722,0.43038380725822944,-0.0371832475066185,0.8453347379595734,-0.2462158352136612,0.18966340645269897,-0.04316248744726181,0.8208354689758146,0.075206086,0.14125918,0.14785825,0.0992323,0.28780025,0.033146136,0.2154978,0.0,0.54698044,2.125382,2.7278242,0.085691884,0.4284594,0.47882372,1.6419806,0.9056494,2.1500611,0.34276754,0.47707248,Medullary_cords,137.0
CTCGGTCCGTAGCCTG-1,1,18,50,6481,22630.0,6481,4396.996,Medium-High,3,3,0,0,1,5,5,6,3546.401274531691,0.6365141682948128,-0.35169175267219543,0.05667163064094036,-0.043636616319417953,0.8188995173185427,-0.08511984348297119,0.6547138117105142,-0.08556971698999405,0.6530019864983979,-0.33746474981307983,0.06818989464452314,0.19921767711639404,0.29123315648278136,0.024100577,0.07051962,0.107532665,0.3629016,0.23811929,0.16830982,0.02851638,0.3714479,0.9277934,1.7407429,2.8685427,0.30958617,0.59043443,0.34277353,1.0806205,1.4969498,2.3305564,0.18299137,0.2721049,Medullary_cords,237.9012400135821
CTCGGTTGTCGGCCCT-1,1,56,26,6063,21824.0,6063,4111.658,Medium-High,2,9,5,3,5,0,6,3,4781.268973818562,0.0,-0.24359086155891418,0.19457888025386483,-0.2982725501060486,0.10938291410092946,-0.055229365825653076,0.7719148753968458,0.1369728147983551,0.4704388555308421,-0.1893097460269928,0.31637710646775824,-0.07719632238149643,0.6851384533769712,0.04103667,0.0012773603,0.21002723,0.102269046,0.018008942,0.2446402,0.38274047,0.30611467,0.6830966,2.3476079,2.7888076,0.3797195,0.4497332,0.51723796,1.6612723,0.8738506,2.4962187,0.85818726,0.5237648,Medullary_cords,137.00364958642524
CTCGTCGAGGGCTCAT-1,1,60,18,7889,36260.0,7889,4372.479,High,1,1,0,3,5,0,0,3,5491.989894382546,0.8675632284814613,0.2339959591627121,0.21329527046715585,0.16519618034362793,0.38299802980373665,0.30895060300827026,0.0966708521864192,0.39612242579460144,0.030235930057679664,0.17401741445064545,0.35774180602633215,0.09646044671535492,0.6121050407599404,0.05223838,0.0023542384,0.13539794,0.18155798,0.24353425,0.12727892,0.2576383,0.2901383,0.5597036,2.1087074,2.7801747,0.47473612,0.6757875,0.3132067,1.452083,1.1708686,2.0120237,0.15072092,0.5550576,Medullary_cords,276.3494165001982
CTCGTCTGTGCCTTCG-1,1,70,82,4020,10812.0,4020,3787.251,Low,5,6,3,1,2,1,1,1,3855.12191765708,0.6365141682948128,0.2377353012561798,0.20586040345079962,-0.24631500244140625,0.1894794194019371,-0.2409861981868744,0.19954295073017855,-0.09458810091018677,0.6190596543745034,0.33883193135261536,0.06700980628744492,0.32731959223747253,0.07745828454856778,0.096705556,0.14217901,0.23545244,0.09447938,0.0,0.026893038,0.40429062,0.16371828,0.2618882,2.3942366,2.854748,0.08185914,0.37648338,0.5699179,2.2554305,0.9073366,2.3255098,0.0,0.34908256,Medullary_cords,0.0
CTCGTGGCACTGAAAG-1,1,76,58,5734,17587.0,5734,4250.3047,Medium-Low,1,4,0,3,2,1,6,3,4998.516279857454,0.37677016125643675,-0.3000669777393341,0.10716372640796835,-0.28653383255004883,0.12475531180852088,-0.2414875328540802,0.1985807590197673,-0.0446573868393898,0.8147350859948816,-0.29140523076057434,0.11819368426435063,0.32588839530944824,0.0788402511806477,0.017738882,0.0025328698,0.16091554,0.083895594,0.02390747,0.39264837,0.31836122,0.31341013,0.52177024,2.2493541,2.7446132,0.2813654,0.4320385,0.46829668,1.581312,1.0875115,2.2608945,0.7411452,0.9053523,Medullary_cords,496.47255714691823
CTCGTTACGGCTACCA-1,1,70,40,5775,18866.0,5775,4203.2227,Medium-Low,3,4,2,0,5,0,5,6,5060.662604837434,1.0114042647073518,-0.39771801233291626,0.029517026840194322,-0.3006249964237213,0.10648053798389333,-0.11509276181459427,0.5447665614910892,0.14468735456466675,0.4455595675801367,0.014797665178775787,0.9381380641841888,0.29991933703422546,0.10734503232118969,0.026601736,0.0027394043,0.115679204,0.23140852,0.21027845,0.26369023,0.14960246,0.42676356,0.85422766,1.7269163,2.6599503,0.19667858,0.49507302,0.10633036,1.0635959,1.4777067,2.141757,0.49968752,0.470441,Medullary_cords,602.8474102125678
CTCGTTTCTAATGTTT-1,1,22,104,7054,28166.0,7054,4321.7646,High,1,0,3,6,4,2,7,5,2210.423036434429,0.410116318288409,-0.10014770925045013,0.5985057422407773,0.10552754998207092,0.5789003473868188,-0.004077035468071699,0.9829409249750825,-0.12217514961957932,0.5201185263208902,-0.2531633675098419,0.17707276512301504,0.10403616726398468,0.5843066569988511,0.07036088,0.061005954,0.092780255,0.12509306,0.3177601,0.0,0.3329997,0.34725732,0.4622481,2.1596458,2.879718,0.33872813,0.4348864,0.38485336,1.588547,0.9526185,2.0524046,0.34423596,0.3886534,Medullary_cords,138.42326394071193
CTCTAACACCGGCAGC-1,1,76,86,4754,13168.0,4754,4094.6042,Low,0,6,7,4,2,1,4,0,4553.7435149555795,1.0042424730540764,-0.28303951025009155,0.12962474380848477,0.33647167682647705,0.0690571462951945,0.25660690665245056,0.17105542024999693,0.055729594081640244,0.7699039040760526,0.012461447156965733,0.9478902999092543,0.4803694188594818,0.0072153766995047405,0.097792536,0.0,0.122423954,0.17902587,0.21674226,0.01410673,0.36990866,0.0706269,0.48569614,2.30648,2.7130382,0.1412538,0.5535747,0.4428411,1.8405913,0.861355,2.1813734,0.0,0.49628565,Medullary_cords,0.0
CTCTAATGCATTGATC-1,1,24,110,6461,23612.0,6461,4347.7764,Medium-High,0,0,7,1,4,2,1,0,2259.539997433106,1.3296613488547582,-0.6353569626808167,0.00016174842016884058,-0.05742718279361725,0.7630903835978725,0.3487938940525055,0.05888395391204392,-0.009673883207142353,0.9595361674639941,-0.6040144562721252,0.0004087009673163959,-0.1371624767780304,0.46981864054999145,0.20029089,0.0,0.0077755675,0.2859157,0.38537237,0.0,0.12064546,0.19754177,0.5187605,2.3026352,2.7129767,0.15339918,0.47965935,0.30712,2.1175876,0.92820823,2.0725465,0.08828517,0.26338902,B_cell_zone,0.0
CTCTACACTGGCGATT-1,1,43,17,6336,24523.0,6336,4100.792,Medium-High,2,7,3,0,3,6,0,3,4924.054934705745,1.0114042647073518,-0.2977798581123352,0.10999819669663316,0.15315717458724976,0.4190819382320356,-0.2058626264333725,0.27510280342649673,0.09155820310115814,0.6303822533583294,0.02484879642724991,0.8962981204047616,-0.25254547595977783,0.17816805879422004,0.04804427,0.063686416,0.13992551,0.33221474,0.14727166,0.004106155,0.2647512,0.22397625,0.9284202,1.9696529,2.7857027,0.36648273,0.65146655,0.25992927,1.3938577,1.575852,2.4853542,0.17100716,0.42757213,Medullary_cords,238.40302011509837
CTCTACATCCTGCGTG-1,1,72,66,5092,14734.0,5092,4050.3862,Low,1,4,3,3,2,1,2,3,4344.627947247037,0.8675632284814613,-0.33381298184394836,0.07142115815318258,-0.22939394414424896,0.2226940862032213,-0.14763638377189636,0.43623993313397874,-0.0962560623884201,0.6128626128039674,-0.14175373315811157,0.45493588110699296,0.3326949179172516,0.07243381785033787,0.045910187,0.004200148,0.17820202,0.16625662,0.10897142,0.2595712,0.23688838,0.34180668,0.38309366,2.103,2.7282243,0.33249113,0.33309588,0.3439122,1.4780277,0.9428918,2.282313,0.12951213,0.59093773,Medullary_cords,137.0
CTCTAGCCCTCGGAAA-1,1,66,90,7579,35376.0,7579,4418.9106,High,4,6,1,4,2,1,4,7,3357.1761943633524,1.0114042647073518,0.7335672974586487,3.987947551552733e-06,-0.3790826201438904,0.038836119307713114,0.10131542384624481,0.5942261883206382,-0.05381089448928833,0.7776251244539435,0.04422204941511154,0.8165105312402325,0.12908610701560974,0.4966033989030942,0.18263887,0.0,0.12698148,0.19958307,0.15937698,0.20338315,0.12803645,0.17012925,0.51234305,2.2299078,2.7443862,0.08713691,0.17427382,0.8935031,1.9769976,0.9063291,1.9634436,0.0,0.3114262,B_cell_zone,0.0
CTCTATTTGGCTGCAG-1,1,48,68,3343,8434.0,3343,3487.9421,Low,2,2,5,2,0,7,2,4,1824.9046550436547,0.0,-0.21351876854896545,0.25724681465065646,-0.10643677413463593,0.5756153204521337,-0.2186524122953415,0.24570971746600964,-0.07789398729801178,0.6824392432780998,0.14459040760993958,0.44586775182231975,0.01117413118481636,0.9532672759242482,0.09736623,0.0,0.4692944,0.016808255,0.3496827,0.0,0.06684835,0.18958391,0.39043462,2.3399909,2.7289577,0.0977407,0.34739572,0.24965501,1.4430794,0.87697375,2.8392615,0.5746492,0.33287334,Medullary_cords,365.3833603217311
CTCTCACAATCGATGA-1,1,32,70,4167,10418.0,4167,4016.4355,Low,5,3,4,1,4,2,1,1,1432.2381086956177,0.0,0.14545370638370514,0.44312745790005637,-0.09319914877414703,0.6242397101461021,-0.015154486522078514,0.9366492975370979,0.16440977156162262,0.385298564849602,-0.3012341260910034,0.10573850424782934,-0.026068314909934998,0.891237899157261,0.111395456,0.13460214,0.07171773,0.1873164,0.042543203,0.35787332,0.094551735,0.44943234,0.49398723,2.3715749,3.032595,0.08411022,0.3519851,0.16822045,2.0609252,1.3291326,1.9450678,0.0,0.5814604,B_cell_zone,0.0
CTCTCGATGTGCGCCT-1,1,4,62,6344,23092.0,6344,4322.855,Medium-High,4,5,1,4,6,3,4,7,4448.036083486733,0.0,0.46813514828681946,0.009083052857558623,0.10584467649459839,0.5777536242569246,0.03686210885643959,0.8466547894644917,0.008137587457895279,0.9659581362602959,-0.14776334166526794,0.4358411162646815,-0.030875302851200104,0.8713345563665779,0.17199352,0.0,0.04646566,0.2931919,0.4883489,0.0,0.0,0.23900247,0.6021347,2.2183886,2.5870116,0.0899546,0.5874469,0.78378755,1.8541522,0.8661717,1.9714395,0.0899546,0.25870022,Medullary_cords,0.0
CTCTCTAACTGCCTAG-1,1,57,21,6488,30236.0,6488,3539.4014,High,2,1,5,2,5,0,2,4,5142.529047074017,0.0,-0.12309149652719498,0.5169696922405601,-0.3696292042732239,0.04439412073014373,-0.16068466007709503,0.39630385032616294,0.2050323486328125,0.2770860989644278,-0.3106938600540161,0.09470631907480938,0.11894364655017853,0.5312969805325353,0.047689926,0.047021102,0.29978067,0.11346986,0.068516724,0.23508948,0.18843223,0.15759505,0.47539264,2.1369348,2.441569,0.23586366,0.44056666,0.19836755,1.2002283,0.6605811,2.8202996,0.0,0.513984,Medullary_cords,238.40302011509837
CTCTGCAGGCATTCTT-1,1,71,23,6529,23378.0,6529,4346.023,Medium-High,5,1,4,1,5,0,1,1,5970.721983144082,1.2424533248940002,-0.1510828733444214,0.4254841576111965,0.04408425837755203,0.8170726731209359,0.15855364501476288,0.4026794025692129,0.11605384200811386,0.5413899504867734,-0.02254272997379303,0.9058775722253725,0.34385809302330017,0.06280749578363312,0.1566123,0.0,0.029161684,0.25126994,0.113714606,0.23456067,0.21468084,0.21369055,0.5107828,2.3358514,2.7700686,0.1335381,0.43131077,0.5046508,1.7809187,1.1700803,1.8768488,0.08902539,0.28492075,Medullary_cords,137.0
CTCTGCGAAGCAAGCA-1,1,12,50,7626,32310.0,7626,4477.001,High,3,8,0,3,1,5,0,3,4066.9144323430264,0.45056120886630463,0.18004539608955383,0.34106790120024544,0.07001370936632156,0.7131432855061187,-0.0923505425453186,0.6274132449223547,0.1607203483581543,0.3961975714545365,-0.5063351988792419,0.004303711615526638,-0.4653724133968353,0.009556981111463357,0.07367759,0.0,0.16462485,0.24602106,0.1958918,0.0,0.31978467,0.20010358,0.7439381,1.8888341,2.920577,0.5099451,0.5949963,0.44351012,1.1986244,0.94035494,2.0554438,0.16418628,0.3868531,Medullary_cords,275.0
CTCTGGACGCCTGGTG-1,1,32,62,3605,9448.0,3605,3629.9526,Low,1,3,3,5,4,2,3,5,1928.0759839798845,0.0,0.1732892394065857,0.35978827666936525,0.160963773727417,0.3954730903549894,-0.11475441604852676,0.5459576369968966,-0.06082230061292648,0.7495159649251604,-0.07024694234132767,0.7122279168756758,0.24417588114738464,0.19347581136813047,0.076816216,0.0,0.078496784,0.098231904,0.05350222,0.2899388,0.403014,0.23234552,0.5743334,2.2132185,2.6580174,0.1804853,0.27072793,0.3609706,1.5712668,1.0118934,2.31219,0.0,0.30979404,Medullary_cords,238.76766950322232
CTCTGTCCATGCACCA-1,1,75,91,4349,10604.0,4349,4136.081,Low,0,6,7,1,2,1,1,1,4437.358223087246,0.6365141682948128,-0.1260973960161209,0.5067065096070242,0.29231786727905273,0.1169933987191602,0.21755580604076385,0.2481448719324508,-0.04895513877272606,0.7972570444512516,-0.515968918800354,0.003516404510323967,0.07775723189115524,0.6829680378562365,0.094409674,0.24073942,0.0038747392,0.041785322,0.13516875,0.30867606,0.17534605,0.4663803,0.2653786,2.4128997,2.8993306,0.0,0.6617303,0.33212698,2.0187614,0.75561243,1.9556633,0.0,0.442836,B_cell_zone,0.0
CTCTGTGCCTGCTATG-1,1,2,48,6021,21901.0,6021,4126.1396,Medium-High,3,8,2,0,1,5,5,6,5115.928166032045,0.0,-0.04225848615169525,0.8245295167801173,-0.19447782635688782,0.3030986230803657,0.1520441323518753,0.4225105987067604,-0.27479809522628784,0.1416593649069992,-0.008720776066184044,0.9635200448371921,-0.08512649685144424,0.6546884822756212,0.018564653,0.0026795429,0.031409603,0.52630466,0.3077386,0.0,0.11330293,0.14105551,0.9874534,1.351732,2.467651,0.26917934,0.7964532,0.41112682,0.81165326,1.695452,1.6952442,0.0,0.29621446,T_cell_zone,631.129146847141
CTCTGTTTGAGGATTC-1,1,14,72,6009,20318.0,6009,4274.8374,Medium-High,1,5,3,6,6,3,7,5,3078.3190218039454,1.0114042647073518,-0.32002681493759155,0.08469883529598234,-0.12975534796714783,0.49435508136062667,0.14669698476791382,0.43919706745876186,-0.09602189064025879,0.6137310759331301,-0.09668741375207901,0.6112642227592818,-0.3593781292438507,0.051119319423442514,0.073143505,0.0,0.05883574,0.077347904,0.25847268,0.16484222,0.36735797,0.32175776,0.40691674,2.0944943,2.8632517,0.2634644,0.85003024,0.2634644,1.4017975,0.85970926,2.3075976,0.20013344,0.56118023,Medullary_cords,137.55726080436466
CTCTTCTATTGACTGG-1,1,46,100,4952,15088.0,4952,3953.7595,Low,2,10,0,2,0,4,0,4,1266.131904660806,0.6365141682948128,-0.3035544157028198,0.10294743175124371,0.020076952874660492,0.9161347728315465,-0.1039639264345169,0.5845690951787357,0.09452233463525772,0.6193045273795192,-0.06458242982625961,0.7345674454245475,0.3920442759990692,0.03213813891933919,0.04651261,0.0,0.19681951,0.2737858,0.22161831,0.2612638,0.0,0.3175464,0.8235243,2.0582764,2.5727506,0.21099931,0.47497347,0.3597578,1.2993239,1.2230967,2.4970512,0.0,0.48305953,Medullary_cords,237.9012400135821
CTCTTCTGGAAGTTAG-1,1,62,40,5745,17778.0,5745,4319.5967,Medium-Low,3,1,4,0,5,0,0,6,4379.714374248622,0.6931471805599453,-0.5265401005744934,0.002798072621041217,-0.15526500344276428,0.41263147790660976,0.10429713129997253,0.5833590527840748,0.11590821295976639,0.5419009605330143,-0.34208598732948303,0.06426495451301427,-0.3406808376312256,0.06543925675569981,0.054053698,0.07863933,0.012081221,0.2085202,0.28353316,0.21833664,0.14483576,0.29087913,0.55590713,2.048776,3.0196626,0.0942281,0.69326574,0.111580774,1.4834898,1.2792076,1.9306233,0.0,0.4708659,Medullary_cords,138.0
CTCTTGTCCCGCTTGG-1,1,54,58,5548,17777.0,5548,4070.0044,Medium-Low,2,2,0,2,2,7,2,4,2817.389571926467,0.0,-0.41862475872039795,0.021314761962175348,-0.1958324909210205,0.299676875933546,0.2581470310688019,0.16841155197323168,0.1391019970178604,0.46350079034558794,-0.25871312618255615,0.16744708503403916,0.0923343151807785,0.6274739942045876,0.0,0.10930316,0.2102403,0.2019961,0.26371804,0.0071554594,0.20758693,0.34962398,0.7967021,2.1014113,2.7252574,0.33846095,0.5138725,0.23515558,1.3418593,1.1733329,2.6676788,0.30002445,0.49431944,Medullary_cords,365.0986168146902
CTGAAAGAGATCCGAC-1,1,19,69,6346,22674.0,6346,4352.084,Medium-High,0,3,7,7,4,2,8,0,2624.109944343034,0.6365141682948128,-0.3397555947303772,0.06622157758415369,0.009011832997202873,0.9623033649377893,0.2296028584241867,0.222261442818566,0.2842022180557251,0.1279892471099408,-0.5686708092689514,0.001042156523072,-0.28450867533683777,0.1275607123098859,0.18289931,0.10930322,0.20875324,0.18161553,0.19074294,0.0,0.12668577,0.17038655,0.6554966,2.3356996,2.942392,0.12471646,1.5057712,0.36402676,2.1134744,0.831527,2.2106671,0.21072575,0.21079032,Medullary_cords,0.0
CTGAATCCGAGACCTC-1,1,47,53,5726,17136.0,5726,4346.037,Medium-Low,3,9,0,0,3,7,5,6,2638.9187179600663,0.6365141682948128,0.09934891015291214,0.6014408485661081,0.10441768169403076,0.5829215428368646,-0.34353625774383545,0.06307025009565101,-0.2941177487373352,0.1146527683023284,0.03557081148028374,0.8519667846046183,0.272112637758255,0.14575067454636062,0.10021953,0.0004780053,0.053437464,0.41414553,0.18965419,0.2420653,0.0,0.37367737,0.9135828,2.0289037,2.8201017,0.2414119,0.49722806,0.32653025,1.2936478,1.479789,2.2568114,0.0,0.3064675,Medullary_cords,238.76766950322232
CTGAATTTATTGCCAG-1,1,22,106,6912,26931.0,6912,4296.318,High,5,0,3,1,4,2,1,1,2282.0574050623704,0.0,-0.2870914340019226,0.12399092567916992,-0.1666051745414734,0.3788961553095895,0.056784652173519135,0.7656672642438329,0.2569676339626312,0.17043355655031392,-0.4214412271976471,0.020369638959649217,-0.12040920555591583,0.5262130667676266,0.07903336,0.06300574,0.08025502,0.1791091,0.191396,0.17600241,0.23119836,0.07894332,0.48092362,2.0496092,2.6908762,0.18784001,0.4251617,0.2177934,1.515155,1.1212393,1.9109697,0.1871405,0.6810335,Medullary_cords,138.42326394071193
CTGACTGCGCAGCTCG-1,1,31,101,7025,26036.0,7025,4605.708,High,4,0,1,4,0,4,4,7,1225.9889885313,1.0114042647073518,-0.5232665538787842,0.003005579873796938,-0.10565805435180664,0.5784283238385485,0.1761597841978073,0.3517611461768839,-0.040259696543216705,0.8327101777308085,-0.47616079449653625,0.00781721143436997,-0.24392615258693695,0.19394614854862274,0.14205705,0.08606905,0.066576436,0.13848934,0.55708784,0.009720354,0.0,0.12189335,0.30590308,2.301707,2.711738,0.19313838,0.5423805,0.8688905,2.040357,0.9205556,2.0129845,0.08126223,0.23610544,B_cell_zone,0.0
CTGAGAAAGTTCGGCG-1,1,49,117,6034,29068.0,6034,3311.7478,High,2,10,5,2,0,4,2,4,2392.48176586573,0.0,0.34616193175315857,0.060951474191353584,0.11577264964580536,0.5423768544201383,-0.10471339523792267,0.5818489317575665,0.3496585190296173,0.05821689576717367,0.019198637455701828,0.9197916866372711,-0.15947599709033966,0.399912816680602,0.109022096,0.00078570255,0.50882655,0.087714024,0.2134598,0.0,0.08019181,0.39428103,0.36022833,2.1853647,2.307302,0.110874675,0.37843657,0.24176696,1.4560388,0.6966846,3.4114964,0.22174935,0.42766592,Medullary_cords,275.98007174431996
CTGAGCAAGTAACAAG-1,1,15,25,7900,37075.0,7900,4390.2676,High,3,11,2,0,1,5,5,6,5137.235151324105,0.0,-0.6046885251998901,0.00040104026442143106,-0.18850496411323547,0.3184768228855872,-0.24904197454452515,0.1844686402606394,-0.12883956730365753,0.4974329467455868,-0.30463624000549316,0.10166519545142025,0.45593735575675964,0.011335522623768296,0.06526227,0.0,0.13352945,0.4301428,0.26364848,0.0,0.10741691,0.16242324,1.0748093,1.7321064,2.7620203,0.22035608,0.7257626,0.34149322,1.2318294,1.6446226,2.3940072,0.11939959,0.3438769,Medullary_cords,238.40302011509837
CTGATAGTGTATCTCA-1,1,32,16,6754,24711.0,6754,4442.7275,Medium-High,0,7,7,1,3,6,4,0,5008.013578256353,1.5607104090414068,-0.0401429645717144,0.8331884775488918,-0.23876871168613434,0.20383747734283547,0.20589269697666168,0.2750311458423272,0.19506308436393738,0.3016173200455851,-0.6398378014564514,0.00014049507458477762,-0.3100789189338684,0.09539583402192157,0.12376912,0.0007382271,0.005276777,0.23412877,0.27503642,0.18593267,0.175118,0.42826924,0.56783044,2.3602657,2.8585653,0.042477477,0.42498672,0.30821067,1.9614542,1.2165536,1.8980378,0.084954955,0.26874143,B_cell_zone,0.0
CTGATCCCTTTATGCA-1,1,71,29,6098,20569.0,6098,4376.084,Medium-High,4,1,1,4,5,0,4,7,5667.810247353029,0.0,-0.43889737129211426,0.01525157885396531,0.02894255518913269,0.8793285353838105,0.066266730427742,0.7279017949319987,0.0318218469619751,0.8674240621671184,-0.27617183327674866,0.13959900622777494,0.0036584138870239258,0.9846923007727101,0.112718634,0.09843673,0.10918803,0.1042957,0.21642523,0.0,0.35893574,0.31896347,0.57971585,2.06936,2.6484838,0.23348686,0.40942657,0.95245934,1.7448726,0.7017453,1.8495648,0.19810863,0.24527961,Medullary_cords,137.0
CTGCAAATGGGCTCCA-1,1,0,64,6578,26863.0,6578,4212.3906,High,4,5,1,4,6,3,4,7,4841.567721306808,0.5623351446188083,-0.2722265422344208,0.14557542344285695,-0.009096138179302216,0.9619509667189938,0.3340640664100647,0.07119525928621077,-0.06954300403594971,0.7149918495762745,0.0033446885645389557,0.9860048710811335,0.07430227845907211,0.6963755769937869,0.24784158,0.0,0.12268621,0.1577224,0.47174987,0.0,0.0,0.15823933,0.27732357,2.1657257,2.707069,0.039559834,0.2819851,0.726314,1.9143388,0.7260387,2.2898765,0.0,0.21774077,Medullary_cords,0.0
CTGCAAGCACGTTCCG-1,1,61,111,5243,18691.0,5243,3722.7388,Medium-Low,2,13,3,5,7,1,3,4,3177.436230674032,1.0114042647073518,-0.03266573324799538,0.8639402633559228,0.1844041496515274,0.32930958762978296,0.09567546844482422,0.6150167774625236,0.11365094035863876,0.5498506507334473,-0.1895892173051834,0.31564996550942065,0.19795529544353485,0.29436407263644787,0.057001334,0.0917205,0.2114826,0.19961509,0.25845322,0.011141406,0.17058584,0.19466065,0.48414528,1.9921422,2.646947,0.19811344,0.41520214,0.31632376,1.3348337,0.8727473,2.6954079,0.107154,0.31399453,Medullary_cords,137.00364958642524
CTGCACAACTACATAT-1,1,50,76,5917,20023.0,5917,4130.002,Medium-Low,2,10,5,2,0,4,2,4,1658.096499001189,0.0,0.18282894790172577,0.3335299149603216,-0.5099444389343262,0.003992682295137693,0.06612259149551392,0.7284714745639969,-0.569385826587677,0.001023663995241333,0.35853111743927,0.051709182461974305,-0.2940444350242615,0.1147474224115071,0.033665497,0.0,0.288083,0.19057359,0.12802635,0.0037827813,0.3558688,0.39695752,0.60365915,2.001082,2.6081698,0.13720685,0.5600556,0.3250729,1.4422184,1.3079437,2.895113,0.40508214,0.8533944,Medullary_cords,479.00104384019875
CTGCACCTAGTCCACA-1,1,29,117,7117,27991.0,7117,4378.923,High,0,0,7,4,0,4,4,0,2269.1242804218546,0.5004024235381879,-0.3206683397293091,0.08404188435273047,-0.241461843252182,0.19862998597300266,0.39204347133636475,0.03213852358485629,-0.0808040052652359,0.6712222995719263,-0.31977441906929016,0.08495837364373267,0.0206737220287323,0.9136510444780018,0.07332828,0.0,0.049150843,0.19790979,0.32178813,0.116291255,0.24153166,0.06739503,0.66867876,2.2221637,2.7663465,0.038185634,0.22013757,0.4963717,1.9914037,1.1003108,2.180591,0.26958013,0.30066493,Medullary_cords,0.0
CTGCACCTGGAACCGC-1,1,15,49,6280,23567.0,6280,4046.3916,Medium-High,2,8,0,2,1,5,2,4,3846.164973060828,0.45056120886630463,0.3659893274307251,0.04669612696981431,0.012797916308045387,0.946485265892819,-0.36183640360832214,0.04943746907161721,-0.1873197853565216,0.32158467922626843,-0.6824820041656494,3.2592837745156986e-05,-0.030884776264429092,0.8712954036002136,0.064328514,0.0,0.24035917,0.19441037,0.2587249,0.0,0.24217713,0.2700873,0.47124875,2.1684866,2.665319,0.23042701,0.39190906,0.26633143,1.3955876,1.0421238,2.8638005,0.24204516,0.43530235,Medullary_cords,364.00137362378183
CTGCACTCCAGTACAG-1,1,54,70,4807,12861.0,4807,4126.2334,Low,2,2,0,3,2,7,0,3,2282.3575530578028,0.8675632284814613,0.24480421841144562,0.19229590861865872,0.1685478836297989,0.3732826358370069,-0.023243902251124382,0.9029634551023089,0.42035919427871704,0.020728566139344155,-0.18131908774375916,0.3376059844974063,-0.2945170998573303,0.11413819200435434,0.03364187,0.0024737,0.24285398,0.27490738,0.08310855,0.014030891,0.34898368,0.5990533,0.5927013,1.8188689,2.7643044,0.189165,0.71904725,0.28761646,1.2200621,1.1741358,1.9416345,0.23452176,0.45284712,Medullary_cords,137.55726080436466
CTGCAGAGAATCAGAG-1,1,61,101,6212,21124.0,6212,4198.66,Medium-High,1,13,3,3,7,1,6,5,2897.000690369265,0.410116318288409,-0.2230733036994934,0.23605355394861208,0.17693081498146057,0.34962346623888385,-0.10843004286289215,0.5684429289004832,-0.22955924272537231,0.22235172013430135,0.11169036477804184,0.5567991948621881,-0.2146533578634262,0.2546669371222735,0.019970506,0.0,0.05744875,0.083974294,0.12942126,0.37891284,0.3302723,0.39774254,0.6569251,2.2545419,2.820067,0.15893745,0.4719355,0.40989804,1.610317,1.1172497,2.418847,0.65759575,1.0030266,Medullary_cords,413.0012106519786
CTGCCAAGGTTGGAAG-1,1,21,77,6502,27308.0,6502,3938.855,High,2,3,0,2,4,2,2,4,2172.0497231877544,0.0,-0.26360654830932617,0.15927312982500091,0.10496936738491058,0.5809211751750866,-0.04816246032714844,0.8004737454959647,0.11649885773658752,0.5398298082828695,-0.030786613002419472,0.8717011179930831,-0.05113283544778824,0.7884368043807602,0.03196124,0.0,0.4197381,0.14837709,0.15377843,0.0,0.24614508,0.24088925,0.5422253,1.9826993,2.4176779,0.254393,1.0037436,0.443371,1.0378791,0.879652,3.0146012,0.5810114,0.2671388,Medullary_cords,238.76766950322232
CTGCCATGCATCACAT-1,1,40,62,4481,11865.0,4481,4025.355,Low,1,9,3,6,0,7,7,5,1805.562793147887,0.8675632284814612,0.16660328209400177,0.3789016474168445,0.10991407930850983,0.5631292922446345,-0.07691110670566559,0.6862430275584752,0.2979113757610321,0.10983370282745693,-0.08696442097425461,0.6477059601269397,-0.06651199609041214,0.7269327593169539,0.09210527,0.0007249974,0.16442753,0.0056396835,0.276352,0.025092216,0.43565834,0.15760717,0.27168638,2.368336,2.849371,0.0,0.38428265,0.42913657,1.4429866,0.51237684,2.0965588,0.0,0.47667786,Medullary_cords,137.92751719653333
CTGCCTAGCCACCAAG-1,1,8,80,5512,17212.0,5512,4212.758,Medium-Low,5,5,4,1,6,3,1,1,3635.2365810219285,0.8675632284814612,-0.10396071523427963,0.5845807621052193,0.1814611852169037,0.33722108911277837,-0.19773326814174652,0.29491693404023245,0.09265650808811188,0.6262682697403876,0.2865917682647705,0.12467572954876066,0.05005492642521858,0.7927994855848586,0.21768096,0.0031351587,0.032603905,0.14841977,0.56413627,0.0,0.034023885,0.21089086,0.28924772,2.1993256,2.9015324,0.22902563,0.6705522,0.36452532,1.8802063,0.9465302,2.0931115,0.0,0.07634188,Medullary_cords,0.0
CTGCCTTTAATACCTT-1,1,64,28,5340,16992.0,5340,4085.0488,Medium-Low,3,1,2,0,5,0,5,6,5172.669426901356,0.0,-0.20474539697170258,0.2777736797629665,-0.06922218948602676,0.716252666269415,0.08639728277921677,0.6498575057005954,-0.07965325564146042,0.6756498651182934,-0.13340404629707336,0.4821883744753632,0.363546222448349,0.04829376998074523,0.088914715,0.0,0.0,0.5975754,0.31142542,0.0,0.002084411,0.1512762,0.97129184,1.4920108,2.509382,0.17355739,0.650596,0.17355739,0.9003681,1.5490658,1.7461983,0.0,0.15427324,Medullary_cords,632.6784333292861
CTGCCTTTCTAGTAAA-1,1,63,93,6561,24905.0,6561,4274.5327,Medium-High,1,6,3,6,2,1,7,5,3014.6210375435253,0.6365141682948128,0.14099131524562836,0.4573897635860459,-0.20610380172729492,0.2745284259566994,0.13363660871982574,0.48141814206685346,-0.15584701299667358,0.4108602421580474,-0.4643196165561676,0.009742979922998685,0.04976649209856987,0.7939679283083477,0.048619963,0.0,0.029306583,0.121195085,0.05275948,0.22584383,0.5222751,0.38893062,0.66007984,2.1966474,2.804734,0.11588393,0.5104316,0.2739645,1.8163215,1.0153531,1.7331979,0.19763944,0.8817844,B_cell_zone,0.0
CTGCGACCTCGCCGAA-1,1,71,73,4732,17049.0,4732,3415.814,Medium-Low,2,6,5,2,2,1,2,4,4085.162665059985,0.0,0.10654016584157944,0.5752422939629654,0.07856810092926025,0.6798347933221762,-0.17185640335083008,0.3638353715391772,-0.1492348611354828,0.4312331125525841,-0.32945549488067627,0.07543062854557665,0.36866769194602966,0.044993233830318884,0.09876653,0.0,0.40663403,0.059521027,0.3551938,0.049921956,0.029962664,0.22392327,0.37432444,2.090973,2.3951867,0.21242711,0.40648037,0.1731007,1.4420094,0.77442324,2.7012987,0.19405329,0.598749,Medullary_cords,240.00208332429116
CTGCGATTTCGAGATT-1,1,72,60,5302,15486.0,5302,4190.4243,Low,3,4,2,0,2,1,5,6,4505.198996714796,0.0,-0.180680513381958,0.3393389643955132,-0.057431235909461975,0.7630741363454498,0.12922586500644684,0.496133456133869,0.10759206116199493,0.5714533199955047,-0.31699085235595703,0.08786118217140025,0.18486152589321136,0.3280903267281045,0.01877543,0.004277286,0.21448854,0.44822633,0.2362366,0.0,0.07799586,0.39788944,1.0065936,1.6372517,2.8541627,0.12456089,0.5592735,0.18684134,1.192414,1.3125896,2.000036,0.20731866,0.4008453,Medullary_cords,550.0009090901577
CTGCGGGTGAAATGTT-1,1,31,23,6911,26111.0,6911,4336.1333,High,2,7,5,3,3,6,6,3,4551.758451411937,0.0,0.0007789358496665955,0.9967405612730905,-0.03116636723279953,0.8701317499327089,-0.136630579829216,0.47155908090977894,0.40263932943344116,0.0273867215228602,-0.1211896538734436,0.523515374273483,-0.16396747529506683,0.3865959433371375,0.02298153,0.0024067648,0.18190719,0.059175827,0.18289228,0.22011296,0.33052352,0.41244322,0.49677595,2.1378787,2.82302,0.20724481,0.5857653,0.3839321,1.4427552,0.7932336,2.558924,0.5215675,0.65486205,Medullary_cords,496.9557324349926
CTGCGGTAGTCACGTG-1,1,10,92,6682,24610.0,6682,4352.21,Medium-High,3,12,7,7,6,3,8,2,3364.610675843492,1.2424533248940002,-0.44203653931617737,0.014455856002051353,-0.11572331935167313,0.5425500768702545,0.13967491686344147,0.46164314491983993,-0.05348076671361923,0.7789557408640527,-0.4324743151664734,0.016993543983715522,-0.33522161841392517,0.0701609680275803,0.07042547,0.0,0.09112581,0.23676631,0.27408582,0.0,0.32759658,0.40374017,0.6630397,1.9513394,2.7764337,0.21663354,0.98894125,0.7139659,1.4878563,1.1573485,2.2442307,0.1705184,0.3225573,Medullary_cords,138.00362314084367
CTGCGTTACGATATAA-1,1,16,90,6643,24851.0,6643,4392.271,Medium-High,3,5,2,7,4,3,8,2,2638.3041901949064,0.0,-0.6455535888671875,0.00011700555685489853,-0.3394223749637604,0.0665051013979382,0.19131815433502197,0.31117462633215004,0.36559516191482544,0.046951004533062016,0.08784016221761703,0.6443891332092193,-0.04666431248188019,0.8065619561329099,0.024538575,0.061710812,0.16044384,0.24631828,0.24414621,0.14046386,0.122378424,0.4741122,0.8673848,1.5934079,2.7999105,0.4548428,2.0008552,0.22578424,0.91924226,1.2999214,2.2509787,0.084545955,0.2674999,Medullary_cords,365.3833603217311
CTGCTCTGACGGCAAA-1,1,75,65,5575,18672.0,5575,4087.6018,Medium-Low,1,4,3,6,2,1,7,5,4706.302157745506,0.45056120886630463,-0.27099037170410156,0.14748553747577947,-0.3872465491294861,0.03449883792939902,-0.1850443184375763,0.32760381867961,0.04537103325128555,0.8118265563194482,-0.18162742257118225,0.336771145273321,0.2528732419013977,0.1775864588209354,0.026008125,0.054065373,0.040846765,0.13689908,0.35125694,0.13666928,0.25425455,0.44858164,0.31594196,1.9077606,2.8662302,0.30549774,0.19825973,0.37165096,1.5781987,0.9503974,2.3969111,0.0,0.62543947,Medullary_cords,240.0
CTGCTGAGGCCACGAA-1,1,49,35,5298,18674.0,5298,3721.1018,Medium-Low,2,9,5,2,3,7,2,4,3879.040345240044,0.45056120886630463,-0.2519391179084778,0.1792475322666613,-0.4147111177444458,0.022687695014724524,-0.04863131791353226,0.7985707243327874,0.17919759452342987,0.34338410500206457,0.21399784088134766,0.25615539670270676,0.2059311866760254,0.27493944313003893,0.045404777,0.0,0.2516949,0.15308917,0.21462816,0.19341584,0.14176719,0.1947346,0.41755193,2.1441178,2.7584016,0.1982272,0.53956705,0.3590562,1.4628413,1.1078943,2.99382,0.34673077,0.4551198,Medullary_cords,414.77222664976017
CTGCTTGGCGATAGCT-1,1,53,75,4587,13505.0,4587,3813.4126,Low,2,6,5,2,2,7,2,4,2007.1126027206346,0.0,-0.18261292576789856,0.3341112480937371,-0.09169594943523407,0.6298656912454779,-0.2172495275735855,0.24882784362893293,-0.07009798288345337,0.7128124923988148,0.23558184504508972,0.21012003152030043,-0.3027989864349365,0.10384998765532802,0.050724175,0.0,0.351018,0.1469301,0.32914433,0.025906071,0.09627734,0.25457805,0.36446908,1.8870237,2.8570247,0.11358487,0.20781925,0.5119493,0.7889464,0.9591162,2.6390548,0.13854617,0.63376635,Medullary_cords,238.40302011509837
CTGCTTTATGTCCGCG-1,1,20,112,6822,25859.0,6822,4400.628,High,0,12,7,4,4,3,4,0,2716.2858833340792,1.3296613488547582,-0.4005931615829468,0.028256698859915424,-0.2606582045555115,0.16416311430409886,0.13357889652252197,0.48160922223846,0.49021416902542114,0.0059591283163992325,-0.4862115979194641,0.006445370987478667,-0.2641197443008423,0.15843272686510157,0.11408787,0.07098997,0.04198613,0.23185092,0.10125667,0.20640852,0.23341992,0.0716162,0.6240506,2.1736317,2.8196702,0.15335287,0.36043844,0.6596849,1.9171069,1.0488876,1.8214964,0.16347334,0.47733626,B_cell_zone,0.0
CTGGAAATGGATGCTT-1,1,29,53,5889,20032.0,5889,4140.1685,Medium-Low,1,3,3,5,1,2,3,5,2639.493890881356,0.6365141682948128,-0.1235445961356163,0.5154161669356757,0.16495433449745178,0.3837046693401025,-0.26970696449279785,0.14948772892462778,-0.4683365821838379,0.009049287737983483,-0.49268680810928345,0.005674632909547246,0.18072855472564697,0.3392084012549124,0.058969174,0.07033215,0.13893132,0.05052908,0.11125938,0.19087237,0.37910652,0.27438775,0.66645205,2.3115027,2.9578629,0.2384119,0.32499284,0.2384431,1.666234,0.8301713,2.0378423,0.27434093,0.54872346,Medullary_cords,137.55726080436466
CTGGAAGACACGGTGG-1,1,50,88,6538,23062.0,6538,4427.6875,Medium-High,2,10,0,2,0,4,0,3,1438.005563271575,1.0986122886681096,-0.2019128054380417,0.2846198896873688,0.1488451361656189,0.43245091345138315,0.37878233194351196,0.03900363070149295,0.04281013086438179,0.8222748721761507,-0.1322915107011795,0.48588176752690476,-0.337860643863678,0.06784652869108981,0.09719465,0.005457181,0.27391362,0.16958502,0.2964615,0.024230728,0.13315724,0.37138125,0.67985106,2.2755823,2.922144,0.35032257,0.56638956,0.3649752,1.624975,0.98517346,2.278235,0.5216318,0.48473337,Medullary_cords,238.90793205751876
CTGGACGCAGTCCGGC-1,1,51,13,7039,29795.0,7039,4201.0244,High,2,7,0,2,3,0,2,4,5392.604287355044,0.0,-0.5007988810539246,0.004821063142749005,-0.02182183787226677,0.908874895333105,-0.2686638832092285,0.151129378661994,-0.11086282879114151,0.5597441802105833,0.3133566379547119,0.09176410621830028,-0.12371890246868134,0.5148191402869995,0.10950443,0.0,0.29684585,0.1018165,0.14119832,0.16434059,0.18629424,0.21529856,0.58262527,2.2971447,2.6453495,0.10037457,0.4002596,0.4486017,1.4952564,0.886106,2.650659,0.34545368,0.43989652,Medullary_cords,600.800299600458
CTGGATTTACACTTGA-1,1,49,55,3821,9014.0,3821,3882.4268,Low,2,2,0,3,3,7,0,3,2625.671914006013,0.6365141682948128,-0.0217121709138155,0.9093309767977866,-0.10485973209142685,0.581318461962827,-0.2292461395263672,0.22300052068363135,-0.18442632257938385,0.3292504157347705,0.22581401467323303,0.23019642751223202,0.03799429535865784,0.8420027323062695,0.039077748,0.0,0.20615906,0.20609108,0.30520913,0.0,0.24346301,0.45795488,0.6360726,2.185023,2.5710354,0.5193232,0.42602366,0.3327241,1.3627961,0.9146198,2.8063514,0.6654482,0.24419026,Medullary_cords,366.3659372812926
CTGGCATCCGAATGAG-1,1,48,26,6857,29188.0,6857,4043.387,High,2,7,5,2,3,6,2,4,4432.774413389429,0.0,-0.1823565512895584,0.3348019734937024,0.1537036895751953,0.41740411175201575,0.14954710006713867,0.4302587955314284,-0.03174567222595215,0.8677386535960196,-0.07637228816747665,0.6883314751804501,0.013170339167118073,0.9449302793352126,0.047477186,0.0,0.28917894,0.12956198,0.0,0.20749652,0.32628542,0.3060006,0.53523153,2.0859528,2.6906204,0.1815416,0.6113658,0.13889366,1.5093725,1.0922414,2.908679,0.5567433,0.34090203,Medullary_cords,365.3833603217311
CTGGCGACATAAGTCC-1,1,17,81,6054,20979.0,6054,4279.833,Medium-High,3,5,2,7,4,3,8,2,2560.9256139138442,0.0,-0.5615739226341248,0.0012421275472642278,-0.30734238028526306,0.09851038430350907,-0.39229804277420044,0.03201701265796762,0.07639005780220032,0.6882625645727739,0.10787682980298996,0.5704295046119202,0.12311111390590668,0.5169023834371365,0.05165974,0.0,0.1149116,0.3522771,0.17405109,0.21218705,0.094913386,0.26709557,0.8735172,1.5322019,2.325214,0.09745459,1.3803201,0.5365234,1.171304,1.702487,1.7650385,0.09745459,0.1949092,Medullary_cords,365.0986168146902
CTGGCGCACAGGTCTG-1,1,37,89,5556,16357.0,5556,4329.014,Medium-Low,3,0,2,0,0,4,5,6,138.42326394071193,0.45056120886630463,0.17051121592521667,0.3676592805461925,-0.006216100417077541,0.9739931604397472,0.1491302251815796,0.4315598911204483,0.05906187370419502,0.7565456624138001,0.3694767653942108,0.04448867794342684,0.11419612169265747,0.5479256596874911,0.063221365,0.0,0.1379098,0.4214053,0.24002764,0.01681764,0.120618254,0.38434705,0.9369422,1.7336497,2.8200016,0.23853898,0.72405726,0.3493254,1.3305393,1.5817039,2.1502068,0.23853898,0.5062648,Medullary_cords,240.0
CTGGCGGGAATAAGTA-1,1,20,22,6742,25472.0,6742,4262.5303,High,2,11,0,2,1,5,2,3,5028.451948661735,1.3296613488547582,-0.38975560665130615,0.03324740031393882,0.03978259861469269,0.834665415462841,-0.1445568948984146,0.44597431192059556,-0.3175502419471741,0.08727184478794954,-0.18053174018859863,0.33974348219752876,0.14965391159057617,0.4299257760883773,0.06778638,0.063676625,0.17418982,0.18572532,0.19607587,0.012181903,0.30036414,0.3648098,0.62395734,2.1259053,2.8042994,0.42700505,0.7192273,0.26288563,1.7530323,0.99857074,2.4876456,0.31048086,0.30913803,Medullary_cords,138.00362314084367
CTGGCTCCTGCGGGAT-1,1,7,27,6245,22476.0,6245,4211.338,Medium-High,3,8,2,0,1,5,5,6,5605.307574076555,0.0,-0.6379141807556152,0.0001492941975223797,-0.3665497601032257,0.04633563238383192,0.18117834627628326,0.33798746979752753,0.06414356827735901,0.7363073793593791,-0.1863560676574707,0.3241255521547373,-0.2880728244781494,0.12265398734761354,0.012707576,0.0,0.10633258,0.42211592,0.23110645,0.0,0.22773743,0.30054575,1.1029141,1.3620452,2.2771282,0.09202017,0.57291925,0.3235917,0.9372815,1.7562625,2.1064897,0.09202017,0.16743562,Medullary_cords,413.0012106519786
CTGGCTGATTCATCCT-1,1,44,96,5977,19070.0,5977,4354.3296,Medium-Low,1,10,0,3,0,4,6,3,906.2742410551014,0.6365141682948128,-0.2693243622779846,0.15008838579257053,-0.18957778811454773,0.31567968213033626,-0.1744202971458435,0.3566125224234944,0.011110946536064148,0.9535312448692352,0.1526395082473755,0.420674650212761,0.1665981411933899,0.37891656715456445,0.04581147,0.0018390229,0.18519472,0.10263159,0.07911211,0.3137838,0.27162734,0.68965405,0.58872527,2.0628684,2.8664186,0.6322968,0.7657979,0.5156878,1.4527621,0.88789505,2.1119342,0.31619272,0.6134603,Medullary_cords,364.3295211755424
CTGGCTGCTAACGTAA-1,1,5,25,7880,36645.0,7880,4333.568,High,3,8,2,0,1,5,5,6,5867.459416135744,0.45056120886630463,-0.4833441376686096,0.006814093665976848,-0.4108887016773224,0.02409789539713149,0.24508515000343323,0.19176999115523188,-0.030840560793876648,0.8714781447203989,-0.242662712931633,0.19633786184379215,-0.013641700148582458,0.9429624790049292,0.043029442,0.0,0.09525035,0.34262946,0.25755483,0.0,0.2615359,0.36113977,0.9255582,1.7453429,2.6592402,0.4825381,0.50620914,0.3579924,1.126746,1.4330997,2.3404698,0.16920386,0.43202302,Medullary_cords,275.98007174431996
CTGGCTGGTTGTCAGT-1,1,54,56,4796,14334.0,4796,3893.5474,Low,2,2,5,2,2,7,2,4,2919.809582832415,0.0,-0.3896988034248352,0.03327532007418319,0.06040529906749725,0.7511793726116147,0.025176284834742546,0.8949388531225148,0.014581834897398949,0.9390386729885344,-0.22010590136051178,0.24250654666466576,-0.02382735162973404,0.9005395419322122,0.07751673,0.00041764384,0.26143202,0.20866872,0.16815318,0.2838117,0.0,0.43490395,0.3705249,2.3322585,2.483171,0.3307751,0.7421526,0.24149777,1.3901614,0.99165744,2.8924022,0.13231005,0.51018333,Medullary_cords,275.98007174431996
CTGGGATAAATAATGG-1,1,38,84,5675,17851.0,5675,4260.261,Medium-Low,1,0,4,3,0,4,0,3,275.0018181758077,1.0114042647073518,0.23432616889476776,0.2126314466261354,-0.013040333986282349,0.9454730709992144,0.2266416996717453,0.2284469718349116,-0.033197395503520966,0.8617466917515948,0.02991219237446785,0.875316545200232,0.17116615176200867,0.36579457525178455,0.08443445,0.0,0.20473848,0.045120176,0.10898585,0.0,0.55672103,0.20259228,0.44487542,2.2024865,2.6793342,0.11121239,0.49534947,0.53890526,1.586854,0.9225386,2.4308398,0.22242478,0.51218283,Medullary_cords,138.42326394071193
CTGGGATACGCTACCC-1,1,37,117,6149,20172.0,6149,4312.1323,Medium-Low,2,0,0,3,0,4,0,3,1999.847994223561,0.8675632284814613,0.047683171927928925,0.8024202615311462,-0.17400385439395905,0.357779851947524,-0.025508716702461243,0.8935593657975074,-0.10614556074142456,0.5766665680661373,0.11626100540161133,0.5406634095461106,0.17490577697753906,0.35525454291119096,0.13145603,0.0034696178,0.21871,0.08490157,0.27356607,0.0,0.28789675,0.46064335,0.49524063,2.1778636,2.869102,0.22254604,0.6099057,0.33644125,1.456878,0.8356971,2.233618,0.10065471,0.37082368,Medullary_cords,276.84652788142387
CTGGGATCGCCCAGAT-1,1,1,63,7472,34162.0,7472,4390.786,High,4,5,1,4,6,3,4,7,4753.387213345868,0.7356219397587946,-0.05618850514292717,0.7680603175160097,0.09872633218765259,0.6037326958765414,0.2890978455543518,0.12126900679498596,-0.027616970241069794,0.884818025332184,0.04445554316043854,0.815558157797014,0.16212961077690125,0.3920138391441091,0.1872795,0.0,0.13784783,0.029935278,0.22208695,0.19953586,0.2233146,0.064189345,0.4487008,2.2346845,2.482357,0.15389358,0.3581655,0.9778362,1.8774035,0.6737035,2.0100248,0.0,0.25757098,Medullary_cords,0.0
CTGGGCCTGCTATATC-1,1,44,30,5613,16815.0,5613,4288.5654,Medium-Low,3,9,2,0,3,6,5,6,4057.0336454113863,0.6365141682948128,-0.3663008511066437,0.046495467170392775,0.1054009273648262,0.5793584943565462,-0.22157174348831177,0.23930438694203904,0.10532304644584656,0.5796403635936767,0.12644122540950775,0.5055390464978143,0.21352428197860718,0.2572342366870698,0.018940957,0.14432283,0.0,0.32475474,0.35100785,0.0,0.16097364,0.26887444,0.98965114,1.6756185,2.633895,0.4593107,0.56685024,0.25425562,1.2438083,1.5405723,1.6395208,0.37267065,0.20839643,Medullary_cords,238.40302011509837
CTGGGCGGCCAAATGT-1,1,1,73,6624,26109.0,6624,4250.1953,High,3,5,2,0,6,3,5,6,4550.152744688908,0.37677016125643675,-0.6630194783210754,6.532501337740482e-05,0.18053901195526123,0.3397237033032403,0.2958051562309265,0.11249019780007723,-0.2307875156402588,0.21981888075596953,-0.10691855847835541,0.5738780146902056,0.05705372989177704,0.7645878231207819,0.07750269,6.326971e-05,0.10895858,0.4477981,0.13418142,0.17983559,0.05166039,0.17426857,1.0538654,1.8160043,2.4696772,0.31887457,0.7860451,0.50857407,1.1610775,1.548479,1.9451625,0.22324754,0.45580804,Medullary_cords,364.6601157242179
CTGGGCTATCCTTTGG-1,1,6,108,5996,20006.0,5996,4311.4766,Medium-Low,5,12,4,1,4,3,1,1,4072.6305995019975,0.9556998911125343,0.10356186330318451,0.5860306654521426,0.26321056485176086,0.1599237621884266,-0.10333067923784256,0.5868717851658638,-0.3658372461795807,0.04679433593959334,-0.6020153164863586,0.0004321851851447736,0.26668739318847656,0.15427560326709622,0.14015087,0.10613974,0.19615105,0.17494616,0.0,0.025172342,0.35743985,0.1879878,0.65219814,2.1762104,2.8320098,0.10135378,0.5543489,0.39524668,1.7954513,1.0646678,2.290655,0.10135378,0.5864359,Medullary_cords,137.0
CTGGGTAGGCAGTTAA-1,1,43,79,5244,13870.0,5244,4346.955,Low,5,2,4,1,0,4,1,1,862.0469824783333,0.45056120886630463,0.021712448447942734,0.9093298225568944,-0.21482737362384796,0.2542727627049891,0.05661294609308243,0.7663563110883673,0.05893745273351669,0.757043226081548,-0.3696272671222687,0.04439532133091998,-0.07166659832000732,0.7066646899595609,0.13388196,0.006394609,0.0,0.16193004,0.4274382,0.0,0.27035514,0.34754062,0.6192214,2.4801788,2.91074,0.17947105,0.6177049,0.46068895,1.8899305,0.95246875,1.9818923,0.0,0.090487406,Medullary_cords,0.0
CTGGGTTGAGTTAAAG-1,1,53,11,8156,37621.0,8156,4434.4546,High,2,7,0,0,5,0,0,3,5596.759419521264,0.6931471805599453,-0.4572868347167969,0.011065304435181767,0.07745543867349625,0.6841355073078731,-0.044354312121868134,0.8159710270469447,-0.21715129911899567,0.249047146545765,-0.015819495543837547,0.9338752410234,-0.03830638900399208,0.8407212755535223,0.026759872,0.042604275,0.24383189,0.22117193,0.09763455,0.11211833,0.25587913,0.25978962,0.74021655,1.9319384,2.5865803,0.37103397,0.53817505,0.41402394,1.1946691,1.2500657,2.3810005,0.4342478,0.49410397,Medullary_cords,364.3295211755424
CTGGTAAAGTGTGGGC-1,1,60,114,7073,28287.0,7073,4365.433,High,0,13,3,4,7,1,4,0,3185.5575650111864,0.7356219397587946,-0.008597931824624538,0.9640335841577722,0.19728195667266846,0.29604275231461513,0.17049281299114227,0.3677117572871895,0.16036397218704224,0.3972595810868977,-0.0003710482269525528,0.9984473542728111,0.2999080717563629,0.10735887574330176,0.13992022,0.0,0.0,0.24274226,0.3617871,0.0,0.25555038,0.4075016,0.78412664,2.2449403,2.882483,0.20937896,0.4413215,0.48187283,1.9346273,0.99828506,1.8167686,0.20937896,0.1900404,B_cell_zone,0.0
CTGGTAACACATAGAA-1,1,42,88,6964,25421.0,6964,4634.1094,High,4,10,1,4,0,4,4,7,479.00104384019875,0.6365141682948128,-0.05068689212203026,0.790240943060218,-0.1258932501077652,0.5074003145679715,-0.03853868693113327,0.8397677188258061,-0.29445040225982666,0.1142240141909251,-0.2841508090496063,0.1280612384311744,0.0986613780260086,0.603972020072913,0.16826396,0.0,0.13639669,0.13682877,0.26676655,0.0020276846,0.28971636,0.21888316,0.37959468,2.2460055,2.7899547,0.041468933,0.44589818,0.9060937,2.0070844,0.9500243,2.056182,0.0,0.34274885,Medullary_cords,0.0
CTGGTAACGAGCTCTT-1,1,29,97,5943,19137.0,5943,4242.4785,Medium-Low,1,0,0,3,0,2,0,3,1242.95213101712,1.2424533248940002,-0.36970236897468567,0.04434879391262546,0.15489231050014496,0.41376794098660746,-0.30339759588241577,0.10313430702410167,-0.09208362549543381,0.6284127872223295,-0.05524120107293129,0.7718672796425928,0.2908964157104492,0.11886682052806656,0.048600644,0.06578525,0.12070144,0.17855768,0.048934877,0.17720419,0.36021593,0.3182371,0.6656207,2.1924572,2.8466616,0.2102195,0.54387194,0.34088084,1.3971181,1.0853825,2.205756,0.2102195,0.496638,Medullary_cords,238.76766950322232
CTGGTCATTCCAATCC-1,1,23,15,6711,25828.0,6711,4282.7046,High,5,11,4,1,1,6,1,1,5336.056315295033,1.3296613488547582,-0.27803662419319153,0.136837153385204,0.118785060942173,0.5318485100334348,0.21733026206493378,0.24864769297876196,-0.06561446934938431,0.7304808525722072,-0.5949926972389221,0.0005243836370627475,0.17126645147800446,0.365509499691839,0.19564264,0.0047442643,0.18494044,0.36769196,0.23380294,0.013177732,0.0,0.31814232,0.9137511,2.1462245,2.8684645,0.18426783,0.78150713,0.27188691,1.8394878,1.21891,2.106251,0.28671804,0.2340465,Medullary_cords,0.0
CTGGTCCTAACTTGGC-1,1,7,65,4373,12283.0,4373,3828.6675,Low,2,5,3,2,6,3,2,4,4036.2290569292522,1.3296613488547582,-0.288390189409256,0.12222393030812168,-0.015706190839409828,0.9343478339634604,0.01926308497786522,0.9195233004670621,-0.2555299997329712,0.1729214670316825,-0.37929195165634155,0.03871968875127022,0.33746537566185,0.06818935077130148,0.04225903,0.10422563,0.23674306,0.06437748,0.2843437,0.0076558203,0.2603953,0.12079057,0.60919166,2.3312194,2.9607816,0.24158114,0.68534064,0.19524156,1.7597504,1.086537,2.5949614,0.24158114,0.4213762,Medullary_cords,138.0
CTGGTGAATGGGCCTA-1,1,65,19,2169,4166.0,2169,3210.8357,Low,3,1,7,0,5,0,5,6,5746.571151565079,0.6931471805599453,-0.5137843489646912,0.0036831348280718266,0.1311713308095932,0.48961509993364755,0.12834575772285461,0.49909659445628896,-0.30323511362075806,0.10332819873094068,-0.3283297121524811,0.07649419089294476,0.18191362917423248,0.3359973439444368,0.058413807,0.0066937744,0.41153637,0.15444586,0.042383615,0.10248343,0.22404316,0.0,0.0,1.6954634,2.8029654,0.0,0.6357692,0.5257209,1.3133692,0.9367093,1.8517622,0.0,0.70096123,Medullary_cords,137.0
CTGGTTCAACGCATCA-1,1,8,38,7181,29144.0,7181,4324.4873,High,3,8,2,0,1,5,5,6,4975.412043238228,0.0,-0.23170426487922668,0.2179412415066314,-0.43454509973526,0.01641478340779913,-0.34192803502082825,0.06439613128472273,0.0960252434015274,0.613718638065962,-0.08541864156723022,0.6535766554450355,0.3351670205593109,0.07020948876822576,0.02830396,0.00070612517,0.15589598,0.45278704,0.25019655,0.007488873,0.10462151,0.24975999,1.002973,1.6249415,2.4173005,0.17593749,0.5910861,0.2275285,0.9621692,1.6576092,2.2163372,0.07374952,0.4290654,Medullary_cords,691.1215522612503
CTGGTTTCGAGCAAGA-1,1,46,88,5758,17286.0,5758,4401.328,Medium-Low,0,10,4,4,0,4,4,0,959.0046923764241,0.6931471805599453,-0.15882080793380737,0.40187693670975394,0.1692577749490738,0.37124359068732593,0.2341003715991974,0.2130852164787894,0.0060057491064071655,0.9748729456038302,-0.20725955069065094,0.2717866720218617,-0.12604433298110962,0.5068868029032666,0.14676198,0.11575362,0.0,0.3104502,0.27249753,0.00062989525,0.15390685,0.15316278,0.80410206,2.2443457,2.96503,0.17119472,0.7590484,0.23992866,2.0821738,1.231345,2.1094623,0.0,0.3518798,Medullary_cords,0.0
CTGTACTTCTTAGCAT-1,1,39,51,3795,10092.0,3795,3682.0518,Low,1,9,3,5,3,7,3,5,2549.1159251787667,0.0,-0.10734483599662781,0.5723428265295245,0.060385674238204956,0.7512576825173067,-0.061200760304927826,0.7480072521818344,0.05418293923139572,0.7761262958195649,-0.18838433921337128,0.31879228092329126,-0.03237590193748474,0.865136489596774,0.07308569,0.12552422,0.08096163,0.18160641,0.14796643,0.0,0.39085558,0.17214468,0.5041874,2.246962,2.9081376,0.17214468,0.49576592,0.39478153,1.7715235,0.9906907,2.1641946,0.0,0.6113091,Medullary_cords,138.06158046321215
CTGTAGCCATCTCACT-1,1,56,46,6455,28768.0,6455,3651.4626,High,2,2,5,2,5,0,2,4,3606.6001996339987,0.0,0.2150232493877411,0.25382955204098734,0.0878622755408287,0.644305466307477,0.038006991147994995,0.8419505956428694,-0.05808006972074509,0.7604745083553733,-0.49426281452178955,0.0054994075413252455,0.26154065132141113,0.1626884594215548,0.021330068,0.046767745,0.30271578,0.12705246,0.25320676,0.0075621726,0.241365,0.22877695,0.5185423,1.957768,2.4196246,0.33849758,0.6204906,0.3270798,1.165247,0.8137162,3.1979153,0.28112647,0.5381665,Medullary_cords,497.96586228375133
CTGTAGTGAGGATCGA-1,1,69,43,7158,28399.0,7158,4413.994,High,1,4,0,3,5,0,0,3,4835.450857986254,1.0986122886681096,-0.43084993958473206,0.017459289113195164,-0.3475549817085266,0.05985020932828898,-0.002077065408229828,0.9913087083244972,0.24607247114181519,0.18992961273208966,0.0595199391245842,0.7547146667737537,-0.02777860127389431,0.8841483966467032,0.06248506,0.0,0.20629562,0.12452966,0.06742357,0.13468681,0.40457928,0.574122,0.65950465,1.9729798,2.8377986,0.25507385,0.5382428,0.43763673,1.3320618,0.9876275,2.346018,0.34199154,0.51669633,Medullary_cords,498.7604635493876
CTGTATGGTGTAGAAA-1,1,20,32,7011,27193.0,7011,4419.0923,High,3,11,2,0,1,5,5,6,4416.437025476533,0.6365141682948128,-0.566577136516571,0.001097994320662328,0.15735912322998047,0.4062784232011957,-0.05033179745078087,0.7916782991157679,-0.16100643575191498,0.39534619787745834,0.07756450772285461,0.6837134975327951,0.14909064769744873,0.4316835271390431,0.047512945,0.0013869433,0.048023615,0.46947938,0.32295942,0.0,0.11063774,0.21061337,0.90766704,1.6630042,2.6053462,0.10806224,0.6304548,0.34821087,1.288292,1.4995011,1.9947693,0.0,0.22831202,Medullary_cords,276.3494165001982
CTGTCAAATGGCTCGG-1,1,23,83,5622,16966.0,5622,4377.9937,Medium-Low,5,5,4,1,4,2,1,1,1829.4042746205662,0.8675632284814612,-0.3646078407764435,0.04759428787813946,-0.043343693017959595,0.8200954522690627,-0.05103040114045143,0.7888511250589659,-0.1451275646686554,0.444161630036944,-0.1681917905807495,0.37430791740261626,0.21991728246212006,0.24292064630272706,0.13084751,0.0,0.0,0.1790331,0.26308492,0.24756658,0.17946789,0.43781474,0.44061652,2.404989,2.9130847,0.11584137,0.9478113,0.46580726,2.0012,1.0341465,2.060261,0.23168273,0.54642963,Medullary_cords,0.0
CTGTCACGCCAGGCGC-1,1,10,98,6954,29056.0,6954,4245.8037,High,5,12,3,1,4,3,1,1,3423.417298548338,1.2424533248940002,-0.16627593338489532,0.37985234887074487,-0.17953312397003174,0.3424663015897464,0.11756769567728043,0.5360913754098083,-0.1247038021683693,0.5114520977783876,0.05392079055309296,0.7771823127850549,0.11081773787736893,0.5599048519509839,0.15059564,0.15470332,0.050484184,0.109842375,0.22686213,0.0,0.30751246,0.30201894,0.43546978,2.2013893,2.8127868,0.23915198,0.83143276,0.36748788,1.748353,0.84882176,1.7797362,0.13093789,0.13658865,Medullary_cords,138.0
CTGTGCAGGGTAGGTC-1,1,42,70,4144,9759.0,4144,4094.8628,Low,4,2,1,4,0,7,4,7,1328.5209821451824,0.45056120886630463,-0.2158443182706833,0.2519772418735889,-0.23578573763370514,0.20971415944258653,0.07578331232070923,0.6906169033702458,0.07958890497684479,0.6758977725531741,-0.007266211323440075,0.969601584960847,-0.10118202865123749,0.5947143982912689,0.16434394,0.31148267,0.16166653,0.22578906,0.002963343,0.03914534,0.094609044,0.08818388,0.7094508,2.49569,2.8712487,0.0,0.51937956,0.6677023,2.243565,1.043864,2.0810611,0.0,0.4209921,B_cell_zone,0.0
CTGTGGTCGGGAGATA-1,1,55,89,6206,19991.0,6206,4401.9233,Medium-Low,3,6,0,0,0,4,0,3,2037.344349882955,1.0114042647073518,0.031152620911598206,0.8701885494286294,0.17081594467163086,0.366790974811873,-0.028012394905090332,0.8831799407212623,0.2809758186340332,0.13256526961956844,-0.22988496720790863,0.22167812322952343,-0.13293083012104034,0.4837575905026675,0.12458242,0.0,0.13047399,0.3303395,0.19174677,0.0,0.22285737,0.11457011,0.86640745,2.2619956,2.7369113,0.37615064,0.4952506,0.20280759,1.7090929,1.2773296,2.339134,0.37615067,0.29872662,Medullary_cords,239.26763257908496
CTGTTACCCAATCTAG-1,1,48,58,4963,13405.0,4963,4215.9067,Low,1,2,0,3,3,7,6,3,2387.268941698861,0.6931471805599453,-0.1268213987350464,0.5042497389572248,-0.1956024169921875,0.30025629588388997,-0.29773133993148804,0.11005892656449036,-0.16154402494430542,0.3937492050592155,0.4285498261451721,0.01813682689206043,-0.18314452469348907,0.33268178170768553,0.020036273,0.00269617,0.3029967,0.14703946,0.0,0.016750265,0.5104812,0.3083741,0.5161387,2.1771073,2.6510308,0.37803933,0.42624977,0.13933048,1.6278363,1.0984046,2.4779625,1.0073354,0.6851897,Medullary_cords,552.6988330003963
CTGTTCACTGCCTGTG-1,1,22,56,5758,17223.0,5758,4406.197,Medium-Low,0,3,7,4,1,2,4,0,2919.3783584866146,0.6931471805599453,0.09345263242721558,0.6232930301189369,0.10220953822135925,0.5909583220283923,0.33153828978538513,0.07349305930295175,0.005539672914892435,0.9768223904001816,-0.1652306765317917,0.3828972982487224,-0.04235843941569328,0.8241208925411706,0.13093041,0.19436137,0.0,0.25699413,0.32778963,0.0,0.08992451,0.12608403,0.8427728,2.1881301,2.9034767,0.15356877,0.44258592,0.40000167,2.1207035,1.067838,1.9572586,0.0,0.24441835,B_cell_zone,0.0
CTGTTCATCTCACGGG-1,1,22,34,5300,16950.0,5300,4026.7407,Medium-Low,1,11,3,5,1,5,3,5,4182.096722936953,0.45056120886630463,-0.574042022228241,0.000910102310762029,0.3987498879432678,0.029059549545999434,0.15490247309207916,0.4137369287054929,-0.221415713429451,0.23964389038874784,0.17318345606327057,0.36008614824006857,0.3542626202106476,0.05476414432572475,0.039872386,0.15693942,0.10679327,0.31775257,0.34161234,0.009547128,0.027482932,0.34560305,0.35436213,1.9643389,2.7547889,0.18531634,0.7265041,0.42279375,1.5275732,1.0831859,2.1474361,0.11592886,0.15457182,Medullary_cords,238.40302011509837
CTGTTGTTCAGTCGTA-1,1,67,21,6212,21579.0,6212,4230.2676,Medium-High,3,1,2,0,5,0,5,6,5773.459448199147,0.6365141682948128,-0.46643006801605225,0.009373144671233463,0.04584120586514473,0.809911663761064,-0.2223169505596161,0.2376873257209824,0.1250356137752533,0.5103201978997386,0.03495064377784729,0.8545202343075157,0.07678267359733582,0.6867406263256118,0.055771142,0.0,0.18827179,0.42034534,0.21697842,0.0,0.11863329,0.28737578,1.0841618,1.8394263,2.735516,0.1428004,0.61670846,0.1786827,1.137959,1.5444477,2.2359657,0.0,0.38149488,Medullary_cords,240.0
CTTAACTTCGAAGTAC-1,1,11,63,6070,19872.0,6070,4335.4087,Medium-Low,5,8,4,1,6,3,1,1,3663.6513207454664,1.0986122886681096,-0.3704279363155365,0.04390128683837928,-0.08309449255466461,0.6624416910388655,-0.3699983060359955,0.04416583206416099,0.181436687707901,0.33728742579139,0.30065464973449707,0.10644432462901626,-0.09441915899515152,0.6196887702317072,0.13819166,0.0038989778,0.0,0.21731666,0.18553202,0.39249384,0.06256686,0.2081204,0.7687886,2.1886222,2.6840827,0.1889478,0.3908772,0.36303845,1.7808616,1.2766627,1.7133574,0.10190247,0.5515683,B_cell_zone,137.55726080436466
CTTAATCGACTTAGTA-1,1,76,64,5051,15918.0,5051,3922.0215,Low,1,4,3,6,2,1,3,5,4842.52176040542,0.9743147528693494,-0.13865655660629272,0.4649478097107024,-0.39753884077072144,0.02959705483539826,-0.34389397501945496,0.06277825390281865,0.07697969675064087,0.685977336248708,0.02359359711408615,0.9015105600948294,0.273965448141098,0.14291888218119045,0.058447827,0.10192896,0.18043824,0.14283243,0.2125112,0.020967228,0.28287417,0.38863719,0.46503192,1.9903792,2.812281,0.2437436,0.41887075,0.19336174,1.4929922,1.000598,2.1428473,0.0,0.5725664,Medullary_cords,138.42326394071193
CTTACACGGTATTCCA-1,1,31,45,5373,16943.0,5373,4068.272,Medium-Low,2,3,5,2,3,6,2,4,3076.362299860015,0.6931471805599453,-0.19757473468780518,0.2953120940466593,0.19076408445835114,0.3126045024944886,0.15374600887298584,0.4172743458514079,-0.0901937186717987,0.6355083975520535,-0.44480520486831665,0.013783044654729832,0.04918743669986725,0.7963149898363143,0.0864396,0.10032929,0.2074847,0.25216073,0.2162783,0.01025345,0.12705387,0.17174834,0.57727766,2.2391257,2.7789342,0.057983592,0.57833916,0.54057944,1.6515255,0.91856873,2.6607015,0.0,0.45438972,Medullary_cords,137.0
CTTACACTGGGAAATA-1,1,16,48,6465,23976.0,6465,4159.3184,Medium-High,2,8,0,2,1,5,2,4,3811.0345052229586,0.0,0.023587040603160858,0.9015377979097393,-0.20592127740383148,0.2749630503432059,-0.15286263823509216,0.41998773123323113,-0.24171361327171326,0.19814790252618747,-0.4202597141265869,0.020761825069526948,0.10490638017654419,0.5811494080287631,0.008547739,0.0,0.2744903,0.13589239,0.0941171,0.19135003,0.29560235,0.29131415,0.7001215,1.9223047,2.6737893,0.27105528,0.45641676,0.38382107,1.252507,1.1043452,3.0529273,0.20287734,0.48636407,Medullary_cords,413.0012106519786
CTTACATAGATTTCTT-1,1,74,82,3116,6404.0,3116,3721.0518,Low,5,6,4,1,2,1,1,1,4331.694010430561,1.0986122886681096,-0.418205201625824,0.021458591645241505,0.05591003969311714,0.769178851412155,0.19546011090278625,0.30061503370478343,-0.08310279250144958,0.6624099518566415,-0.12486396729946136,0.5109055761912741,0.23722104728221893,0.20687218728233384,0.13143362,0.001713977,0.22579244,0.25603303,0.0797352,0.011324161,0.29396755,0.1175872,0.6800221,2.4063842,2.7711093,0.1175872,0.5298505,0.35417774,1.643374,1.1484288,2.1428227,0.2351744,0.47034883,Medullary_cords,138.00362314084367
CTTAGATGTTTCATCC-1,1,74,72,3399,7828.0,3399,3654.2947,Low,2,4,5,2,2,1,0,4,4450.787121397742,0.0,-0.13753141462802887,0.46861339888109405,0.02820495143532753,0.8823824273240222,0.11903753131628036,0.530970597060664,-0.1831711232662201,0.3326103565117637,-0.221270352602005,0.23996046748466657,0.34290143847465515,0.06359104868927071,0.054296065,0.0,0.1936041,0.11812691,0.18838613,0.41709146,0.028495355,0.1028829,0.55620676,2.0410047,2.7416117,0.1028829,0.0,0.1028829,1.5460562,1.1871288,2.2668953,0.2057658,0.77212226,Medullary_cords,138.42326394071193
CTTAGCCTTCCACATG-1,1,22,78,5853,20806.0,5853,3986.7527,Medium-High,2,3,5,2,4,2,2,4,2035.59450775443,0.0,-0.24638403952121735,0.1893514068712183,0.06373251974582672,0.737938204630999,-0.3124638795852661,0.09274271125611855,0.10109992325305939,0.5950149800142176,-0.021005358546972275,0.912271130139292,-0.015377618372440338,0.9357184299945407,0.09710698,0.0,0.3817651,0.13826606,0.0,0.22608826,0.15677357,0.16066064,0.5232068,2.0676534,2.441667,0.23218077,0.83190846,0.3928414,1.3852011,0.8700789,3.0514722,0.29436275,0.47587,Medullary_cords,275.98007174431996
CTTAGGTATAGACCAG-1,1,63,15,3156,6689.0,3156,3761.2146,Low,4,1,6,4,5,0,4,7,5849.989145289075,0.0,0.07626595348119736,0.6887438919716766,0.08003206551074982,0.6741911953622202,0.1920796036720276,0.309216234835108,0.25151148438453674,0.1800115883930286,0.21705780923366547,0.24925598881505606,0.2961079776287079,0.11210534240833624,0.15472257,0.0014746104,0.030134456,0.19751698,0.0,0.61615133,0.0,0.0,0.5983049,2.105485,2.6717913,0.0,0.2873095,1.0160173,1.5731927,1.090042,1.5511143,0.0,0.30482155,B_cell_zone,138.0
CTTAGTAGGCCTACAG-1,1,32,102,6580,22489.0,6580,4588.798,Medium-High,4,0,1,4,0,4,4,7,1202.2000665446662,0.6365141682948128,-0.5959445834159851,0.0005109509961669297,-0.1584618240594864,0.4029554107381695,0.26921772956848145,0.1502561007051564,-0.07249981164932251,0.7034064275696941,-0.6035954356193542,0.0004135278543606438,0.007963165640830994,0.9666873874616814,0.2584379,0.0,0.08961973,0.0,0.55334556,0.0,0.09859678,0.18547454,0.37060753,2.281121,2.7229352,0.17149618,0.3592045,1.042347,1.9462055,0.7824789,1.9163611,0.09196882,0.20257545,B_cell_zone,0.0
CTTAGTGTAGTAGCAT-1,1,61,83,5885,18512.0,5885,4384.5527,Medium-Low,4,6,7,4,2,1,4,7,2776.5275075172585,1.0114042647073518,-0.18547046184539795,0.3264713443800284,0.16925537586212158,0.3712504706454272,0.05769885703921318,0.7620015733812969,-0.04243478924036026,0.8238087931241092,-0.4375815689563751,0.015595777525990217,0.20839810371398926,0.2691031008975705,0.10378855,0.099474885,0.036876485,0.2472452,0.44591624,0.024335194,0.04236343,0.22840047,0.5001461,2.1963902,2.6572962,0.053988237,0.53196216,0.8488984,1.7951922,1.0736793,2.136369,0.18313769,0.304534,Medullary_cords,137.0
CTTAGTTGAGGAATCG-1,1,67,33,6428,23647.0,6428,4258.215,Medium-High,3,1,2,0,5,0,5,6,5137.80283778971,0.45056120886630463,-0.30865222215652466,0.09701017186877965,-0.3000137507915497,0.10722906378067633,-0.12116358429193497,0.5236053778126609,0.03363271430134773,0.8599513706150158,-0.08264386653900146,0.6641657539500064,0.1878965198993683,0.32006999653783996,0.061235435,0.0,0.0,0.41605008,0.3561861,0.0,0.16652837,0.39735526,0.99190617,1.618087,2.5988076,0.26719138,0.6695274,0.3621067,1.0011041,1.6016057,1.8468232,0.0,0.273071,Medullary_cords,497.9317222270539
CTTATGCGCTCAGGGC-1,1,43,11,6318,25368.0,6318,4050.6226,High,5,7,4,1,3,6,1,1,5334.223936056678,0.0,-0.40447860956192017,0.026623459927183027,0.37672796845436096,0.04016524004223938,0.13963966071605682,0.4617573464580603,-0.24666012823581696,0.18884006952614885,-0.2985899746417999,0.10898787295943274,0.5375515818595886,0.002188061189819734,0.19190368,0.18208118,0.063008055,0.15748037,0.13043179,0.04257102,0.23252387,0.2221906,0.49284616,2.3955693,3.0552309,0.04154126,0.5134255,0.311499,2.1693714,0.8120345,1.6992649,0.16616504,0.37095487,B_cell_zone,0.0
CTTATGTTGACTACCA-1,1,13,27,7164,29127.0,7164,4276.69,High,1,11,0,3,1,5,6,3,5157.004169088871,0.6365141682948128,-0.6651231050491333,6.074227181038938e-05,-0.39494651556015015,0.03077479075011269,0.02531157061457634,0.8943774233652172,0.19494278728961945,0.3019214224327833,-0.18979999423027039,0.31510224345894017,0.15891383588314056,0.4015977256560056,0.043443028,0.04616915,0.11800086,0.1787104,0.08375777,0.12189489,0.4080239,0.2867458,0.67895347,2.1860628,2.8023677,0.31566262,0.4721519,0.18446699,1.2399887,1.2663683,2.2743223,0.24984714,0.42088354,Medullary_cords,364.00137362378183
CTTCAACTCCACTTGG-1,1,59,77,4631,11866.0,4631,4164.012,Low,0,6,0,1,2,1,1,0,2626.64995764567,1.0114042647073518,-0.48638468980789185,0.006423666925512544,0.1509741097688675,0.42582133248800913,0.25809812545776367,0.1684950579181167,-0.13749104738235474,0.46874519124025127,0.02840465120971203,0.8815554477324875,0.08769670128822327,0.6449320284423672,0.13678256,0.0028288113,0.1672308,0.0,0.24850255,0.041944433,0.4027109,0.19988978,0.299722,2.4006033,2.9256048,0.15281394,0.43389636,0.44685543,2.0893347,0.5919594,2.0396094,0.30562788,0.37477657,B_cell_zone,0.0
CTTCACGCCCTGGTAC-1,1,71,21,6714,24377.0,6714,4471.4736,Medium-High,0,1,4,1,5,0,4,0,6073.853801335689,0.0,0.03964531421661377,0.8352282125302837,-0.03302375599741936,0.8624629964905113,0.2464236170053482,0.1892780471948989,0.014455095864832401,0.939567559468301,-0.039111800491809845,0.8374161057489439,0.3501802980899811,0.05781722277607311,0.2724439,0.011292227,0.0,0.29013726,0.2926553,0.054526053,0.0789453,0.117861226,0.7663735,2.3842225,2.8307693,0.042971443,0.5901047,0.44659594,2.0758636,0.9198512,1.7273183,0.17188577,0.29955912,B_cell_zone,0.0
CTTCAGTGGTCGCCTA-1,1,54,18,5743,17797.0,5743,4237.0474,Medium-Low,2,7,0,3,5,0,6,3,5185.728492699941,0.45056120886630463,0.193772092461586,0.3048909221807602,-0.2933409512042999,0.11565863439636737,-0.18581002950668335,0.32557066826434106,0.08147427439689636,0.6686483575048509,0.09240132570266724,0.6272231468935175,0.317290723323822,0.0875448811460572,0.064008065,0.0026544782,0.31013572,0.0653723,0.07818545,0.016351443,0.46329254,0.31099555,0.79246944,2.1938674,2.895155,0.42858082,0.3939569,0.27871165,1.471487,0.85642505,2.638968,0.9873744,0.5350791,Medullary_cords,601.4000332557357
CTTCAGTTGGACAACG-1,1,73,91,6967,27633.0,6967,4478.5767,High,4,6,1,4,2,1,4,7,4197.612773946639,0.0,-0.014235073700547218,0.940485779481593,-0.087480328977108,0.6457511786880118,0.19808629155158997,0.2940381926442529,-0.0034442301839590073,0.9855884028152554,-0.6163564324378967,0.00028706062307039796,-0.03341691568493843,0.8608412720680924,0.18422467,0.0,0.105481446,0.0984259,0.33279902,0.26604852,0.01302045,0.106679425,0.45507294,2.0677109,2.546016,0.07722247,0.48341215,0.8265708,2.0377378,0.82070327,1.8295243,0.07722247,0.19372089,B_cell_zone,0.0
CTTCATAGCTCAAGAA-1,1,19,37,6867,26994.0,6867,4311.0493,High,3,11,2,0,1,5,5,6,4183.484791414928,0.0,-0.38877779245376587,0.03373066415072296,-0.11939172446727753,0.5297401370216431,-0.14008523523807526,0.46031514083280123,0.22511303424835205,0.23168509486506123,0.3747265040874481,0.04132344120159646,0.38192832469940186,0.03727718212703382,0.02682433,0.0,0.16663782,0.4509793,0.22357821,0.0,0.13198033,0.24243295,1.1837015,1.5610042,2.5365002,0.31573328,0.6902976,0.39451858,0.9284204,1.7494156,2.2423778,0.07878528,0.3196099,Medullary_cords,600.204131941792
CTTCATCACCAGGGCT-1,1,77,87,4535,12150.0,4535,4087.629,Low,0,6,7,4,2,1,4,0,4672.34769682223,0.6931471805599453,-0.3197920620441437,0.08494021166054205,0.2798251807689667,0.13422584496559056,0.25308558344841003,0.1772103860917238,0.047371119260787964,0.8036882133103819,-0.08144557476043701,0.6687584936016484,0.28961288928985596,0.12057747363819755,0.13109867,0.0,0.0,0.20236315,0.0910384,0.32113937,0.25436035,0.0,0.723107,2.2952058,2.6913285,0.15015496,0.670629,0.3807426,2.0237446,1.1450447,1.9819064,0.24330923,0.42451563,B_cell_zone,0.0
CTTCATTGTCAGTGGA-1,1,36,60,4483,13651.0,4483,3665.0176,Low,2,9,5,2,0,7,3,4,1942.2690338879422,0.6615632381579821,0.20798061788082123,0.27008511209603325,0.2624090313911438,0.16124655444901465,-0.15246394276618958,0.42121557703995627,0.03176063299179077,0.8676768660784981,-0.07093486189842224,0.7095303276866015,-0.1055820882320404,0.5787030662305205,0.03377181,0.0,0.24142681,0.07246436,0.2692039,0.0,0.38313308,0.13739815,0.34451115,2.2071874,2.5236201,0.13739815,0.21400075,0.38757503,1.2638775,0.7554193,3.2516806,0.36295563,0.33356923,Medullary_cords,239.26763257908496
CTTCCGCTCCGTGAAG-1,1,56,50,5467,19324.0,5467,3832.1484,Medium-Low,2,2,5,2,2,7,2,4,3389.788931482313,0.0,0.016217781230807304,0.9322141707385881,0.07964734733104706,0.6756726251769577,-0.09949544072151184,0.6009019771647305,-0.13070540130138397,0.4911722344192186,-0.24563878774642944,0.19073648330795612,0.1354527473449707,0.4754250394965468,0.13335867,0.0,0.33963716,0.118904665,0.16185994,0.24623956,0.0,0.28078872,0.45957994,2.3548503,2.4143,0.20852923,0.5180027,0.47422698,1.633668,0.8177835,3.0391212,0.0,0.32694376,Medullary_cords,365.0986168146902
CTTCGATTGCGCAAGC-1,1,68,88,5191,15009.0,5191,4165.252,Low,1,6,3,1,2,1,1,5,3594.011268763636,1.0114042647073518,0.18920880556106567,0.31663999312454943,-0.18592827022075653,0.32525740310703627,0.002106918953359127,0.9911837936463911,0.07713070511817932,0.6853925175744466,-0.13316534459590912,0.4829795978890543,0.2959277927875519,0.11233422070444174,0.07816114,0.0018813517,0.07903054,0.16686963,0.39943814,0.25059533,0.024023864,0.22617906,0.5884605,2.1427374,2.8317494,0.19146964,0.43463558,0.19146964,1.826313,1.1508824,2.2844572,0.12764643,0.5376113,Medullary_cords,0.0
CTTCGGCCAATTGTTT-1,1,50,110,5477,19364.0,5477,3823.9304,Medium-Low,2,10,5,2,0,4,2,4,2088.2241259021985,0.0,0.27469614148139954,0.1418131523882041,0.10301026701927185,0.5880384179122404,-0.034293051809072495,0.8572293466577198,-0.11049339920282364,0.5610611852277487,-0.2656916677951813,0.15587831846569838,0.1317712813615799,0.48761377349073687,0.06756025,0.00082141295,0.3681918,0.09855788,0.18015431,0.0,0.2847144,0.3155161,0.6540208,2.2203736,2.5968194,0.0,0.41314238,0.39842314,1.1928467,0.89569414,3.2075653,0.3855359,0.25610435,Medullary_cords,365.7608508301565
CTTCGTAGATAGGTGA-1,1,39,45,4908,15015.0,4908,3984.757,Low,0,9,7,4,3,6,4,0,2961.7241600122047,1.3296613488547582,-0.0873933881521225,0.6460804369428848,0.35581186413764954,0.05363932814033159,0.09485690295696259,0.6180592171726791,0.009647196158766747,0.9596477036747829,-0.11484594643115997,0.5456353030419612,-0.12606912851333618,0.5068025506796728,0.20068906,0.0059381784,0.0,0.13907167,0.4695163,0.04736123,0.13742356,0.06380324,0.49313402,2.3301167,2.8734713,0.0,0.26484972,0.475533,2.167091,1.1199838,1.6484373,0.21168171,0.353133,B_cell_zone,0.0
CTTCGTGCCCGCATCG-1,1,0,22,6951,28313.0,6951,4445.595,High,4,8,1,4,1,5,4,7,6430.436688126243,0.0,-0.380965918302536,0.03779867289107509,-0.34432727098464966,0.062425980321258887,-0.19108492136001587,0.31177602786350056,0.09394077211618423,0.6214716427550211,-0.18852299451828003,0.3184296864069845,0.28190505504608154,0.13123523013279864,0.30323622,0.0,0.047311068,0.30567,0.34378266,0.0,0.0,0.090312995,0.44687104,2.195163,2.442861,0.0,0.23178005,0.98087686,1.9321432,0.7705867,1.8468384,0.0,0.13947465,B_cell_zone,0.0
CTTCTATGTTGAAGTA-1,1,46,28,5595,17568.0,5595,4181.658,Medium-Low,3,7,0,0,3,6,0,3,4240.205773308649,1.0114042647073518,-0.1453855335712433,0.443343521419052,-0.188372403383255,0.3188235059962108,-0.10917723178863525,0.5657647651830715,0.15773479640483856,0.4051445914964677,0.05967726558446884,0.7540860957083003,0.15343637764453888,0.41822430379173836,0.05202448,0.0010080307,0.16846922,0.30286655,0.1889826,0.037369322,0.24927981,0.16838719,0.59216255,1.9218192,2.5938041,0.21952763,0.42280394,0.26398695,1.2672895,1.2799901,2.2095153,0.22529863,0.66345656,Medullary_cords,138.42326394071193
CTTCTATTAATGCTAG-1,1,51,47,5088,15711.0,5088,3953.0732,Low,2,9,5,2,5,7,2,4,3222.921035334251,0.45056120886630463,-0.3958607017993927,0.030355197339556335,-0.3009468615055084,0.10608796168410523,0.14149382710456848,0.4557716140927416,0.2886967658996582,0.12180955113087114,-0.12536126375198364,0.5092105223793844,-0.06278903037309647,0.7416856851819724,0.08552091,0.0,0.22923146,0.14674506,0.26220223,0.0,0.27630037,0.29987305,0.6295855,2.264781,2.5740006,0.22578731,0.46193144,0.18471846,1.2964497,0.76944804,2.5149496,0.20528333,0.30104977,Medullary_cords,496.47255714691823
CTTCTGGGCGTACCTA-1,1,66,34,4901,13899.0,4901,4078.077,Low,3,1,2,0,5,0,0,6,5006.6405902561055,0.6931471805599453,-0.36042627692222595,0.050396768597483606,-0.20342662930488586,0.2809477609210537,-0.28231510519981384,0.13065143488927197,-0.11194707453250885,0.5558870845025652,0.10787208378314972,0.5704465609826386,0.17447078227996826,0.3564711620355605,0.076827064,0.0020938641,0.1149302,0.3153794,0.30091724,0.016107116,0.17374511,0.2514581,0.87863207,2.0198183,2.5454338,0.3470342,0.82018906,0.20326868,1.2447823,1.4683539,2.0660439,0.35841525,0.49320072,Medullary_cords,477.6703884479338
CTTCTTACGTCGTATA-1,1,14,60,5951,19562.0,5951,4264.505,Medium-Low,3,8,0,0,6,3,0,6,3460.817244524767,1.0114042647073518,-0.053623490035533905,0.7783804033827391,-0.2031354010105133,0.2816518292962166,-0.2672607898712158,0.1533580540838547,-0.5639071464538574,0.001172980145041322,-0.19983546435832977,0.2897086842598304,0.16419276595115662,0.3859347883424279,0.05044885,0.0,0.11045537,0.37210563,0.039204504,0.030286154,0.3974994,0.30662417,0.79515386,1.7585206,2.7070785,0.33090785,0.9049172,0.19126025,1.3559176,1.5844917,1.823966,0.20645043,0.6207658,Medullary_cords,138.42326394071193
CTTGACCCGAAAGATA-1,1,9,57,7091,27361.0,7091,4495.5835,High,0,8,7,4,6,5,4,0,4076.1732053483693,1.3296613488547582,-0.45216190814971924,0.012121076623036645,-0.18638941645622253,0.3240374211115177,0.13403546810150146,0.480098619541381,0.0751928836107254,0.692910648147674,0.1481248289346695,0.4347066540322958,-0.05881428346037865,0.7575358779422617,0.20495968,0.16996618,0.009880461,0.3348055,0.25342405,0.0089297965,0.018034354,0.13148017,0.6113216,2.3761334,2.8601933,0.17612395,0.6314883,0.6079445,2.1852775,1.102216,1.7851181,0.0,0.26676136,B_cell_zone,0.0
CTTGAGGTTATCCCGA-1,1,12,24,7631,35423.0,7631,4314.0156,High,2,11,7,0,1,5,0,3,5394.736138125756,1.0986122886681096,-0.8299134373664856,1.4207957804418693e-08,-0.17247875034809113,0.3620742367662945,0.26508545875549316,0.1568598980225838,-0.007052242755889893,0.9704963373092583,-0.3555728793144226,0.05381164199635403,-0.07258275151252747,0.703082373523592,0.08038311,0.05087014,0.16838099,0.23241466,0.16566405,0.12879981,0.17348722,0.42471278,0.6294453,2.0079057,2.7104437,0.23745936,0.5316938,0.79102844,1.4710913,1.0579536,2.4720507,0.124328636,0.41334844,Medullary_cords,138.0
CTTGAGTTAGGGTAAT-1,1,39,93,4933,12926.0,4933,4255.9956,Low,3,0,0,0,0,4,0,3,364.9465714320385,0.0,-0.0026490166783332825,0.9889155599829704,0.2566445469856262,0.1709904565297201,0.030152011662721634,0.8743247273263258,0.09363266080617905,0.6226210389858416,0.26828834414482117,0.15172358587613194,-0.053659163415431976,0.7782366169691023,0.062281605,0.0008122476,0.0045107715,0.37462714,0.26334804,0.048099276,0.24632089,0.3863464,0.8729346,2.0016527,2.7982428,0.18850657,0.7294267,0.4885658,1.3897234,1.4085547,1.8561766,0.0,0.4675109,Medullary_cords,238.90793205751876
CTTGCAACCGCCTCCT-1,1,43,25,5218,16042.0,5218,4113.547,Medium-Low,1,7,3,3,3,6,6,5,4377.707733506201,1.0114042647073518,0.003665529191493988,0.9846625320604486,0.05338547006249428,0.7793399586430008,-0.2713591158390045,0.14691387437781692,-0.2762347459793091,0.1395051734322159,-0.07364008575677872,0.6989557520554578,-0.16858677566051483,0.37317075553532164,0.07754922,0.006163547,0.08581108,0.17876448,0.0,0.0074684094,0.6442432,0.21693249,0.42655587,2.1407423,2.9468184,0.060565535,0.6246428,0.24226214,1.6651976,0.82567406,1.917837,0.58710444,0.5763723,Medullary_cords,239.26763257908496
CTTGCCCAGGCTCTAC-1,1,45,55,4691,12466.0,4691,4106.52,Low,2,9,0,2,3,7,0,3,2420.8876471245003,0.8675632284814613,-0.1266516000032425,0.5048253862084826,0.07769226282835007,0.6832193064521132,-0.2302572876214981,0.22090986018339395,-0.3835136294364929,0.03643079653973091,0.06847214698791504,0.7192032193924669,0.25827592611312866,0.1681916053656934,0.09150952,0.0,0.3041548,0.2907644,0.2940443,0.0,0.019526968,0.14725846,0.74613327,1.9315209,2.8165572,0.44656587,0.6215929,0.4201326,1.2373953,1.249819,2.7178278,0.14725846,0.29451692,Medullary_cords,276.0018115882575
CTTGGCCAAGCTGGGA-1,1,61,57,6356,22171.0,6356,4314.5166,Medium-High,5,4,0,1,2,1,1,1,3484.4983857077623,1.0986122886681096,0.07264947146177292,0.7028217292477875,-0.24638482928276062,0.18934994279849338,0.04760974273085594,0.8027185794929912,-0.35532721877098083,0.05398922402974918,-0.5030127167701721,0.004608144433348653,0.4179362952709198,0.021551195408012876,0.07019369,0.062243596,0.034526676,0.16476458,0.3061889,0.17801484,0.18406762,0.23387888,0.77424157,2.3431282,2.8605092,0.23268394,0.70092475,0.24060914,1.9521048,1.0983804,2.1363769,0.0,0.45446646,Medullary_cords,0.0
CTTGTACTTGTTGACT-1,1,21,51,5900,18858.0,5900,4285.9106,Medium-Low,2,3,0,3,1,5,0,3,3260.9207288739785,1.3296613488547582,-0.4902220368385315,0.005958204168505933,-0.13071808218955994,0.49112982168740676,0.07483579963445663,0.6942991706630951,0.11562971025705338,0.5428788551836874,0.18486760556697845,0.3280741383685321,0.12152363359928131,0.5223629950740165,0.037302315,0.13601609,0.29339162,0.09931875,0.031211292,0.023018552,0.3797414,0.32239228,0.4998158,2.0512817,2.6233647,0.2871067,0.6169241,0.15954375,1.5145469,0.8946669,2.398649,0.34435773,0.6440019,Medullary_cords,138.0
CTTGTCAACATTCGAG-1,1,50,66,3802,10947.0,3802,3442.084,Low,2,2,5,2,0,7,2,4,2087.9659958916955,0.0,-0.09312715381383896,0.6245086952467235,0.22274671494960785,0.23675808330793138,-0.09970225393772125,0.6001417652345307,0.16210466623306274,0.39208767199020267,0.1692848801612854,0.3711658651757183,0.010918787680566311,0.954334063832527,0.067328535,0.0015893516,0.2192715,0.22278392,0.36132202,0.010443215,0.11726141,0.19222403,0.50712764,2.132274,2.4910235,0.24336511,0.42206085,0.25981742,0.9907515,1.085595,3.119734,0.0,0.3280423,Medullary_cords,602.0830507496453
CTTGTCGTACGTGTCA-1,1,2,34,6022,20329.0,6022,4347.186,Medium-High,4,8,1,4,1,5,4,7,5692.656497629205,0.6365141682948128,-0.7512720227241516,1.7187422145080362e-06,-0.2099894881248474,0.26538111084867483,0.22592829167842865,0.2299543490681901,0.13331180810928345,0.4824940369688755,-0.38143250346183777,0.037545120969383665,0.0913681909441948,0.6310950977132371,0.30046925,0.0023731017,0.0,0.4728736,0.22260863,0.0,0.001675458,0.10001804,0.61768013,2.0594814,2.5596938,0.10001804,0.33459103,0.6570222,1.7426684,1.0290003,1.7335119,0.10001804,0.18085316,B_cell_zone,138.00362314084367
CTTGTGAGTCTTTGAC-1,1,10,34,6698,25161.0,6698,4323.1743,Medium-High,3,8,2,0,1,5,5,6,5005.792744411218,0.45056120886630463,-0.6121037602424622,0.00032475775785992906,-0.270092636346817,0.14888400933153337,0.09466791152954102,0.6187625425744618,0.20590808987617493,0.2749944694900619,-0.387060284614563,0.034593236170956665,0.09220230579376221,0.6279682774419555,0.055789046,0.0,0.11608076,0.45802715,0.18499814,0.18510495,0.0,0.26244846,0.9807681,1.6247771,2.6111715,0.34486455,0.5284509,0.40115696,0.82836366,1.690458,1.8741584,0.083666235,0.32060564,Medullary_cords,365.3833603217311
CTTGTGCTCACCGATT-1,1,22,94,6159,19544.0,6159,4352.207,Medium-Low,3,5,2,0,4,2,0,3,1960.1454027699067,0.6365141682948128,-0.45366090536117554,0.011803894781823735,-0.4355863332748413,0.016130009836850097,0.277024507522583,0.1383311633093536,0.4907476007938385,0.005896747376923853,-0.18353073298931122,0.3316456147970219,-0.2099420130252838,0.2654916599226968,0.039011635,0.0,0.08180563,0.2886088,0.32520193,0.0058143064,0.25955772,0.31876034,0.76045823,1.9580526,2.7769985,0.24304783,0.94247013,0.41048464,1.3789988,1.1793989,2.2668183,0.0,0.54055476,Medullary_cords,275.98007174431996
CTTGTTGCTGAGTCAA-1,1,38,80,4213,10512.0,4213,4007.6455,Low,5,2,4,1,0,4,1,1,550.0036363516155,0.6365141682948128,-0.03298177197575569,0.8626362067527867,0.00677037239074707,0.9716750880145916,0.07623563706874847,0.6888614895544785,-0.13134589791297913,0.48903234493861464,-0.3549861013889313,0.05423657559802372,5.573779344558716e-05,0.9997667659053049,0.13941835,0.15599424,0.056549475,0.24295503,0.3727124,0.008083177,0.024287418,0.25219667,0.4609754,2.2901845,2.8844633,0.08356158,0.385397,0.21676189,2.14362,1.0173793,2.3626227,0.0,0.3342463,Medullary_cords,0.0
CTTGTTTATGTAGCCA-1,1,18,28,6315,22229.0,6315,4305.229,Medium-High,3,11,2,0,1,5,5,6,4774.381740079023,0.0,-0.49138492345809937,0.00582294680736587,-0.06726372241973877,0.7239652932239694,-0.4052988588809967,0.026288717412381504,-0.1288158893585205,0.49751265412781615,-0.07869317382574081,0.6793519678025368,0.2590397894382477,0.1668923303615372,0.06264092,0.0,0.018449381,0.47306535,0.18059364,0.00089258084,0.26435804,0.34132695,1.1703892,1.6634891,2.500314,0.16043268,0.46173233,0.29973876,1.2137933,1.8261098,2.0473683,0.0,0.31124663,Medullary_cords,477.1687332590014
CTTTAACTTTCAAAGG-1,1,23,67,6275,23026.0,6275,4116.161,Medium-High,2,3,0,0,4,2,0,3,2305.9377701924222,1.0986122886681096,-0.5493499040603638,0.001665605844157114,-0.12949396669864655,0.4952325798312189,0.0876474380493164,0.6451184952539286,0.02167678251862526,0.9094781556129679,0.1229601502418518,0.517420462427997,-0.0030522551387548447,0.9872283922402035,0.07075081,0.0007044616,0.22841893,0.23470479,0.24604309,0.16050926,0.05886873,0.26751328,0.8747664,2.1213515,2.629187,0.09017107,0.45187694,0.29155678,1.6325006,1.2473143,2.7234216,0.09017107,0.28454226,Medullary_cords,138.42326394071193
CTTTAATATTGGTCGA-1,1,51,73,4643,13462.0,4643,3864.8684,Low,2,2,5,2,0,7,2,4,1868.8073737012062,0.0,0.021408237516880035,0.910595118101476,0.09087586402893066,0.6329436063166957,-0.08161232620477676,0.6681186719444355,0.1604553461074829,0.3969871300143768,0.24256521463394165,0.19652327267973613,-0.24057185649871826,0.20034060605805412,0.0050448366,0.0,0.27660424,0.16512547,0.14336465,0.19170196,0.21815887,0.3243556,0.4686278,1.9054945,2.657855,0.13887781,0.27775562,0.20831671,0.9803293,0.9673058,2.8167367,0.29300404,0.33692703,Medullary_cords,365.1985761198967
CTTTACCGAATAGTAG-1,1,50,84,4372,11134.0,4372,4053.812,Low,2,10,0,2,0,4,2,3,1463.4985480006462,0.6365141682948128,-0.021095724776387215,0.9118951663096668,0.02195480838418007,0.9083219374595837,0.2778186798095703,0.13715786798883844,0.05870727449655533,0.7579639674777877,0.07219553738832474,0.7045956922585636,-0.19577518105506897,0.2998211395703631,0.13152823,0.0,0.24692445,0.20254335,0.41900402,0.0,0.0,0.20865959,0.7053988,2.1364818,2.732902,0.3688901,0.5141773,0.47933942,1.8637893,1.0600708,2.5154648,0.32046106,0.21364072,Medullary_cords,0.0
CTTTAGGAACACTGTT-1,1,41,87,5115,13421.0,5115,4386.8496,Low,4,10,1,4,0,4,4,7,366.3659372812926,0.0,0.20173591375350952,0.28505097459882806,-0.0479201003909111,0.8014578872148965,0.010441010817885399,0.956330352203333,-0.16171087324619293,0.3932543078883747,-0.15104125440120697,0.4256131619108968,-0.18187522888183594,0.3361011018663444,0.17880057,0.0,0.107506305,0.20706579,0.49325317,0.013374143,0.0,0.06960155,0.4471869,2.2364886,2.9044292,0.1392031,0.38147756,0.8112526,2.1453454,0.94949573,2.2567487,0.0,0.18560414,Medullary_cords,0.0
CTTTAGTGCTATTATT-1,1,44,64,3336,6749.0,3336,3901.2444,Low,4,2,1,4,0,7,4,7,1801.4519144290252,0.8675632284814613,-0.2574143707752228,0.16966564086150338,-0.17718632519245148,0.3489167883021623,0.09912696480751038,0.6022574528103507,0.17300426959991455,0.36059104685341936,-0.2653699815273285,0.15639864593761338,-0.16784560680389404,0.37530624404022334,0.30939853,0.0,0.21366666,0.1361272,0.1638864,0.007005628,0.16991569,0.22723606,0.20198761,2.3643785,2.683641,0.11361803,0.57151175,1.0252762,2.1448603,0.6578554,2.025078,0.0,0.30298144,B_cell_zone,0.0
CTTTATCCGACGCATG-1,1,77,59,4342,10919.0,4342,4034.042,Low,3,4,0,0,2,1,0,3,5080.802495669361,0.6931471805599453,-0.34514132142066956,0.06176832956405743,-0.19837786257266998,0.293313670488781,-0.28538545966148376,0.12634048687223234,-0.09769796580076218,0.6075264385524499,-0.24185916781425476,0.19786956730464786,0.18784354627132416,0.3202089374025597,0.105324596,0.007319395,0.20634416,0.35548875,0.18335003,0.041651815,0.10052123,0.35504472,0.92479604,2.1096492,2.5991743,0.29268336,0.780444,0.29268336,1.4061387,1.2452872,2.1991005,0.0,0.6468905,Medullary_cords,413.0012106519786
CTTTCTGTGCGGGCTT-1,1,54,66,4938,15727.0,4938,3773.0168,Low,2,2,5,2,2,7,6,4,2442.642012248213,0.45056120886630463,0.32691341638565063,0.07784857917914625,0.1311320960521698,0.4897461254045887,-0.22285255789756775,0.2365296012783237,0.3679178059101105,0.04546494039591653,-0.3820782005786896,0.037196493502686584,-0.3776550590991974,0.03963764458462896,0.018954659,0.0032462901,0.4300831,0.0,0.20157544,0.0,0.3461406,0.47267532,0.21873869,2.1596026,2.6919105,0.18456078,0.42054045,0.12304051,1.3875027,0.49826717,2.6761222,0.76780176,0.45713678,Medullary_cords,239.26763257908496
CTTTGAAACATATTCC-1,1,0,96,5889,19819.0,5889,4161.2056,Medium-Low,1,12,3,5,6,3,3,5,4584.911013313126,0.0,0.16986596584320068,0.36950187040812305,0.3787606954574585,0.039015722659577534,-0.20376934111118317,0.2801206747359218,-0.034526653587818146,0.8562667827893073,-0.07531861960887909,0.6924219549782074,0.07475127279758453,0.6946279958225305,0.02777503,0.0008664014,0.30073825,0.02570603,0.06554644,0.0010802889,0.5782876,0.25955182,0.38023043,2.0320475,2.849451,0.13828655,0.6681804,0.61711305,1.3955324,0.8102111,2.4307523,0.17443846,0.521886,Medullary_cords,478.0345175821512
CTTTGCATCGCTCTTG-1,1,60,94,4653,14285.0,4653,3755.4138,Low,1,6,3,6,2,1,3,5,2667.275013942132,0.45056120886630463,-0.31044837832450867,0.09498111630346413,0.035088539123535156,0.8539523449413193,-0.05497043952345848,0.7729563570115792,0.1434328854084015,0.4495562468619895,-0.43219655752182007,0.017072445121428925,-0.024521399289369583,0.8976572965469896,0.03106162,0.0021871105,0.21779948,0.04377617,0.38725764,0.02791929,0.2899987,0.3545364,0.33312148,2.1642153,2.630125,0.1326622,0.48419887,0.19899331,1.3107727,0.6736165,2.4509761,0.2653244,0.6736165,Medullary_cords,238.76766950322232
CTTTGGCAGACAGAGT-1,1,5,113,6942,28650.0,6942,4261.0693,High,5,12,4,6,4,3,3,5,4311.472254346536,0.37677016125643675,0.3499065935611725,0.05802660571388168,0.2573573887348175,0.1697634531524318,-0.10128245502710342,0.5943468340185898,-0.22057580947875977,0.24147693771216597,-0.3333408236503601,0.07184745823100508,0.12283502519130707,0.5178500606131503,0.18639,0.0024271777,0.003934315,0.22873509,0.41661176,0.006352601,0.15554906,0.201838,0.61401963,2.3140674,2.941135,0.037426423,0.79251367,0.44345826,1.9645715,0.944487,2.2387257,0.0,0.40321946,Medullary_cords,0.0
CTTTGGCGCTTTATAC-1,1,32,18,6519,25304.0,6519,4122.8203,High,2,7,0,2,3,6,0,3,4871.575617805804,1.3296613488547582,0.034174706786870956,0.8577170679359404,-0.09960821270942688,0.600487394596707,0.1413898915052414,0.4561060494342191,0.3076416552066803,0.09816607999701568,-0.47817331552505493,0.007524323856155536,-0.3590806722640991,0.05132586026032243,0.05565542,0.0004758873,0.1683796,0.22690551,0.26617664,0.012935996,0.269471,0.26149458,0.7363335,2.1467783,2.7253304,0.15606256,0.62819564,0.39316246,1.504915,1.2002254,2.5391543,0.0,0.34383458,Medullary_cords,138.00362314084367
CTTTGGCTTTAGTAAA-1,1,32,40,5755,19446.0,5755,4161.512,Medium-Low,5,7,4,1,3,6,1,1,3381.380783052982,0.45056120886630463,-0.34103426337242126,0.06514233255442446,-0.11035234481096268,0.5615644134223913,-0.08431031554937363,0.6577984884491842,0.3047768771648407,0.10149939141859159,-0.09755560010671616,0.6080524306429823,-0.28870537877082825,0.12179792469254005,0.1331716,0.15513031,0.0,0.21258628,0.12621428,0.0,0.37289748,0.051868953,0.40233013,2.4171302,2.9172168,0.103737906,0.48445475,0.22040066,2.244029,1.0344754,1.8262283,0.0,0.069158606,B_cell_zone,0.0
CTTTGGGATTGTTGCA-1,1,62,44,5021,14154.0,5021,4137.7876,Low,5,4,4,1,5,0,1,1,4175.931991783391,0.8675632284814612,-0.29871106147766113,0.10883745930285893,0.2271306961774826,0.22741760953292012,-0.011052113026380539,0.9537770402257554,-0.029507780447602272,0.8769894856106492,-0.22423143684864044,0.23356649160454476,-0.2264796793460846,0.22878872335749656,0.38662836,0.0057025254,0.27568865,0.056274123,0.07632692,0.00595193,0.19342746,0.1769169,0.5596958,2.38617,3.0108628,0.1769169,0.37733665,0.24372348,1.8855127,1.0647789,1.7806004,0.13361318,0.08907546,B_cell_zone,0.0
CTTTGTCGAATGCTCC-1,1,57,7,6866,29714.0,6866,4103.3257,High,5,1,4,5,5,0,3,1,6022.374946812926,0.6931471805599453,-0.0242264773696661,0.8988818962851929,-0.21399985253810883,0.2561508201855075,0.13365641236305237,0.4813525828792201,0.40613746643066406,0.02595004346285359,0.5094656348228455,0.004032800841420288,0.1989893913269043,0.2917977695583262,0.08478199,0.10398391,0.07183102,0.011863613,0.12796362,0.0,0.5995758,0.2072024,0.39647543,2.194768,2.9209735,0.14505121,0.5578008,0.26637605,1.8523967,0.6726015,1.6622567,0.20119944,0.6073236,B_cell_zone,0.0
GAAACAGATGACCACC-1,1,40,92,7075,26942.0,7075,4482.879,High,3,10,7,0,0,4,0,3,365.0986168146902,0.8675632284814613,-0.023862652480602264,0.9003929141038338,0.21978020668029785,0.24322188124213753,0.09591053426265717,0.6141442386467507,0.07255227118730545,0.7032014571714935,0.23968437314033508,0.20205650915620335,-0.09199285507202148,0.6287528482679421,0.040168308,0.07987521,0.12919025,0.11665049,0.033105824,0.2966905,0.3043194,0.42030984,0.65514404,2.0794563,2.8028631,0.25718784,0.6411133,0.6828586,1.4997332,1.1508219,2.1132357,0.0,0.70753443,Medullary_cords,137.00364958642524
GAAACAGCCATGCAGT-1,1,13,61,7514,32464.0,7514,4389.3223,High,3,8,2,0,6,3,5,6,3524.4937225082413,0.6365141682948128,-0.35923030972480774,0.05122187634141873,-0.10418085753917694,0.5837811786890877,-0.1935371607542038,0.3054890322278671,-0.3310704827308655,0.07392486180051519,0.015529166907072067,0.9350862429736596,-0.016973420977592468,0.929063509981699,0.10658706,0.06725559,0.0,0.56793857,0.2582188,0.0,0.0,0.24366501,1.0200661,1.9047282,2.6970532,0.34750763,0.66119105,0.40181524,1.4317753,1.5686558,2.0778186,0.06713303,0.2448855,Medullary_cords,237.9012400135821
GAAACATAGGAAACAG-1,1,60,20,8378,40109.0,8378,4548.0425,High,1,1,0,3,5,0,0,3,5371.488155064665,0.6365141682948128,-0.3866615891456604,0.03479599444060013,-0.14219211041927338,0.4535281210365176,0.2123512327671051,0.25991944090252994,0.13958777487277985,0.4619254419416691,-0.06012578308582306,0.7522949668699593,-0.1521553099155426,0.4221674262167296,0.060549337,0.04232645,0.05427678,0.17861001,0.20965867,0.10981427,0.34476453,0.31317654,0.6173904,2.1300511,2.8736143,0.53935176,0.656957,0.3469792,1.5674886,1.0331517,1.9081844,0.35915127,0.5652979,Medullary_cords,364.24716882907956
GAAACCATGGTGCGCT-1,1,27,109,7869,35624.0,7869,4586.3853,High,4,0,1,4,0,2,4,7,1956.3460839023344,0.0,-0.5165958404541016,0.003469771501811414,0.0025602891109883785,0.9892868066293118,0.31358128786087036,0.09151909360919873,-0.1505400836467743,0.42716831124457816,-0.30770763754844666,0.09809029221170673,-0.08916446566581726,0.6393861026126815,0.13976902,9.676405e-05,0.0454819,0.15151475,0.49284467,0.05047196,0.1198209,0.076373264,0.517921,2.1115417,2.5433626,0.061861277,0.38214734,0.95165133,2.0975876,0.84376866,1.8140149,0.061861277,0.4797549,B_cell_zone,0.0
GAAACCGAATTACCTT-1,1,45,51,6247,21963.0,6247,4273.5293,Medium-High,5,9,4,1,3,7,1,1,2681.6133203726445,1.3296613488547582,-0.14002692699432373,0.4605037334633482,0.05316253751516342,0.780238978762204,-0.10184335708618164,0.592295719537329,-0.03336748480796814,0.861045136637396,-0.31313690543174744,0.092004237270242,0.2786955237388611,0.13587087997104283,0.2721455,0.14400949,0.0,0.29606423,0.22106253,0.023092715,0.04362556,0.2556712,0.64062166,2.305591,2.9182413,0.14071275,0.60062194,0.23548548,2.0095844,1.1334786,1.7401083,0.0,0.17044747,B_cell_zone,0.0
GAAACCTATACAAATG-1,1,60,52,7510,38437.0,7510,3872.5557,High,2,2,5,2,2,0,2,4,3617.411367262507,0.6365141682948128,-0.027583986520767212,0.8849546846835962,-0.08128222823143005,0.6693854712323807,0.08476236462593079,0.6560752887450961,-0.07659806311130524,0.6874561024490538,-0.3004050552845001,0.10674942368508232,0.1447141319513321,0.4454744652927507,0.07323924,0.0,0.3858165,0.16150646,0.2535743,0.0,0.12586345,0.39703807,0.45546314,2.1101708,2.6269033,0.26259768,0.5113065,0.22035882,1.3094468,0.8582541,2.9067137,0.37491584,0.23084296,Medullary_cords,275.98007174431996
GAAACTCGTGCGATGC-1,1,28,24,6210,21403.0,6210,4193.827,Medium-High,2,11,0,0,3,6,0,4,4565.022781980392,0.45056120886630463,-0.11961966753005981,0.5289489925574866,-0.037171561270952225,0.8453827674610184,-0.2409835159778595,0.19954810722852245,0.1179458349943161,0.5347717294521719,-0.1470073014497757,0.4382190200150145,-0.06823240965604782,0.7201471468127822,0.067979015,0.0004254605,0.2982857,0.26994962,0.11793454,0.0,0.2454257,0.18147288,0.89915586,2.025504,2.6767054,0.5990497,0.5102781,0.13040401,1.2641771,1.2825761,2.5298645,0.19169362,0.52340376,Medullary_cords,276.3494165001982
GAAACTCTAATGAAGG-1,1,13,73,8044,37930.0,8044,4431.598,High,1,5,3,6,6,3,8,3,3167.5959338274192,1.0114042647073518,-0.36789658665657043,0.04547834517364579,-0.190776988863945,0.31257115392213697,0.08349550515413284,0.6609088658422602,0.03276611492037773,0.8635260247724483,-0.08602292090654373,0.651279232988333,-0.2745368480682373,0.1420536738491101,0.046181187,0.0016390029,0.20733562,0.21738948,0.21327943,0.017065838,0.29710954,0.35507527,0.5973524,1.9873104,2.9547482,0.16059516,1.1842113,0.46357217,1.2516592,1.0767367,2.3995533,0.17550358,0.6590041,Medullary_cords,137.00364958642524
GAAAGAACAGCGTTAT-1,1,37,103,6593,22476.0,6593,4438.3574,Medium-High,3,0,2,0,0,4,0,3,1040.1793114650955,0.0,-0.2852790951728821,0.12648805531553198,0.011888917535543442,0.9502814294588733,-0.001909993588924408,0.9920077821184953,-0.010918217711150646,0.9543364451687761,-0.1620911955833435,0.39212754680641804,0.1726703941822052,0.3615329362076292,0.0006514624,0.0021851475,0.2515202,0.18824735,0.02299389,0.16623762,0.36816433,0.36122227,0.9534137,1.7476776,2.7119322,0.4389097,0.5735092,0.43668595,1.0599707,1.5106039,2.1420794,0.30399027,0.7901354,Medullary_cords,414.2764777295472
GAAAGCAGTGCACTTT-1,1,56,54,6516,26548.0,6516,3984.3765,High,2,2,5,2,2,7,2,4,3182.211338047805,0.0,-0.19291052222251892,0.3070879792221343,0.18762215971946716,0.3207900001732873,0.30070731043815613,0.10638003682094127,-0.20268067717552185,0.2827534221902252,-0.21636411547660828,0.2508092096367343,0.23509204387664795,0.21109723302327155,0.071654655,0.06828974,0.39583635,0.08897717,0.08272588,0.0,0.29251626,0.42707402,0.5582304,2.3475199,2.5601988,0.30022764,0.71190125,0.18034674,1.5346104,0.8600352,2.698025,0.614054,0.4800206,Medullary_cords,240.00208332429116
GAAAGCCCTTTGGACC-1,1,35,21,3608,9685.0,3608,3600.3718,Low,5,7,6,5,3,6,3,0,4626.107759229134,0.6931471805599453,-0.14579427242279053,0.4420489372491885,0.09443124383687973,0.6196437592374306,0.3249989449977875,0.07970860795307898,-0.2144543081521988,0.2551183098784758,-0.3077290654182434,0.09806568951245881,-0.03081958182156086,0.8715648524084976,0.12680264,0.001048525,0.07319693,0.0,0.7955457,0.0034061805,0.0,0.08866639,0.15762913,2.0129874,2.6799517,0.0,0.45736605,0.4946822,1.4058261,0.5639948,2.0144644,0.0,0.2364437,Medullary_cords,137.92751719653333
GAAAGTGACTAACTGC-1,1,25,31,6643,26335.0,6643,4226.6567,High,5,11,4,1,1,6,1,1,4220.727188530432,0.0,-0.08392513543367386,0.6592681433333395,-0.02118833363056183,0.9115098915033616,-0.1250617504119873,0.5102310913482833,-0.48745739459991455,0.006290540423101214,-0.13896125555038452,0.46395773447295524,0.14010211825370789,0.4602605419034313,0.22153313,0.2525384,0.022692671,0.09431866,0.20035881,0.04024708,0.16831124,0.24388926,0.2856797,2.4405327,3.0408459,0.11086017,0.5828306,0.22172034,2.2354913,0.8315662,1.651083,0.08047065,0.4954524,B_cell_zone,0.0
GAAATACCTGCTGGCT-1,1,7,85,5290,15202.0,5290,4245.977,Low,3,5,0,0,6,3,0,6,3718.2212145056674,0.6931471805599453,-0.15426063537597656,0.41569811914003596,0.17667698860168457,0.35032633664469487,-0.06371957063674927,0.7379895980748139,0.19121065735816956,0.3114517221199988,-0.06876394152641296,0.7180548711929602,-0.30490103363990784,0.10135318646400493,0.09027668,0.0011468567,0.08737648,0.15831116,0.29709443,0.010280974,0.35551336,0.1820079,0.5823276,2.131857,2.6952224,0.2527482,0.7136811,0.2527482,1.6085187,1.117377,2.095151,0.1263741,0.44839078,Medullary_cords,364.3295211755424
GAAATACTAAACGTTT-1,1,18,22,8245,39273.0,8245,4511.228,High,1,11,0,3,1,5,0,3,5135.840437552553,1.0114042647073518,-0.2868381142616272,0.12433775893716371,0.03369394317269325,0.8596989080842022,-0.1493915468454361,0.4307440360470359,-0.18485847115516663,0.3280984607701163,-0.3828328251838684,0.0367923583870217,0.10211550444364548,0.591301634793235,0.10006265,0.1014896,0.17509839,0.1712977,0.053603183,0.013001414,0.38544708,0.3680042,0.44443187,2.115324,2.868377,0.20123132,0.54008037,0.38642657,1.5807945,1.0559096,1.9951563,0.113429844,0.42383978,Medullary_cords,138.0
GAAATATCACCATCAG-1,1,33,23,6853,29519.0,6853,4004.3945,High,2,7,5,2,3,6,0,3,4514.4567779523595,0.45056120886630463,0.017194729298353195,0.9281409557034511,-0.20004761219024658,0.28918635494151107,-0.098421111702919,0.6048576333507869,-0.027405288070440292,0.8856951307595711,-0.0649295300245285,0.7331922245884481,0.027998831123113632,0.8832361222082287,0.07192228,0.05423766,0.10157975,0.25805318,0.32978058,0.14162613,0.042800486,0.5182733,0.7549637,2.2628033,2.834844,0.26147887,0.5121973,0.32640228,1.5135205,1.1976542,2.5466814,0.072939,0.4051801,Medullary_cords,364.6601157242179
GAAATATGCTTGAATG-1,1,16,110,5472,17116.0,5472,4202.004,Medium-Low,5,12,3,6,4,3,1,1,3039.4711711085533,1.0114042647073518,-0.08930551260709763,0.6388541549383946,-0.077866330742836,0.6825461714971232,0.0050651151686906815,0.978807445174738,0.1488516926765442,0.43243041031019674,-0.27974897623062134,0.13433635591202392,-0.016393378376960754,0.9314819223189938,0.09728608,0.09859715,0.0073652077,0.12184192,0.2351686,0.0,0.43974105,0.33835673,0.51362824,2.1743107,2.9210443,0.0,0.48899055,0.5282311,1.7588354,0.82075393,1.8236859,0.0,0.5716912,Medullary_cords,137.92751719653333
GAAATCGCGCGCAACT-1,1,18,68,7147,28733.0,7147,4454.08,High,5,3,4,7,6,3,8,2,2762.5328957317415,1.0114042647073518,-0.3877474069595337,0.03424603572875728,-0.09142512828111649,0.6308814590944049,0.3361998200416565,0.06929604548398292,0.2579933702945709,0.16867402535668308,-0.5574755072593689,0.0013722199852023993,-0.13861210644245148,0.46509233686685475,0.14264861,0.08111592,0.0,0.18505198,0.2591968,0.0,0.33198673,0.24407661,0.5805157,2.1228037,2.908234,0.25269973,1.546422,0.24972965,1.8692524,0.90379333,1.6970732,0.0,0.47174573,B_cell_zone,0.0
GAAATGGCGGTGTTAG-1,1,30,52,6790,24770.0,6790,4404.1387,Medium-High,1,3,3,3,1,2,7,5,2656.4457457286794,0.45056120886630463,-0.14811089634895325,0.43475034903882054,0.214509516954422,0.2549930636299023,-0.08792304247617722,0.644075573402277,-0.37374335527420044,0.041902073905392245,-0.5539808869361877,0.001492362095100716,0.1781771183013916,0.34618461927816074,0.04943357,0.046678763,0.018305274,0.17219953,0.18747362,0.22380018,0.302109,0.54160845,0.7604166,2.1543539,2.9635425,0.18397477,0.6390005,0.28956386,1.7273579,1.3722969,2.0274634,0.25435,0.699229,Medullary_cords,137.0
GAAATGGGATGTAAAC-1,1,13,17,7782,36158.0,7782,4295.753,High,1,11,4,6,1,5,3,5,5731.784102703102,0.9502705392332347,-0.5597744584083557,0.001297858218801345,-0.07086040079593658,0.7098221520581965,0.16064980626106262,0.3964076598814968,0.11329695582389832,0.5511022256059207,-0.431242972612381,0.017345639299095255,-0.08039650321006775,0.6727889596944941,0.08027032,0.04538317,0.073041745,0.1257432,0.12605613,0.2132377,0.33626774,0.2696094,0.40617067,2.166658,2.98917,0.28470933,0.36735886,0.16708298,1.7657236,0.86881894,1.79268,0.061043017,0.7220521,Medullary_cords,138.06158046321215
GAAATTAGCACGGATA-1,1,18,96,7471,32382.0,7471,4405.707,High,5,5,3,1,4,3,1,1,2458.1769667784297,0.6365141682948128,-0.31319937109947205,0.09193592422017795,-0.30465418100357056,0.10164403259717454,-0.034522879868745804,0.8562823309215228,0.3085644543170929,0.09711015284097745,0.0897623598575592,0.6371323972610421,0.23580126464366913,0.20968327311027116,0.094234474,0.10509958,0.0144350175,0.21395002,0.24099597,0.0,0.331285,0.2917178,0.54901034,2.0487847,2.865101,0.18752989,0.6990545,0.20936987,1.6433805,0.9979064,2.0275848,0.16392595,0.3235128,Medullary_cords,477.31017169132275
GAAATTCACATCGCTG-1,1,13,49,8188,36408.0,8188,4604.2124,High,1,8,0,3,1,5,6,3,4021.816505013624,1.0114042647073518,0.23608313500881195,0.20912311764609587,0.07207538932561874,0.7050654826470479,-0.24846993386745453,0.18551199326825216,0.11445026099681854,0.5470293918068532,-0.4913964867591858,0.005821615100841339,-0.4211218059062958,0.020475059047908622,0.06482355,0.0021280895,0.23970728,0.115748204,0.106996626,0.0,0.47059622,0.35345328,0.6491768,2.096018,2.8922937,0.25752455,0.77804846,0.30397445,1.465391,1.0800188,2.2744768,0.8345429,0.39304045,Medullary_cords,364.3295211755424
GAAATTGTCTCTATAA-1,1,43,53,6362,22404.0,6362,4310.21,Medium-High,1,9,3,3,3,7,3,5,2482.8388993247227,1.0986122886681096,0.01691613718867302,0.9293023200929406,0.23933838307857513,0.20272819782578336,-0.0029639066196978092,0.9875980420222764,0.03360174968838692,0.8600790509062509,-0.12070874869823456,0.5251768745278002,0.19153344631195068,0.310620128879061,0.088417225,0.06629465,0.19840129,0.05865298,0.022980139,0.1630823,0.40217146,0.24461718,0.47208083,2.4071698,2.8920112,0.20563808,0.5647119,0.25393736,1.7477527,1.0050056,2.3557105,0.2517701,0.58654875,Medullary_cords,137.0
GAACAACTGGGATGAA-1,1,67,85,6970,27608.0,6970,4288.8677,High,1,6,3,6,2,1,7,5,3479.6379121971872,0.6365141682948128,0.16225960850715637,0.3916291905677327,-0.2502617835998535,0.1822575393449453,-0.17484396696090698,0.355427265723442,-0.0010585188865661621,0.9955706624967684,0.26317670941352844,0.15997947737292897,0.21472088992595673,0.25451391818388475,0.052642945,0.08518775,0.07834572,0.0,0.24094476,0.20622505,0.33665374,0.38876122,0.48515218,2.172234,2.872272,0.10675391,0.45466164,0.38793623,1.4969505,0.6584825,2.4823165,0.0,0.40727288,Medullary_cords,238.40302011509837
GAACACACATCAACCA-1,1,22,50,7701,33117.0,7701,4490.993,High,1,3,0,3,1,5,6,3,3242.2985673746953,1.0114042647073518,-0.45000720024108887,0.012589481025345182,-0.11163747310638428,0.5569872088321874,0.11293824762105942,0.5523718511577391,-0.011743566021323204,0.9508885479713455,0.03328432887792587,0.8613881110024941,0.13181059062480927,0.48748279076428774,0.037294045,0.07352323,0.176434,0.112058505,0.21411248,0.09914346,0.28743428,0.45449033,0.5216461,2.137523,2.8680096,0.13193882,0.45917517,0.41056532,1.632074,0.924337,2.5480373,0.53781223,0.4117367,Medullary_cords,137.0
GAACAGATTACTAAAT-1,1,57,71,6992,26706.0,6992,4398.6436,High,5,6,4,1,2,1,1,1,2559.050019050038,0.8675632284814612,-0.2675517797470093,0.15289391539499178,0.03978634253144264,0.834650068404844,-0.10580295324325562,0.5779044369527465,-0.04393875598907471,0.8176663713276946,-0.12171098589897156,0.5217170859445034,0.009967649355530739,0.9583084471900877,0.15562968,0.1517729,0.20370162,0.14020862,0.056253377,0.0,0.29243383,0.1493906,0.46044263,2.3104687,2.8914475,0.173642,0.43067074,0.28327483,2.0173156,0.8092511,2.2389562,0.07951555,0.10602073,Medullary_cords,0.0
GAACCATCTGGGAGAC-1,1,4,54,5915,19105.0,5915,4263.7764,Medium-Low,3,8,2,0,1,5,5,6,4696.259788384795,0.0,-0.3626650273799896,0.048880550171565465,-0.1873290240764618,0.32156038069424053,-0.04925760254263878,0.796030496312013,0.16963091492652893,0.3701744326565316,-0.1698896586894989,0.3694341168123006,-0.18667390942573547,0.32328618991635294,0.04072669,0.0030768346,0.18825717,0.49773726,0.16043049,0.029862853,0.07990871,0.1421687,0.8956989,1.6816323,2.5466156,0.105248965,0.63176,0.5872252,0.8664755,1.6849642,2.009892,0.105248965,0.51355565,Medullary_cords,238.76766950322232
GAACCCTCTGTGTTCT-1,1,59,67,6133,19942.0,6133,4331.552,Medium-Low,1,2,0,3,2,1,6,3,2901.0484311710484,0.6365141682948128,-0.3775825500488281,0.039678707172707293,-0.09262102842330933,0.626400997116015,0.2202347368001938,0.24222396730245357,-0.10056044906377792,0.5969915831062391,-0.2543834447860718,0.17492395923249573,0.2403045892715454,0.20085629182205136,0.028440503,0.0,0.04847768,0.10822599,0.16276036,0.23941848,0.41267705,0.50452733,0.6029414,1.9793018,2.8809469,0.27527955,0.5179481,0.23925668,1.2747532,0.99766326,2.0704002,0.0,0.53758174,Medullary_cords,276.3494165001982
GAACCTCGACCTACAC-1,1,41,9,6745,29334.0,6745,4071.0886,High,5,7,4,5,3,6,1,1,5449.77962857215,0.6931471805599453,-0.266842246055603,0.1540274201279611,0.18565088510513306,0.3259925957267227,0.034913815557956696,0.8546719146877929,0.08922193944454193,0.6391693235009799,-0.14318975806236267,0.45033305537585644,0.32160183787345886,0.08309291061851085,0.19777702,0.10380189,0.09786929,0.17334463,0.18490694,0.24230024,0.0,0.27105,0.47588682,2.06282,2.8150713,0.07333984,0.5805644,0.14419836,2.0082695,0.95807683,1.7082413,0.14667968,0.3278067,B_cell_zone,0.0
GAACCTTTAACGATCC-1,1,63,79,6079,18562.0,6079,4415.9766,Medium-Low,3,6,0,0,2,1,0,3,3057.868538704697,1.0114042647073518,0.06341806799173355,0.7391865380571215,0.055461592972278595,0.7709811163312311,-0.20144028961658478,0.2857723415089027,-0.0349065363407135,0.8547018954085565,-0.16111524403095245,0.3950226675573574,0.029773667454719543,0.8758895255809496,0.07069097,0.004285726,0.11171517,0.2352705,0.11121258,0.010427211,0.45639783,0.23502314,0.8464136,2.1728616,2.934702,0.053872444,0.34196895,0.36075956,1.5412914,1.3352515,2.0273318,0.7213186,0.47259176,Medullary_cords,238.40302011509837
GAACGACCGAATGATA-1,1,19,63,7356,29337.0,7356,4522.2783,High,1,3,4,6,6,2,7,5,2852.4580627942632,0.45056120886630463,-0.2636494040489197,0.15920282810771494,-0.04883246123790741,0.7977546603047762,0.44665661454200745,0.013347873193446946,0.05208515375852585,0.78458764099682,-0.5280802845954895,0.002704795964769988,0.11606061458587646,0.5413661911537401,0.048027366,0.06849563,0.058901254,0.10317704,0.13759443,0.16712317,0.41668105,0.2494508,0.3747591,2.2672443,2.91066,0.23473191,0.84912395,0.2626903,1.738999,0.9185096,2.3008108,0.3332777,0.7536885,Medullary_cords,137.00364958642524
GAACGCGGGTCACACG-1,1,48,114,5145,20247.0,5145,3455.9785,Medium-High,2,10,5,2,0,4,2,4,2154.1784977109023,0.0,0.21102778613567352,0.26297085615912785,0.014295538887381554,0.9402334321996597,0.03964786231517792,0.8352177658788082,0.18261931836605072,0.33409403623033523,-0.12437078356742859,0.512589359448327,-0.1871621459722519,0.3219994573361097,0.074710876,0.0,0.43273315,0.24759403,0.13699567,0.02856815,0.079398185,0.28576416,0.5088665,1.9784515,2.4787562,0.19950339,0.60818064,0.27211502,1.2185774,0.84789425,3.045433,0.20070335,0.40059263,Medullary_cords,138.42326394071193
GAACGTCTCATGGTCG-1,1,31,87,5169,14446.0,5169,4207.677,Low,2,0,0,3,4,2,0,3,841.0023781179218,0.45056120886630463,-0.015962693840265274,0.933277993703995,-0.14122024178504944,0.4566522143578136,-0.11321502178907394,0.5513921064819403,-0.18753032386302948,0.321031228363195,0.14567308127880096,0.44243256824756977,-0.3302503228187561,0.07468662549547864,0.044798817,0.0009197773,0.10740279,0.16804975,0.048621878,0.33955678,0.2906502,0.46798158,0.7334527,2.2820754,2.5633705,0.0,0.59786016,0.41451222,1.4339042,1.2668159,2.231698,0.13151225,0.5622128,Medullary_cords,413.0012106519786
GAACGTTAGGAAGACG-1,1,33,15,7818,34442.0,7818,4514.2637,High,4,7,7,4,3,6,4,7,5060.046640101255,1.5607104090414068,-0.2365037500858307,0.2082891441419239,-0.31100842356681824,0.09435507085902749,0.20426124334335327,0.2789362743966379,0.0343269407749176,0.857089693571098,-0.5321131944656372,0.002473160267064319,-0.2003362625837326,0.2884766322339703,0.25358722,0.09162371,0.12957595,0.16108608,0.13818036,0.0,0.22594664,0.20769829,0.5054393,2.3479333,2.7709203,0.09559547,0.49650624,0.69386214,2.1697795,0.88670784,1.8724275,0.15662897,0.20883863,B_cell_zone,0.0
GAACTGTGGAGAGACA-1,1,68,66,6576,26244.0,6576,4022.029,High,2,4,0,2,2,1,2,4,3899.158114260051,0.8675632284814613,0.17144018411636353,0.36501602068290107,0.17525359988212585,0.35428351536621494,-0.3140621781349182,0.09099628507923799,0.05231776833534241,0.7836481917261457,-0.2804844081401825,0.13327261304024168,0.16401803493499756,0.3864475103660675,0.046372604,0.05233459,0.09269162,0.22782424,0.3592917,0.12085352,0.100631736,0.3164189,0.7011011,1.9584532,2.7580276,0.27128232,0.5346378,0.35050052,1.3172662,1.0349531,2.719601,0.33219826,0.35635588,Medullary_cords,364.24716882907956
GAACTTAGCGCCCGGT-1,1,5,101,5346,17239.0,5346,4035.5757,Medium-Low,5,12,3,5,4,3,3,1,4053.0261533821863,0.6730116670092565,0.008063838817179203,0.9662664733637581,0.35019010305404663,0.05780973303995831,-0.22914841771125793,0.2232032780210349,-0.24375596642494202,0.19426713024415468,0.12215499579906464,0.5201878855897072,0.08138744533061981,0.6689815884475215,0.09513867,0.001120978,0.118830375,0.19327004,0.2280778,0.2428022,0.12075993,0.15345724,0.71226245,2.1364684,2.6790671,0.114368886,0.6970654,0.4178338,1.652499,0.8545852,2.3691614,0.34310666,0.48546526,Medullary_cords,364.00137362378183
GAAGAAACGATATTGT-1,1,59,29,8106,36635.0,8106,4508.1484,High,1,1,0,3,5,0,6,3,4777.415724008117,0.6365141682948128,-0.26270970702171326,0.1607494291512819,-0.34830859303474426,0.059260982288232386,-0.40756955742836,0.02537993408423032,-0.20641648769378662,0.27378489367566056,-0.2893122136592865,0.12098082612168118,0.2901226282119751,0.1198959394224918,0.07172974,0.0,0.10985978,0.07644851,0.08179691,0.30145785,0.35870725,0.2726413,0.63557035,2.3570664,2.814589,0.2674005,0.6497293,0.27288803,1.6625859,1.0259901,2.3778188,0.108913004,0.66285455,Medullary_cords,137.92751719653333
GAAGAACGGTGCAGGT-1,1,14,40,7159,29613.0,7159,4303.4966,High,2,11,0,3,1,5,0,3,4379.118290249762,0.8675632284814613,-0.3743288218975067,0.04155672219342353,-0.12283388525247574,0.5178539752245346,-0.2213197648525238,0.2398528227473467,0.43460485339164734,0.016398328920622488,0.1981184333562851,0.293958268188117,0.44634881615638733,0.013419415116229978,0.021265334,0.04362991,0.12259943,0.24309056,0.2090139,0.0002314912,0.36016938,0.37815893,1.0265036,1.9364803,2.832264,0.4322192,0.5338793,0.30379602,1.2138171,1.3818312,2.5330267,0.5780109,0.5399693,Medullary_cords,496.47255714691823
GAAGACTTCAATGCCG-1,1,3,65,6897,27696.0,6897,4414.8643,High,4,5,1,4,6,3,4,7,4480.735765474237,0.0,-0.2547875940799713,0.17421624261285623,-0.018877893686294556,0.9211275244078933,0.2092059701681137,0.26720942198300196,-0.0018105637282133102,0.992423826401969,0.11845005303621292,0.5330145022132753,0.03873332962393761,0.8389689036602717,0.28489318,0.0,0.281226,0.05678917,0.30906853,0.068023115,0.0,0.111720055,0.23659374,2.1544876,2.5758388,0.14501573,0.3964422,0.9950427,1.6375377,0.49350348,2.0066264,0.0,0.2642948,Medullary_cords,137.92751719653333
GAAGCAAGGCAATGTT-1,1,1,43,7079,29741.0,7079,4272.5225,High,3,8,2,0,1,5,5,6,5406.610768309478,0.0,-0.5371589660644531,0.0022076449048732644,-0.17728334665298462,0.3486486757898579,-0.15314269065856934,0.4191264555104277,0.019961455836892128,0.9166155568096002,0.07476410269737244,0.6945780816210625,-0.13052989542484283,0.4917594255219741,0.024809042,0.056109205,0.023644222,0.48172027,0.15001722,0.17804891,0.08565114,0.22996807,1.1222615,1.4647669,2.4756112,0.273527,0.70207775,0.29340705,1.0508728,1.8695171,1.5528929,0.07247055,0.4404777,T_cell_zone,364.9465714320385
GAAGCCACTGATTATG-1,1,65,69,5076,13785.0,5076,4247.081,Low,5,4,4,1,2,1,1,1,3488.2902688853173,1.0114042647073518,0.17044614255428314,0.36784485977156767,0.0768032968044281,0.6866607155128872,-0.11101077497005463,0.559217154441195,0.06792542338371277,0.7213564450518596,-0.2285049557685852,0.22454147286105033,0.2112029641866684,0.26256561916513954,0.15735729,0.004561185,0.096209966,0.32024392,0.2466904,0.0,0.17493731,0.2045528,0.58991736,2.2396157,2.8436604,0.2045528,0.5049412,0.49684602,2.044096,0.9151617,2.0202825,0.3604775,0.18182471,B_cell_zone,0.0
GAAGCCTGCACATTCC-1,1,61,61,6762,27133.0,6762,4076.603,High,1,4,3,6,2,1,7,5,3323.778572648906,0.45056120886630463,0.11049041152000427,0.5610718419999874,-0.01874402165412903,0.9216851388028496,0.12247240543365479,0.51909604575898,-0.2847960889339447,0.12715976663603043,-0.399636447429657,0.02867111780174503,0.4559142291545868,0.011340201267937491,0.036945313,0.087167256,0.20097043,0.09305549,0.1203705,0.0,0.461491,0.39356676,0.37584496,2.1117287,2.7687075,0.28306457,0.52774227,0.11766198,1.2664937,0.83979523,2.7114916,0.4757219,0.44257644,Medullary_cords,238.76766950322232
GAAGCTCGGACCCGTC-1,1,55,21,6322,26465.0,6322,3824.0483,High,2,1,5,2,5,0,2,4,5041.701399329397,0.0,-0.0018876632675528526,0.9921012186885647,-0.20310182869434357,0.2817330658035982,-0.04768325760960579,0.8024199134513987,0.2552199363708496,0.17346139647196404,0.02400197833776474,0.8998142328967806,0.05578688904643059,0.7696736652255058,0.019706927,0.0,0.3125536,0.20152415,0.09823802,0.25494057,0.11303664,0.25558618,0.5902556,1.81411,2.6203425,0.66918504,0.64486223,0.3932167,1.0578972,1.0160202,3.0489292,0.14072312,0.49180132,Medullary_cords,414.40318531594323
GAAGCTTGCTGACCGC-1,1,29,35,5434,16685.0,5434,4202.204,Medium-Low,5,11,4,1,1,6,1,1,3804.282061046473,0.45056120886630463,-0.167738139629364,0.3756164744130019,-0.2061610072851181,0.27439230020721367,-0.3981097638607025,0.029342661303594572,0.22898179292678833,0.22354928557048015,-0.11244127154350281,0.5541331063102765,0.07215774059295654,0.7047434698607755,0.1726715,0.002757671,0.049601518,0.25479853,0.22753145,0.057821594,0.23481774,0.18731304,0.7276813,2.3686683,3.0447118,0.17609681,0.31436235,0.21588011,2.1498601,1.2001275,1.838116,0.19696446,0.36036378,B_cell_zone,0.0
GAAGGAGTCGAGTGCG-1,1,66,60,7400,30592.0,7400,4448.7393,High,1,4,0,3,2,1,6,3,3868.519354998757,1.0114042647073518,-0.22278675436973572,0.23667163330977015,-0.0708785355091095,0.7097510756544965,-0.04428005963563919,0.8162738953925155,-0.040447767823934555,0.8319396940536994,-0.26092788577079773,0.1637114445291577,0.2491411417722702,0.18428818613048112,0.02714322,0.074561186,0.13761805,0.07160609,0.13854824,0.18474357,0.36577967,0.28451183,0.5514722,2.1267045,2.8675537,0.16113049,0.63106346,0.17524338,1.7946882,0.9827816,1.9135737,0.46060526,0.64484286,Medullary_cords,137.92751719653333
GAAGGGTCATTAAGAC-1,1,73,81,5208,14853.0,5208,4211.1636,Low,1,6,3,6,2,1,7,5,4220.364557712995,0.6365141682948128,-0.34857177734375,0.05905628124276681,0.29825350642204285,0.10940664831527624,0.2503332793712616,0.18212852062813514,-0.26158013939857483,0.16262269248422045,0.01579395681619644,0.9339817609175292,0.31376126408576965,0.09132316273963849,0.07642865,0.08910526,0.0630711,0.06570414,0.14258856,0.0,0.56310236,0.21323434,0.38916177,2.2442782,2.9799337,0.2573883,0.5128927,0.2996584,1.8019993,0.9517175,1.9608712,0.2573883,0.5730927,Medullary_cords,137.92751719653333
GAAGTCAGTTGCACTA-1,1,52,58,6085,19827.0,6085,4343.38,Medium-Low,1,2,0,3,2,7,6,3,2660.234012262831,0.6931471805599453,-0.5211071372032166,0.003149606142691455,0.015191709622740746,0.936494003468465,0.1859498918056488,0.3252001392596345,0.01637832447886467,0.931544695647315,-0.15187853574752808,0.4230220330923204,0.016610903665423393,0.9305749076372345,0.0433874,0.06971336,0.14124145,0.2410168,0.22275357,0.21822323,0.063664205,0.429333,0.63260186,2.0017598,2.9479852,0.30446896,0.5164292,0.18909773,1.4081371,1.0363753,2.4260466,0.10209235,0.55930114,Medullary_cords,275.0018181758077
GAAGTCTCCCTAGCGA-1,1,37,91,5982,18517.0,5982,4449.952,Medium-Low,3,0,2,0,0,4,5,6,239.26763257908496,0.0,0.22367462515830994,0.23476003036137308,0.08764959871768951,0.6451103164425784,0.12073302268981934,0.5250929481720856,0.15143932402133942,0.4243801682588168,0.41102755069732666,0.024045442563349173,0.12656988203525543,0.5051025409869965,0.026250806,0.0,0.23047297,0.41139898,0.06528822,0.0,0.26658905,0.16355893,1.1976483,1.3950787,2.506651,0.19952057,0.8017213,0.2535017,0.88654125,1.4090087,1.8324383,0.18311663,0.24415551,Medullary_cords,276.84652788142387
GAAGTGATTTATCGTG-1,1,39,47,4348,12451.0,4348,3829.4856,Low,5,9,3,5,3,7,1,1,2824.856279529987,1.0114042647073518,-0.2743581533432007,0.1423238421056574,0.16566242277622223,0.38163786388952625,0.06554604321718216,0.730751578896993,0.1565195918083191,0.40881870227013445,-0.17418819665908813,0.35726284253709895,-0.16074331104755402,0.3961291977003933,0.18138453,0.0,0.06559401,0.22735205,0.19452284,0.0,0.3311466,0.14738356,0.23744431,2.3104548,2.846621,0.14738356,0.6533891,0.19343308,1.9162738,1.0199996,1.8519264,0.0,0.31931013,B_cell_zone,0.0
GAAGTGCTGGATAGCT-1,1,15,61,6230,22039.0,6230,4217.79,Medium-High,5,8,0,1,6,3,1,3,3322.7586430554957,1.2424533248940002,-0.4091634750366211,0.024757485809464626,0.04124416410923004,0.8286787459805224,-0.022099854424595833,0.9077188113922403,-0.2334953248500824,0.214304394595237,0.09498647600412369,0.6175772063944972,-0.09606676548719406,0.613564610701052,0.117223896,0.0,0.1549434,0.2456463,0.12711257,0.029679993,0.3253938,0.2936898,0.6125903,2.2170632,2.8777423,0.2678225,0.6369805,0.4340083,1.8359907,0.99980456,2.3559396,0.16146223,0.5788749,Medullary_cords,0.0
GAAGTTTCCACTCAAT-1,1,36,46,4726,13517.0,4726,4014.6128,Low,5,9,4,5,3,6,1,1,2901.2907472364777,1.0986122886681096,0.2167828381061554,0.249870903170954,-0.01881144754588604,0.9214042865712797,0.0029916465282440186,0.9874819781027292,-0.008068469353020191,0.9662471133270967,-0.3524341583251953,0.0561155078818555,-0.23237279057502747,0.21657889106136766,0.17118014,0.005367432,0.10310591,0.16283713,0.26626098,0.058496095,0.23275231,0.29624808,0.55567425,2.2529652,3.0401425,0.06922193,0.22702616,0.32117885,1.9035265,1.036828,2.0616615,0.13844386,0.24364668,Medullary_cords,0.0
GAATAGACGCGACCCA-1,1,42,92,6233,20507.0,6233,4408.624,Medium-High,3,10,2,0,0,4,0,6,553.3263051762495,1.2424533248940002,-0.4900127947330475,0.005982823158156026,0.01677437126636505,0.9298933531975478,-0.07209433615207672,0.7049913916815299,-0.21983429789543152,0.24310298186750334,-0.0970010980963707,0.6101029504889247,0.04511486738920212,0.8128703029011561,0.09760386,0.09736192,0.21615908,0.366409,0.15870306,0.0,0.06376305,0.33393174,0.88500565,1.9070818,2.8111973,0.16231695,0.73721004,0.4538606,1.2777674,1.2475017,2.7361252,0.09929747,0.31204638,Medullary_cords,138.0
GAATAGCCCTGCGGTC-1,1,18,110,6112,21654.0,6112,4204.043,Medium-High,5,12,7,1,4,3,1,1,2834.1280846143845,1.277034259466139,-0.16145747900009155,0.39400605367884156,-0.11294615268707275,0.5523438570486622,0.09405843168497086,0.6210329487493468,0.2854437530040741,0.12625966535818392,-0.2513566315174103,0.18028882844523877,-0.029719259589910507,0.8761145895729604,0.23214655,0.0,0.06893266,0.24258044,0.09490779,0.0,0.36143255,0.27222398,0.5368305,2.2324188,2.9874945,0.18983716,0.41460186,0.5928546,1.9061571,0.80078787,1.8803421,0.0,0.25311622,B_cell_zone,0.0
GAATAGTGCTCGATTA-1,1,60,36,6148,20163.0,6148,4367.2915,Medium-Low,5,1,4,1,5,0,1,1,4444.892012186573,0.8675632284814612,-0.39885184168815613,0.029014663579044784,-0.018733864650130272,0.9217274470492407,-0.26699399948120117,0.1537844828288851,-0.2137652486562729,0.25668490574152963,-0.2602410316467285,0.16486355403248856,0.08806826174259186,0.6435263116054597,0.11900412,0.004642014,0.18329068,0.12821418,0.25449425,0.031200059,0.2791546,0.15103754,0.7403484,2.221842,2.9106998,0.2875205,0.609935,0.18699688,1.826562,1.1817067,2.062559,0.20138338,0.44895566,Medullary_cords,0.0
GAATATTCGGAGTCCC-1,1,13,83,6264,22980.0,6264,4212.598,Medium-High,3,5,2,7,6,3,8,2,3013.5112410608326,0.0,0.26497483253479004,0.1570395018418846,-0.18865026533603668,0.31809708804395087,-0.18860357999801636,0.3182190664082698,-0.006981364451348782,0.9707927369048323,-0.023841310292482376,0.9004815619712994,0.3005427122116089,0.10658107383178826,0.025034197,0.0,0.121270336,0.40473473,0.2857568,0.0,0.16320394,0.40736842,0.8320061,1.5316396,2.4829495,0.09031926,1.3714801,0.522442,0.96770537,1.5272782,1.9587681,0.09031926,0.16456461,Medullary_cords,413.0012106519786
GAATCGACATGGTCAC-1,1,26,42,6318,21874.0,6318,4373.5107,Medium-High,5,3,4,1,1,2,1,1,3477.2030426766855,0.0,0.30851662158966064,0.0971646743902036,-0.15176689624786377,0.42336701771832663,0.0010805875062942505,0.9954783180075514,-0.2606596052646637,0.1641607660667708,-0.47862714529037476,0.007459577045775581,0.2993955910205841,0.1079900557984392,0.22798777,0.0033430157,0.028633669,0.10473643,0.47294325,0.004448496,0.15790732,0.21204683,0.5815919,2.5800002,2.9850378,0.10793987,0.5398755,0.15500136,2.3360965,0.9756854,1.9706075,0.094122976,0.23372504,B_cell_zone,0.0
GAATCGCCGGACACGG-1,1,11,41,6144,21724.0,6144,4172.86,Medium-High,2,8,0,2,1,5,2,3,4574.289562325498,0.45056120886630463,0.013775862753391266,0.9424024472926197,-0.1726633608341217,0.36155279351213165,-0.42594093084335327,0.01893150310975821,-0.0782824456691742,0.6809379887075329,-0.0642683357000351,0.7358125892881399,0.15650533139705658,0.4088619288782159,0.07662353,0.0001459838,0.21652454,0.20289762,0.34909582,0.0,0.15471244,0.36728233,0.4779214,2.0943305,2.595117,0.35249266,0.58083254,0.6295124,1.4088655,1.089527,3.0447934,0.38004076,0.37957916,Medullary_cords,600.4839714763417
GAATCTATACTCGGAC-1,1,2,76,6707,27359.0,6707,4105.0146,High,3,5,2,0,6,3,0,6,4390.329828156422,1.0114042647073518,-0.6777222752571106,3.8817637904772283e-05,-0.016709867864847183,0.9301622849902397,-0.06965865939855576,0.7145374984272111,-0.1422010064125061,0.45349957742477714,0.01212727464735508,0.9492858952148296,0.15075232088565826,0.4265093504349419,0.050063908,0.06273084,0.18189637,0.22370039,0.18330924,0.1332667,0.16503257,0.16887581,0.6451068,1.8542838,2.6209009,0.14647976,0.50063676,0.24472183,1.1618717,1.2157938,2.70016,0.07788697,0.27916104,Medullary_cords,238.40302011509837
GAATCTGAACATTCTC-1,1,42,64,3914,9053.0,3914,4035.2559,Low,4,2,7,4,0,7,4,7,1720.2005697011032,0.6931471805599453,-0.10588451474905014,0.5776096414059405,-0.27065297961235046,0.1480100018027779,0.06809040158987045,0.7207064712110215,0.069142647087574,0.7165653850571945,-0.08528083562850952,0.6541010186291797,0.02556626684963703,0.8933205816431329,0.12356161,0.2844046,0.10149127,0.18295479,0.30758765,0.0,0.0,0.09301604,0.5653573,2.3331182,2.8675659,0.09301604,0.33178526,0.93601036,2.1022203,0.8411402,2.093486,0.18603209,0.0,B_cell_zone,0.0
GAATGAAGGTCTTCAG-1,1,17,117,7960,40168.0,7960,4359.5435,High,0,12,1,4,4,3,4,0,3210.9967299889922,1.0549201679861442,-0.07848518341779709,0.6801549526198236,-0.08492227643728256,0.6554661223741819,-0.21883901953697205,0.24529691484210694,0.12361892312765121,0.5151615437371458,-0.07324416935443878,0.7004999789592279,-0.11477702856063843,0.545877996336584,0.22095396,0.24818745,0.094881475,0.14366697,0.26811084,0.024199216,0.0,0.08336502,0.48993325,2.313258,2.803934,0.18438253,0.52805936,0.6574379,2.0535617,0.8373029,1.798076,0.0,0.27613726,B_cell_zone,0.0
GAATGCCGAAATGACC-1,1,21,17,7723,35607.0,7723,4405.765,High,5,11,4,1,1,6,1,1,5294.170378822351,0.5623351446188083,-0.40213078260421753,0.02760087600265277,-0.08476275205612183,0.6560738126111133,-0.02708101086318493,0.8870390303387268,0.01450798474252224,0.9393468492289001,-0.27171024680137634,0.14637100714161164,0.0010970020666718483,0.995409632544008,0.11310785,0.0032037802,0.023016188,0.21875785,0.2482282,0.13995482,0.25373134,0.35249507,0.71918064,2.2824714,2.885533,0.2187741,0.5674542,0.36168778,1.8277501,1.1299777,2.0284777,0.06187974,0.5176938,Medullary_cords,0.0
GAATGCGAATCGGTTC-1,1,63,69,6427,20666.0,6427,4517.2935,Medium-High,0,6,7,4,2,1,4,0,3267.72153036332,1.0114042647073518,0.18836979568004608,0.31883032820537466,0.013649782165884972,0.942928741678723,-0.10613198578357697,0.5767155930044251,0.43116021156311035,0.017369519482234117,-0.08472321927547455,0.6562244415949906,0.04893231391906738,0.7973496228216266,0.17939048,0.0,0.07657123,0.29722863,0.3292937,0.005107079,0.11240895,0.21956798,0.6209488,2.3311012,2.8426955,0.08461579,0.52275044,0.46528158,2.155079,1.0864084,2.089551,0.16923158,0.28102583,B_cell_zone,0.0
GAATGTATGGCAGGTC-1,1,15,91,6194,21899.0,6194,4323.1143,Medium-High,3,5,2,7,4,3,8,2,2762.249988686759,1.0114042647073518,-0.6481486558914185,0.00010754672122387545,-0.40409836173057556,0.026779814144368308,0.10429045557975769,0.5833832850033563,0.4570727050304413,0.01110781710234684,-0.11334377527236938,0.5509366112058318,0.049796976149082184,0.7938444172148359,0.025922624,0.072762705,0.08089042,0.40012556,0.31004947,0.0,0.11024925,0.61683714,0.9970125,1.6905342,2.7549767,0.32912952,2.1348598,0.22216085,1.2537558,1.4627805,1.7942109,0.30975825,0.3796876,Medullary_cords,240.0
GAATGTGGTCCGGATT-1,1,43,81,5100,13987.0,5100,4287.8066,Low,5,2,4,6,0,4,1,1,768.3749084919418,0.8675632284814612,0.13824182748794556,0.46629719468530895,-0.06791846454143524,0.7213838653761877,-0.12620441615581512,0.5063429821803855,-0.09610242396593094,0.6134323474215945,-0.20466016232967377,0.277978126560923,-0.10369708389043808,0.5855389359785287,0.122200005,0.11339319,0.12578161,0.18061455,0.0,0.30703467,0.15097596,0.13485338,0.7333178,2.3872342,2.9640174,0.06742669,0.56747985,0.17841318,1.886624,0.91858804,2.2591164,0.13485338,0.6667376,Medullary_cords,0.0
GAATGTTGGGTAATCT-1,1,23,69,5179,15193.0,5179,4087.1975,Low,2,3,0,2,4,2,2,4,2221.754486886434,0.6365141682948128,-0.488332599401474,0.006183668908612569,0.00477808341383934,0.9800081476962744,-0.025297420099377632,0.8944361450141813,0.08938892930746078,0.6385396378930261,0.03439438343048096,0.856811781623874,0.06632198393344879,0.7276834544146993,0.024369963,0.07448808,0.31582192,0.116923355,0.0,0.15804355,0.3103531,0.32633576,0.74755645,2.156898,2.7744193,0.36073002,0.7038642,0.36769783,1.5523614,0.9471945,3.2293086,0.3989597,0.4908279,Medullary_cords,138.42326394071193
GAATTATAGTGAAAGG-1,1,34,68,5004,15894.0,5004,3902.6096,Low,5,2,3,5,4,2,3,5,1457.569552371344,1.0114042647073518,-0.038279589265584946,0.8408312996909465,-0.16519764065742493,0.38299376526271234,0.20615537464618683,0.27440570164158384,0.06196867302060127,0.7449488093778893,-0.4057479798793793,0.02610689269080273,0.023578884080052376,0.9015716828330016,0.09561164,0.101712786,0.0861884,0.3211104,0.13769723,0.0,0.25767964,0.4218161,0.6607739,2.1175032,2.8150134,0.18303521,0.5302169,0.49906474,1.5793211,1.2772151,2.322834,0.24404694,0.37229136,Medullary_cords,138.00362314084367
GAATTCACCCGGGTGT-1,1,47,55,6056,19093.0,6056,4353.8164,Medium-Low,2,9,0,0,3,7,0,3,2514.6405309705797,0.6365141682948128,0.1457279473543167,0.44225886719283103,-0.09659716486930847,0.6115984992161865,-0.40179264545440674,0.027744022997306102,-0.2794498801231384,0.13477074429271763,0.06870205700397491,0.718298365575988,0.13274897634983063,0.4843613253971203,0.026914844,0.11580919,0.13476904,0.25089288,0.14251187,0.20693634,0.12216578,0.26502088,0.92703843,1.9313246,2.9469943,0.5664053,0.6006658,0.19487166,1.3130753,1.1672034,2.1819718,0.0,0.5329506,Medullary_cords,364.00137362378183
GAATTTCTCGCTGCAG-1,1,28,30,6287,21996.0,6287,4278.2656,Medium-High,3,11,3,0,1,6,0,3,4167.897431559467,0.8675632284814612,-0.3717007637023926,0.043124955798727986,-0.2852952182292938,0.1264656782852437,-0.004303471185266972,0.9819936238627214,-0.08032353967428207,0.6730696133202816,-0.24164141714572906,0.19828605921562598,-0.2311055213212967,0.21916631900157604,0.08795901,0.0045170886,0.0904607,0.21115547,0.19887418,0.16308448,0.24394915,0.29715413,0.7913206,2.1818428,2.8483713,0.36192867,0.88458794,0.14054202,1.6804924,1.1154093,2.3280597,0.09369468,0.50399834,Medullary_cords,137.92751719653333
GACAAACATATGCAGG-1,1,44,100,6836,25897.0,6836,4368.544,High,3,10,0,0,0,4,0,3,1095.2958504440708,0.8675632284814613,-0.3782712519168854,0.03929006214841205,-0.08743010461330414,0.6459413780669386,-0.15055319666862488,0.4271275812805556,0.16790953278541565,0.37512177700139665,-0.010607647709548473,0.95563406560093,0.2794554531574249,0.13476264099876512,0.052389193,0.15195177,0.16270123,0.19461948,0.19478664,0.030919459,0.21263224,0.35994482,0.61767817,2.0170522,2.8997169,0.19399384,0.74454683,0.4231022,1.5490277,1.1906297,2.233301,0.3151402,0.49011654,Medullary_cords,238.40302011509837
GACAACGACCATTGAA-1,1,25,77,6251,21771.0,6251,4252.2227,Medium-High,2,3,0,2,4,2,2,3,1731.226732695634,0.6365141682948128,-0.24621015787124634,0.18967394350987968,-0.1595713496208191,0.3996274252954293,0.1963120549917221,0.29847140567947716,0.010515175759792328,0.9560204525879555,-0.1592150628566742,0.40069438826163506,-0.3980126976966858,0.029385786468351098,0.09051508,0.0,0.13429372,0.1153318,0.17152308,0.27949944,0.20883687,0.42144167,0.49296725,2.2593641,2.8304095,0.047250506,0.54332083,0.38612685,1.6534209,0.8465016,2.3844094,0.16291688,0.5365646,Medullary_cords,138.0
GACAACGCAGCTTACG-1,1,20,54,6830,24242.0,6830,4564.922,Medium-High,0,3,7,1,1,2,1,0,3181.4344249096193,0.8675632284814613,-0.23251940310001373,0.21628089399722172,0.08155892044305801,0.6683235639036381,0.2074509561061859,0.2713343225409406,-0.020845061168074608,0.9129380843693906,-0.03456274792551994,0.8561180728650695,0.12286803126335144,0.517736722258143,0.11977092,0.06980515,0.03342448,0.23125273,0.31456918,0.19416882,0.037008766,0.07519849,0.6277924,2.3216615,2.879298,0.118369274,0.47010845,0.47731507,2.1557922,1.1008639,2.1830547,0.0,0.36542684,Medullary_cords,0.0
GACACAAGGGAAGAAA-1,1,30,72,7278,27496.0,7278,4524.809,High,1,3,0,3,4,2,6,3,1458.9838929885416,1.0986122886681096,-0.18127769231796265,0.3377181612747786,-0.13630501925945282,0.4726260154518814,-0.09034668654203415,0.6349328942794545,-0.16797959804534912,0.3749196550882861,0.01924923062324524,0.9195809950065809,-0.027664493769407272,0.8846211298149428,0.023707474,0.08121944,0.18366022,0.0871317,0.11314556,0.12690689,0.38422874,0.42985955,0.5322453,2.009272,2.8155384,0.34374127,0.74662614,0.21421218,1.1667286,1.0031259,2.4716475,0.3796243,0.62630653,Medullary_cords,137.55726080436466
GACACCCAAAGACGCG-1,1,75,37,7280,33980.0,7280,4031.819,High,2,4,0,0,5,0,0,4,5654.4213673903005,1.0114042647073518,-0.4210929274559021,0.02048461205360889,-0.036655280739068985,0.8475051792192149,-0.11830739676952362,0.5335113868658893,0.07615133374929428,0.6891885400972878,-0.14803795516490936,0.43497914437048146,0.2494392693042755,0.18374642878800596,0.020341925,0.037644073,0.10989681,0.29031032,0.2539912,0.11307939,0.17473625,0.3012376,0.8422768,2.0147703,2.6952267,0.40696132,0.60745937,0.25133374,1.2270374,1.4110676,2.6964223,0.37471515,0.66250724,Medullary_cords,413.0012106519786
GACACGAGTTAGAGGA-1,1,19,25,5661,18936.0,5661,4039.2688,Medium-Low,2,11,0,2,1,5,2,4,4897.263419502774,1.0986122886681096,-0.41413718461990356,0.02289500535489771,0.034420087933540344,0.8567058651131559,-0.43005192279815674,0.01769194250019321,-0.18018215894699097,0.3406951513011657,-0.26146310567855835,0.16281766597098593,0.04789042845368385,0.801578395412158,0.024767999,0.12253812,0.23702607,0.15185626,0.28054103,0.009698244,0.1735723,0.37773237,0.46068305,2.155016,2.621875,0.36781025,0.75386983,0.106009975,1.2874959,1.1307386,2.8403602,0.18022038,0.4556525,Medullary_cords,364.6601157242179
GACACTGAGTTCAGTG-1,1,44,46,5852,18236.0,5852,4356.6655,Medium-Low,0,9,7,4,3,7,4,0,2978.8247682601273,1.0114042647073518,0.03534800931811333,0.8528839724456898,-0.0840209573507309,0.6589024182968735,0.2896619439125061,0.12051176199161646,0.2647296190261841,0.15743813585794297,-0.2589261531829834,0.16708516443010016,0.0894000306725502,0.6384977855772702,0.10753867,0.089026734,0.0,0.21318619,0.2575847,0.0,0.33266374,0.1472035,0.48936433,2.1927922,2.8965018,0.09255106,0.32344872,0.6967765,2.264673,0.9015175,1.7717977,0.0,0.26914126,B_cell_zone,0.0
GACACTGGAACCCGAT-1,1,52,110,6667,25038.0,6667,4256.1895,Medium-High,2,10,5,3,0,4,6,3,2260.4506187926336,0.6931471805599453,0.0963735282421112,0.6124271653875923,-0.12528462707996368,0.5094715597650447,0.1826159805059433,0.33410302324310387,-0.060774240642786026,0.749707618839082,0.10482647269964218,0.5814390081833618,-0.10497000813484192,0.580918853634681,0.056712605,0.07156491,0.2493577,0.12775579,0.15140368,0.029757138,0.31344816,0.51315457,0.62398815,2.2770083,2.711283,0.24140826,0.5123744,0.38981068,1.4454136,1.012038,2.6095266,0.51170456,0.42621773,Medullary_cords,137.55726080436466
GACAGAGGTCTTCAGT-1,1,77,67,4562,13106.0,4562,3898.4958,Low,1,4,3,5,2,1,3,5,4889.9878322957,1.0397207708399179,-0.03253248333930969,0.8644901917708694,-0.3650974631309509,0.04727440779528737,-0.15158893167972565,0.423917279524768,-0.032850753515958786,0.8631767796809358,-0.2151528149843216,0.25353666173498746,0.17352131009101868,0.35913530971642116,0.06326632,0.09402816,0.0,0.19848208,0.34727028,0.22678949,0.07016369,0.26465455,0.63256925,2.1669714,2.6101065,0.36145735,0.44429445,0.25758612,1.7045019,0.88260037,2.1615562,0.14175555,0.2835111,Medullary_cords,138.00362314084367
GACAGATTTCTGGCTC-1,1,44,8,6916,29156.0,6916,4246.643,High,5,7,4,1,3,6,1,1,5553.4537902101965,0.0,-0.3096981942653656,0.09582462921302519,0.19515232741832733,0.3013918445720983,0.313681036233902,0.09141046327886229,-0.40057018399238586,0.028266594563835925,-0.35877713561058044,0.051537302455987276,0.5291926860809326,0.0026391069206026675,0.24731919,0.00792389,0.0,0.2565359,0.29369384,0.0,0.19452721,0.2101169,0.5741848,2.4652767,2.8710737,0.14744647,0.57943934,0.14482462,2.2468436,1.0674741,1.6546682,0.22116971,0.18535401,B_cell_zone,0.0
GACAGCCAGACCTGAC-1,1,42,86,5789,16873.0,5789,4506.6533,Medium-Low,4,10,1,4,0,4,4,7,498.89477848540366,0.6931471805599453,0.23875559866428375,0.20386306043031555,-0.09952111542224884,0.6008075787658907,0.02574179694056511,0.8925923376251093,-0.1535663902759552,0.41782527461136476,-0.18306535482406616,0.3328944320994366,-0.0007900074124336243,0.9966942328281486,0.1770637,0.13004214,0.0,0.22268902,0.46068534,0.009519831,0.0,0.1858993,0.5170417,2.3358872,2.8863535,0.11635736,0.4395272,0.9656979,2.0735404,0.7915442,1.86891,0.0,0.28544265,B_cell_zone,0.0
GACAGGCACACACTAT-1,1,38,22,4889,15765.0,4889,3860.0835,Low,1,7,6,6,3,6,7,5,4543.013317171764,0.6931471805599453,-0.12962432205677032,0.4947948578950674,0.2814297080039978,0.1319143792493143,0.33640360832214355,0.06911690266650618,-0.19245506823062897,0.3082534083989706,-0.2675599157810211,0.15288095267691817,0.10878276824951172,0.5671779346548151,0.04018946,0.0014534742,0.1384026,0.049195137,0.016657382,0.01581256,0.73828936,0.5744952,0.42777544,2.0284424,2.921524,0.12281232,0.4094324,0.18421848,1.4541322,1.0262352,1.872685,0.0,0.70235837,Medullary_cords,275.98007174431996
GACAGGTAATCCGTGT-1,1,76,116,4942,14992.0,4942,3944.4792,Low,1,13,5,5,7,1,3,5,4943.170035513648,0.5623351446188083,0.17567317187786102,0.3531142948854425,0.10574472695589066,0.5781149307175679,0.006511541083455086,0.9727575435003951,0.16891226172447205,0.37223520281329525,-0.3600045144557953,0.050686536030037685,-0.05912536010146141,0.7562918149075458,0.040648226,0.13671285,0.026082477,0.14102563,0.3955051,0.21621038,0.04381536,0.12776643,0.50022024,1.9957674,2.6684856,0.31941608,0.46744308,0.16983832,1.4599255,0.9558839,2.1305516,0.0,0.47091758,Medullary_cords,365.7608508301565
GACATCCGTCGAACTG-1,1,65,71,4860,13517.0,4860,4090.8628,Low,2,6,0,2,2,1,2,3,3439.24599294671,0.6365141682948128,0.2802228033542633,0.1336502948481276,-0.004525667987763882,0.9810640797099693,-0.2759610414505005,0.13991373179934824,-0.00818045437335968,0.9657789153613314,-0.23531654477119446,0.21064894679881932,0.2589656114578247,0.16701818812432767,0.080335155,0.0,0.14508042,0.23425733,0.0,0.4909062,0.04942088,0.48860702,0.70446825,2.320695,2.7721703,0.13845171,0.3654889,0.27690342,1.8699152,1.2523023,2.4611359,0.13845171,0.34623387,Medullary_cords,0.0
GACATCGATTTATAAC-1,1,52,50,6223,22513.0,6223,4153.3438,Medium-High,1,2,5,3,2,7,6,3,3107.7966471440823,0.45056120886630463,-0.31557029485702515,0.08937142205532238,-0.16501416265964508,0.38352978967603824,0.008716598153114319,0.9635375099937673,-0.1720486432313919,0.3632908261452775,-0.19399847090244293,0.3043152832338988,0.18532459437847137,0.3268587155917847,0.014828706,0.12896626,0.3273305,0.02814617,0.024700988,0.0,0.4760274,0.32653874,0.460342,2.1205368,2.7106469,0.09189019,0.4787563,0.31075373,1.4470482,0.88584787,2.686102,1.028008,0.4433911,Medullary_cords,276.0018115882575
GACATTTCGCCCAGCC-1,1,72,16,6340,26441.0,6340,3995.8076,High,5,1,4,1,5,0,1,1,6414.837566143043,0.410116318288409,-0.006425790023058653,0.973116172594993,0.2205885797739029,0.24144899755810853,-0.1672210395336151,0.37711130258051895,-0.3922004699707031,0.03206354163321517,-0.07397867739200592,0.6976360470037313,0.40870213508605957,0.02493634719031213,0.22703424,0.006153775,0.054708015,0.20773204,0.13862027,0.0,0.36575168,0.17279775,0.45357388,2.203672,2.744297,0.040097337,0.60083365,0.3157964,1.7570304,0.89252114,1.7857769,0.16038935,0.47114533,Medullary_cords,137.00364958642524
GACCACACTTCCCTTT-1,1,70,80,3116,7675.0,3116,3474.39,Low,5,6,3,1,2,1,1,1,3872.9712108405865,0.45056120886630463,0.08332695066928864,0.6615529829260308,-0.14739395678043365,0.4370020287516744,-0.3258957862854004,0.07883306607936216,0.015802573412656784,0.9339458216903399,-0.08487920463085175,0.6556301783599393,0.30376192927360535,0.10270053828626534,0.056070644,0.20470777,0.05238047,0.06700442,0.14084513,0.34245235,0.13653928,0.20854574,0.3278808,2.2932842,2.9279425,0.10427287,0.42491317,0.0,1.8861941,0.84763896,1.8686314,0.0,0.278061,B_cell_zone,0.0
GACCAGAGCCCTGTAG-1,1,31,47,4901,15359.0,4901,3858.7727,Low,1,3,3,5,3,6,3,5,2943.728418179911,1.0114042647073518,-0.20274865627288818,0.2825885639607822,0.31854450702667236,0.08623179704257862,0.19629855453968048,0.2985052995585338,-0.08570235967636108,0.6524975933814803,-0.5228666067123413,0.0030318185610118077,0.035653822124004364,0.8516251111362553,0.084872305,0.108780995,0.2040666,0.18752672,0.1394512,0.000906422,0.27439573,0.19805957,0.46690187,2.1057389,2.6724517,0.19805957,0.67728907,0.16692606,1.6750227,0.96670467,2.5215585,0.12537086,0.38086647,Medullary_cords,137.92751719653333
GACCAGGTCATTCATA-1,1,3,69,4377,11988.0,4377,3950.4524,Low,3,5,7,0,6,3,5,6,4391.451354620702,0.8675632284814613,-0.6419442892074585,0.00013139102384294229,0.04318205267190933,0.8207555602248112,0.212124302983284,0.2604410105767263,-0.1143660917878151,0.5473261536493014,0.13812869787216187,0.4666656356810171,0.07370398938655853,0.6987066133449581,0.14532517,0.0,0.039234016,0.56252325,0.17927575,0.0,0.07364183,0.07582384,0.9109844,1.8998125,2.7100692,0.27936655,0.66352284,0.3551904,1.4599082,1.4338605,2.1689346,0.0,0.10109846,Medullary_cords,137.55726080436466
GACCCAATTATGATAC-1,1,54,20,6201,22391.0,6201,4147.95,Medium-High,2,7,5,3,5,0,0,3,5057.880979224403,0.0,0.2837081551551819,0.12868234655882568,-0.26373541355133057,0.15906180274703785,-0.14825820922851562,0.4342884716187923,-0.14237108826637268,0.4529540384847133,0.09989308565855026,0.5994406637478945,0.2836063802242279,0.12882546393097793,0.029159721,0.0,0.33534005,0.1325636,0.02287855,0.17160526,0.3084528,0.3013041,0.77197254,2.0497525,2.8489642,0.25189206,0.5177377,0.19857813,1.2215827,1.1542768,2.720927,0.5452632,0.530126,Medullary_cords,552.826374189944
GACCCGTCGCCGGCTA-1,1,9,59,6584,24141.0,6584,4332.0713,Medium-High,5,8,4,1,6,3,1,1,4005.3763868081114,1.3296613488547582,-0.338302880525589,0.06746455960495153,-0.1310901641845703,0.4898861776596382,-0.051005613058805466,0.7889513950231463,0.23147594928741455,0.2184078435771471,0.10927616059780121,0.5654106026376481,0.1086578294634819,0.5676258621637099,0.19555831,0.109891415,0.02399838,0.29346395,0.04734134,0.0,0.32974663,0.07543468,0.6157601,2.206573,2.9400947,0.32416305,0.6042683,0.28083962,1.9362273,0.9729092,1.7576616,0.0,0.20809707,B_cell_zone,0.0
GACCGACGTGAAAGCA-1,1,38,112,7150,27373.0,7150,4481.7534,High,1,0,0,3,0,4,6,3,1652.0048426079145,1.0114042647073518,0.0024530645459890366,0.9897354498227472,-0.19684827327728271,0.2971271545043666,-0.22073239088058472,0.24113450144862925,0.037787970155477524,0.8428501212213697,0.12952201068401337,0.4951383940681848,-0.02487046644091606,0.8962081683168733,0.042003263,0.08852275,0.1759759,0.14248218,0.12920773,0.14196047,0.27984777,0.41758978,0.6799104,2.1235213,2.795585,0.40772086,0.5829315,0.30747375,1.5287312,1.1762713,2.3130968,0.5370997,0.5888895,Medullary_cords,414.40318531594323
GACCGACTGAAGCGTC-1,1,34,22,5317,18352.0,5317,3900.1904,Medium-Low,5,7,3,5,3,6,3,5,4568.036777435138,0.6931471805599453,-0.1149774044752121,0.5451725157648355,0.10227391123771667,0.5907233492453194,0.08570463955402374,0.6524889251270239,-0.20538024604320526,0.2762539539873734,-0.304446816444397,0.10188883815503223,-0.065411776304245,0.7312828947901175,0.12458421,0.0002703347,0.19156426,0.201582,0.19235848,0.037205648,0.25243512,0.19645958,0.673144,2.0290768,2.9754596,0.32750055,0.39986843,0.6019697,1.4015071,0.87932336,1.9776798,0.0,0.4293261,Medullary_cords,276.0018115882575
GACCGATTAAATATGT-1,1,68,16,7205,29434.0,7205,4330.187,High,1,1,3,6,5,0,7,5,6121.768126938491,0.6365141682948128,-0.3341730833053589,0.07109735010942742,-0.10788238793611526,0.5704095299392005,0.09645747393369675,0.6121160568815297,-0.37741172313690186,0.03977558298691165,-0.24793606996536255,0.1864894295129261,0.17639632523059845,0.35110450674690946,0.042450015,0.04528364,0.11230542,0.12150518,0.13484038,0.19120744,0.352408,0.35097283,0.6037501,2.160689,2.9288166,0.23931454,0.48901004,0.124405675,1.5409491,0.91805977,2.3261132,0.33238152,0.64335644,Medullary_cords,137.55726080436466
GACCGCGTCTGACGTG-1,1,50,112,6251,26536.0,6251,3710.5796,High,2,10,5,2,0,4,2,4,2190.5917008881415,0.45056120886630463,0.20079569518566132,0.28734928774814594,0.22914333641529083,0.22321382431641262,0.01744818314909935,0.9270845105703887,-0.13489356637001038,0.4772661554338803,-0.015767443925142288,0.9340923451477808,0.06891623139381409,0.7174557780727628,0.034117352,0.0016663269,0.3498107,0.052763917,0.039318632,0.3001066,0.22221647,0.35178977,0.46599478,2.2349856,2.5832741,0.2144767,0.5742676,0.24471845,1.3699054,0.76430184,3.0180783,0.77678,0.6052263,Medullary_cords,365.3833603217311
GACCGTCAGGTCGTGA-1,1,13,81,5065,15428.0,5065,4064.368,Low,3,5,2,7,6,3,8,2,3032.683630054411,0.0,0.13057410717010498,0.4916114724632789,-0.1535785049200058,0.41778810366716385,-0.04374723136425018,0.8184480062849248,-0.10345976054668427,0.5864020819316329,-0.08240429311990738,0.665083029893069,0.09902508556842804,0.602632455499998,0.07336459,0.0024932197,0.14659892,0.4111002,0.06176359,0.30467948,0.0,0.10391481,0.8696686,1.6708272,2.3527002,0.29128993,1.286047,0.12491673,1.0166574,1.7072103,1.7334118,0.4576631,0.30510873,Medullary_cords,498.7604635493876
GACCGTGCTGACGGTG-1,1,40,52,4678,14295.0,4678,3862.8003,Low,1,9,3,5,3,7,3,5,2489.18560979289,0.0,-0.1791519969701767,0.3435089465473343,0.1177644431591034,0.5354045647064494,-0.04214057698845863,0.8250116052733037,0.07426422089338303,0.6965237753267418,-0.12224740535020828,0.5198698956511681,0.09373567998409271,0.6222366333561806,0.093183056,0.0,0.033793826,0.1305144,0.06671356,0.22814314,0.44765198,0.28508133,0.56574345,2.1245809,2.833917,0.06629869,0.57016265,0.37458608,1.6620022,0.97483015,1.8944802,0.0,0.5111532,Medullary_cords,137.55726080436466
GACCTTCCACGTCTAC-1,1,66,74,5597,18427.0,5597,4072.3115,Medium-Low,2,6,0,3,2,1,0,3,3489.235016447015,0.45056120886630463,0.2872951030731201,0.12371258956614202,-0.1849672496318817,0.3278088857167016,-0.2206086367368698,0.24140511923117874,0.1416120082139969,0.4553914992442621,0.08430587500333786,0.6578154242455018,0.14152733981609344,0.45566380748469054,0.026898053,0.0016590904,0.18588446,0.21982028,0.25864837,0.22502375,0.082066,0.21818411,0.86521876,1.8924267,2.764376,0.1625709,0.47080988,0.25443882,1.3468364,1.3934441,2.402061,0.29211643,0.82680535,Medullary_cords,238.76766950322232
GACGACGATCCGCGTT-1,1,52,70,4364,11868.0,4364,3858.9395,Low,2,2,5,2,2,7,2,4,2085.095921054952,0.45056120886630463,0.010962506756186485,0.9541514063753664,-0.042267587035894394,0.8244923091108907,-0.06660294532775879,0.7265735270566226,0.21723997592926025,0.2488491628385086,0.08552730083465576,0.6531633117567238,-0.4385169744491577,0.01535043058706953,0.092910744,0.0,0.071695805,0.20376283,0.29116082,0.0,0.34046975,0.58642155,0.54528886,2.2636027,2.6895664,0.15759206,0.7287557,0.07640215,1.7200487,1.2011112,2.4439635,0.46798843,0.30560863,Medullary_cords,276.4814641164937
GACGAGGCTAATAAAC-1,1,56,100,7833,33330.0,7833,4494.1997,High,3,10,3,0,0,4,0,3,2309.0993915377485,1.475076311054695,0.09190866351127625,0.629068328922935,0.2372240126132965,0.2068663432950876,0.003773460164666176,0.9842109774822458,0.1977694034576416,0.2948269101468921,0.15400654077529907,0.4164759584353531,0.12318062782287598,0.516663910148222,0.015365137,0.04315021,0.06478955,0.23912239,0.21651371,0.20122126,0.21983778,0.3547681,0.67289263,1.7781413,2.7031822,0.21144181,0.68834394,0.25888288,1.443433,1.272259,1.7017823,0.18311621,0.8459503,Medullary_cords,137.92751719653333
GACGATATCACTGGGT-1,1,72,34,5254,15082.0,5254,4246.966,Low,3,4,2,0,5,0,5,6,5514.034185603133,0.45056120886630463,-0.2785318195819855,0.13611048518135654,-0.0017977096140384674,0.9924776120056336,0.1661296784877777,0.38027755677708175,0.14820313453674316,0.4344611186750251,-0.4113675355911255,0.023917401676559022,0.1840948611497879,0.330135650857116,0.095805995,0.0012780577,0.0,0.72683716,0.124201976,0.0,0.05187679,0.10552327,1.0502342,1.5782913,2.439933,0.12716211,0.87885284,0.06358106,1.0841423,1.8224194,1.5421888,0.25432423,0.08477475,T_cell_zone,275.0
GACGCATACCCGTCGG-1,1,64,6,673,1026.0,673,1739.3036,Low,5,1,6,5,5,0,3,1,6446.716451031486,0.0,0.3941163718700409,0.031159874881562778,0.13153278827667236,0.4884088430778035,0.04346815124154091,0.8195872709806388,-0.09542179107666016,0.6159589781661492,0.06235755607485771,0.7434014112914207,0.06838531047105789,0.7195450776186144,0.50212157,0.0,0.10766582,0.0,0.39021254,0.0,0.0,0.29682356,0.26384318,1.844357,2.5370882,0.0,0.0,0.0,0.8991135,0.39576477,1.0789361,0.5936471,0.0,Medullary_cords,138.0
GACGCCGTAAAGGCTA-1,1,54,54,5883,21501.0,5883,3923.6282,Medium-High,2,2,5,2,2,7,2,4,3025.0586771168587,0.0,-0.40618008375167847,0.025932927963180162,0.08886028081178665,0.6405339089652962,-0.061660438776016235,0.7461759910611127,-0.1791893094778061,0.3434067865923864,-0.19510020315647125,0.3015235253221211,0.13474425673484802,0.47775838383830777,0.08228206,0.08014418,0.3058338,0.20387259,0.21914573,0.0,0.1087216,0.4231708,0.5444873,2.3640113,2.562719,0.22684921,0.6481735,0.3442467,1.4329411,1.1543503,3.1829548,0.095479965,0.36478966,Medullary_cords,239.0
GACGCCTGTTGCAGGG-1,1,11,31,6649,25235.0,6649,4270.706,Medium-High,3,8,2,0,1,5,5,6,5083.9882966033665,0.0,-0.7030841708183289,1.4718554992817373e-05,-0.3546564280986786,0.054476477018322964,0.25300416350364685,0.17735452055937395,0.3183490037918091,0.08643555156806372,-0.34905678033828735,0.05868050588753333,0.05302072688937187,0.7808110031536554,0.031104263,0.0,0.14446308,0.38744542,0.17607641,0.00065353443,0.2602573,0.33346143,1.0077068,1.6007624,2.4600062,0.46695697,0.5732195,0.4163946,1.1059362,1.4592035,2.1687908,0.0,0.38076448,Medullary_cords,275.98007174431996
GACGCTTGCTTCTAAA-1,1,38,36,5146,16507.0,5146,3965.7463,Medium-Low,1,9,3,5,3,6,3,5,3579.0113159921693,1.0114042647073518,-0.1413061022758484,0.45637575440706785,-0.011066576465964317,0.9537166143048068,0.27411580085754395,0.14269084992127898,0.0630553662776947,0.7406272247918483,-0.24593901634216309,0.1901776526262445,0.42254334688186646,0.020009329787135283,0.08888543,0.11186932,0.16603892,0.05208326,0.034766324,0.0,0.5463567,0.27996844,0.45360225,2.109583,2.9859293,0.0,0.25767753,0.158446,1.5986124,0.88529927,1.8928767,0.11842893,0.48389924,Medullary_cords,137.0
GACGGACCGCGTTCCT-1,1,4,58,6514,23782.0,6514,4406.439,Medium-High,4,8,1,4,6,5,4,7,4565.754483105722,0.8675632284814613,-0.1584703028202057,0.40292991961302405,-0.08393990248441696,0.6592117766737103,0.09794512391090393,0.606613730821551,-0.0749058723449707,0.6940266159757118,-0.17098334431648254,0.3663144945870444,-0.09398540109395981,0.6213052285145236,0.20033154,6.8395143e-06,0.12859793,0.21181689,0.43638578,0.022861,0.0,0.10200123,0.5397026,2.21925,2.6171865,0.08774978,0.39646563,0.52649486,1.97523,0.9403447,1.7449744,0.0,0.25300136,B_cell_zone,0.0
GACGGGATGTCTTATG-1,1,1,25,6231,23628.0,6231,4178.3794,Medium-High,4,8,1,4,1,5,4,7,6200.133063088243,0.5623351446188083,-0.49511003494262695,0.005407132246396895,-0.2824172079563141,0.1305063660225205,-0.10021807253360748,0.5982474941617828,0.09619997441768646,0.6130705772170343,-0.29493194818496704,0.11360546861006654,0.313420832157135,0.09169404255662938,0.11128208,0.09422876,0.051442012,0.39934546,0.2632965,0.05013167,0.030273471,0.0882348,0.56809676,1.9614671,2.582005,0.0882348,0.50031483,0.85750306,1.7210711,1.0611024,1.6921322,0.0,0.43832886,B_cell_zone,137.0
GACGGGTTGGCCCGTA-1,1,61,51,6939,26040.0,6939,4375.13,High,2,4,0,3,2,0,0,3,3751.629112798865,0.6365141682948128,0.02520798146724701,0.8948073090845985,-0.2562723457813263,0.17163360903309055,0.07412407547235489,0.6970696039717553,-0.08869992196559906,0.6411393320755926,0.11700214445590973,0.5380679462975663,-0.019645199179649353,0.9179321976789259,0.059714284,0.0,0.18626538,0.20272645,0.27402073,0.008627814,0.2686453,0.3534477,0.54603237,2.0415525,2.805866,0.29677972,0.67857647,0.4695303,1.4472882,1.0846806,2.3875327,0.36618727,0.44928032,Medullary_cords,364.00137362378183
GACGGTCAATAGAAGC-1,1,30,100,7377,30186.0,7377,4487.9814,High,5,0,7,1,0,2,1,1,1265.1387275710122,1.0114042647073518,-0.25870653986930847,0.16745828366384832,0.0923568606376648,0.6273895929549379,-0.01655256189405918,0.9308181668654704,-0.2482052743434906,0.18599610233878694,-0.42278504371643066,0.019931020189609943,-0.06846830993890762,0.7192183239762562,0.13311106,0.13259156,0.04333206,0.23233296,0.34822008,0.0459216,0.06449067,0.15779692,0.61965907,2.2651632,2.8220332,0.10730575,0.5550515,0.42982253,2.0681486,1.0173038,1.7785021,0.0,0.28447002,B_cell_zone,0.0
GACGTGAGACTCCATG-1,1,8,30,6375,22776.0,6375,4296.413,Medium-High,3,8,2,0,1,5,5,6,5370.8369924994,0.0,-0.3129493296146393,0.09220960358668882,-0.07410731911659241,0.6971348753892181,0.05706866458058357,0.7645279232685129,-0.1217384859919548,0.5216223102969407,-0.09692476689815521,0.6103854464470826,0.06040274724364281,0.7511895551407871,0.02569344,0.003033908,0.052757435,0.40528098,0.17479897,0.19885607,0.1395792,0.31206518,1.2218224,1.4410053,2.4177663,0.13650097,0.45658833,0.26323766,0.84890807,1.52298,1.718994,0.09100065,0.331431,Medullary_cords,631.31687764545
GACGTGTAGGGATTAT-1,1,28,32,1508,2577.0,1508,2740.1174,Low,5,11,4,5,1,6,3,1,4036.7695004793127,0.8675632284814612,-0.26304155588150024,0.16020203491669902,-0.20230785012245178,0.28365867204962897,-0.2263699322938919,0.2290204095380717,-0.07809483259916306,0.6816628982992192,-0.06653349101543427,0.7268478533103033,0.02041083574295044,0.9147450693871645,0.051774707,0.013054001,0.0,0.36668617,0.56848514,0.0,0.0,0.0,0.5284146,1.9290435,2.8883727,0.19815548,0.19815548,0.39631096,1.4550908,1.215452,1.3275186,0.0,0.2642073,B_cell_zone,137.92751719653333
GACGTTCGTAAATACA-1,1,24,116,8592,44200.0,8592,4448.3438,High,3,0,2,0,4,2,5,6,2554.904499193659,0.45056120886630463,-0.4750184416770935,0.007987712318976568,-0.05750599130988121,0.7627744907937906,0.4193391501903534,0.02107168480699561,-0.09513064473867416,0.6170410826793121,-0.47409018874168396,0.008128564502259987,-0.16208785772323608,0.3921374276512611,0.016676964,7.118246e-05,0.00828781,0.34149915,0.29514843,0.09378032,0.24453618,0.18014367,0.97249496,1.6458254,2.674262,0.32901996,0.6009672,0.35743892,1.1539621,1.5792571,1.937409,0.10198432,0.3887526,Medullary_cords,364.3295211755424
GACGTTGCTCGGCGGC-1,1,73,31,7014,26706.0,7014,4435.132,High,3,4,7,0,5,0,0,6,5741.809209648122,1.2424533248940002,-0.3658871054649353,0.04676212040813692,0.08768349140882492,0.6449820272273271,-0.2600751221179962,0.16514270886276491,-0.030515922233462334,0.8728200634902171,-0.012302559800446033,0.9485538381358076,0.051232658326625824,0.7880331006868689,0.08772479,0.0016857522,0.0,0.28516468,0.32477334,0.011723643,0.28892773,0.19394419,0.66193306,2.093449,2.773535,0.22890614,0.5778294,0.3675862,1.7471945,1.2600471,1.8192908,0.1882529,0.25859225,Medullary_cords,138.0
GACTAACACAGCACCT-1,1,8,90,7411,30525.0,7411,4503.0146,High,5,12,7,1,6,3,1,1,3595.315007061273,0.8675632284814613,-0.4116695523262024,0.023804128965982965,-0.027216747403144836,0.886476460843731,-0.06739093363285065,0.7234635088733838,0.19458413124084473,0.30282922353672576,-0.4178001284599304,0.021598212626676206,-0.3394116759300232,0.06651422042100777,0.11353863,0.0028744598,0.10697933,0.30121282,0.2298572,0.0,0.24553758,0.22752316,0.75626713,1.9647359,2.6758564,0.10626793,0.5755839,0.5803658,1.4363099,1.1720344,1.9411191,0.14169057,0.1679784,Medullary_cords,138.00362314084367
GACTAAGATCATGCAC-1,1,23,53,5986,18505.0,5986,4421.5864,Medium-Low,5,3,4,1,1,2,1,1,3005.037437370789,0.6365141682948128,-0.00807592086493969,0.9662159589713062,0.028754299506545067,0.8801078086098281,0.33595603704452515,0.06951081933258041,0.052774764597415924,0.7818034120201667,-0.3419182598590851,0.06440425625151168,0.10231684148311615,0.5905666689208192,0.11635161,0.21327415,0.06350924,0.008641619,0.20873278,0.0,0.38949066,0.108014375,0.39933807,2.4743996,2.924255,0.19961128,0.86635876,0.14560409,2.0889752,0.9691401,1.9219916,0.1831938,0.2827391,B_cell_zone,0.0
GACTAAGTAGGCTCAC-1,1,27,43,5680,17902.0,5680,4227.722,Medium-Low,5,3,4,1,1,2,1,1,3366.3483182819928,0.6829081047004717,0.18796832859516144,0.31988171397664383,-0.29978877305984497,0.10750555887047152,-0.10234344005584717,0.5904696025399064,-0.02926924079656601,0.877976502314655,-0.5741438269615173,0.0009077478134348842,0.19984954595565796,0.28967399535738525,0.100115515,0.09675194,0.18383269,0.18751965,0.1752312,0.01189165,0.24465732,0.23397708,0.5521763,2.335184,2.9750836,0.21679202,0.45608264,0.14923467,1.9022391,1.1478604,2.3948324,0.18752286,0.50760937,Medullary_cords,0.0
GACTACAAAGCGGTGG-1,1,49,21,7058,43409.0,7058,3202.6316,High,2,7,5,2,3,6,2,4,4796.782463276816,0.0,-0.07003099471330643,0.7130754323494717,-0.0588315948843956,0.7574666301641567,0.06457973271608353,0.7345781346089855,-0.18741156160831451,0.3213433510260662,-0.04221300035715103,0.824715484559714,0.043642375618219376,0.8188760074779818,0.075973384,0.0,0.4472589,0.17463419,0.16797015,0.0,0.13416342,0.25338393,0.4809889,2.1840549,2.229438,0.17693767,0.37585354,0.19078203,1.1375767,0.8036442,3.5203185,0.13134494,0.37800214,Medullary_cords,632.5693637855061
GACTACAATTGCTCGT-1,1,8,82,4981,14410.0,4981,4082.8872,Low,3,5,0,0,6,3,0,1,3616.5874799318763,1.0986122886681096,-0.2049192190170288,0.2773570441113258,0.1718970686197281,0.3637201414620057,-0.04612674564123154,0.8087492574517576,0.29566362500190735,0.11267040686614016,0.17428800463676453,0.3569831050710427,-0.030799608677625656,0.8716474042871769,0.094648376,0.0028475826,0.115519695,0.14716992,0.14193615,0.2767076,0.2211707,0.14069277,0.5832398,2.176177,2.6747942,0.13176762,0.5792314,0.41525763,1.5489161,1.2373643,2.2502255,0.13176762,0.40860605,Medullary_cords,138.0
GACTAGGCCGTTAGGT-1,1,66,78,5477,17567.0,5477,4099.9233,Medium-Low,5,6,4,1,2,1,1,1,3424.1985923716516,0.45056120886630463,0.06385224312543869,0.7374630895244205,-0.16233374178409576,0.39140993556166603,-0.16387760639190674,0.3868598615920031,0.1273522824048996,0.5024520646417087,0.1732453852891922,0.35991174617008564,0.01217733696103096,0.9490768119092703,0.09354161,0.0,0.02729175,0.14367549,0.22614123,0.2023767,0.30697316,0.2639985,0.5980493,2.314369,2.8259792,0.09501677,0.5490488,0.19003354,1.9392769,1.1042291,2.0628262,0.4743472,0.4429205,Medullary_cords,0.0
GACTCACCCACGTGAG-1,1,38,106,5528,17008.0,5528,4184.9956,Medium-Low,2,0,0,3,0,4,0,3,1239.0036319559358,0.6931471805599453,-0.3669610023498535,0.046072514631859025,-0.3009556531906128,0.10607725377469183,0.04822475463151932,0.8002208376966741,0.3146354854106903,0.09037597300698362,-0.051785364747047424,0.7857988219628577,0.20542937517166138,0.2761365706632143,0.012085946,0.06086501,0.15180333,0.22544278,0.0849267,0.19544363,0.2694326,0.26185432,0.89772016,2.1911776,2.6490362,0.23123552,0.5787881,0.4370722,1.4126265,1.3543382,2.3980842,0.11561776,0.69606197,Medullary_cords,366.3659372812926
GACTCCCAGAATAAGG-1,1,27,111,8041,37615.0,8041,4596.5776,High,4,0,1,4,0,2,4,7,2059.4759042047567,0.0,-0.3755691349506378,0.040832615227598464,-0.005769494920969009,0.9758611028163963,0.4348020553588867,0.01634412211689378,-0.2709362506866455,0.14756957619181818,-0.3831719160079956,0.03661191458627857,-0.03273531049489975,0.8636531396450471,0.19515601,0.0686678,0.10355034,0.048047297,0.39449632,0.0,0.19008225,0.058941815,0.34052256,2.2537208,2.4678185,0.08277303,0.39340863,1.1714871,1.9750714,0.68582624,1.9862541,0.058941815,0.14965858,Medullary_cords,0.0
GACTCCTTCCAATTGA-1,1,56,10,7884,34157.0,7884,4534.0557,High,1,1,4,3,5,0,0,3,5785.936138603674,0.6931471805599453,-0.7022030353546143,1.5248114286409126e-05,-0.1770605593919754,0.3492645181053957,0.0006946474313735962,0.9970932626108234,0.15089699625968933,0.42606047915938333,0.19529367983341217,0.3010349302569332,0.4185890853404999,0.021326960327652113,0.053026758,0.040425956,0.07611123,0.15407325,0.104223095,0.19059455,0.38154522,0.21647148,0.6746801,2.126627,2.9346232,0.21811591,0.53812975,0.42652786,1.6123476,1.1744243,1.8098012,0.11523533,0.5327837,Medullary_cords,138.42326394071193
GACTCGCGGGAATGAC-1,1,28,96,6410,21845.0,6410,4426.2495,Medium-High,3,0,0,0,4,2,0,6,1318.2962489516535,0.8675632284814613,-0.4281900227069855,0.018244754583632183,0.2799687683582306,0.1340177964552637,-0.36722618341445923,0.04590348007208336,-0.026900997385382652,0.8877851916255881,0.05839641019701958,0.7592079782116857,0.049470532685518265,0.7951673095147649,0.08189084,2.523909e-05,0.13933776,0.36382,0.21413125,0.04476521,0.15602973,0.17719594,0.998646,1.9210885,2.6464882,0.22259066,0.61497104,0.44690013,1.4063436,1.3672824,2.305482,0.0,0.52626383,Medullary_cords,138.42326394071193
GACTCGGTCGGCGGAT-1,1,9,107,5729,18421.0,5729,4274.76,Medium-Low,5,12,4,1,4,3,1,1,3711.1421422521666,0.45056120886630463,0.22282512485980988,0.2365888065294719,0.04594547301530838,0.809487155649017,-0.04803817719221115,0.8009783799646961,-0.37831273674964905,0.039266749499069754,-0.4118162989616394,0.02374924991459243,0.38531494140625,0.03548793757741693,0.1583782,0.29098886,0.09226801,0.07766403,0.13547853,0.047506034,0.19771634,0.120805286,0.47126245,2.3736358,2.9793377,0.16261387,0.6087673,0.3087076,2.0139618,0.77198195,1.602985,0.0,0.31731045,B_cell_zone,0.0
GACTCTAGAGTTCCAA-1,1,74,56,4659,11947.0,4659,4153.181,Low,3,4,0,0,2,1,0,6,4842.518766096834,0.45056120886630463,-0.2550106346607208,0.17382653689660768,0.09722436964511871,0.6092769547115737,-0.3435627222061157,0.06304861150823186,-0.078635573387146,0.6795743103913998,-0.2631196081638336,0.1600734791250951,0.3468003273010254,0.06044484306947635,0.015422625,0.07998381,0.11012248,0.12612006,0.02470146,0.32776177,0.31588784,0.4026429,0.53658843,1.8335123,2.778585,0.07601878,0.6573493,0.27498734,1.2751311,0.99008,2.2260249,0.0,0.2652914,Medullary_cords,630.7154667518469
GACTGATTGGTCACAA-1,1,9,101,5559,18880.0,5559,3975.2817,Medium-Low,1,12,3,5,4,3,3,5,3586.4179901400225,0.8675632284814613,0.06623359024524689,0.7280327621530965,-0.2167222499847412,0.25000653014892305,-0.06626318395137787,0.727915809950262,-0.1852007508277893,0.32718782064009766,-0.018905675038695335,0.9210118119014375,0.12783017754554749,0.5008365642127822,0.06809972,0.087214924,0.21058033,0.18818006,0.16617835,0.0,0.27974662,0.1593923,0.5542439,2.0902817,2.8034573,0.30282018,0.7548344,0.30282018,1.5839267,1.1597915,2.386595,0.1805942,0.4206224,Medullary_cords,138.42326394071193
GACTGCAAATCGAGCT-1,1,59,75,6421,21675.0,6421,4432.4023,Medium-High,5,6,0,1,2,1,1,1,2670.326759031561,1.3296613488547582,-0.5234386920928955,0.002994347043534999,0.21346469223499298,0.25737020205806793,0.281985342502594,0.1311207733243587,-0.1982802450656891,0.2935561131358943,-0.14075005054473877,0.45816774731521165,0.1766497641801834,0.35040177403321743,0.16321461,0.0019539527,0.32601258,0.40225962,0.05949083,0.0137312785,0.03333714,0.24320745,0.7457183,2.0981607,2.781409,0.23775646,0.47558433,0.3562941,1.7276312,1.0236417,2.2405376,0.18969867,0.3802415,Medullary_cords,138.00362314084367
GACTGCACCAGCCCAG-1,1,46,80,5504,16313.0,5504,4259.689,Medium-Low,1,10,4,3,0,4,6,3,1105.3976660007927,1.3296613488547582,0.26338881254196167,0.15963065238325197,-0.4537564516067505,0.0117839155943033,0.19245029985904694,0.30826562445727956,-0.7142608761787415,9.295865285463249e-06,0.06503091752529144,0.7327906769270671,-0.20258386433124542,0.2829883123694586,0.10707277,0.0,0.102741584,0.07692643,0.30248663,0.031016681,0.3797559,0.387555,0.3492693,2.5021503,2.8002205,0.11953102,0.6451715,0.21956193,1.7598077,0.71834373,2.3009753,0.35859305,0.49925035,Medullary_cords,137.92751719653333
GACTGCGGCACGTGTA-1,1,27,15,5686,19344.0,5686,3957.361,Medium-Low,2,11,0,2,3,6,2,4,5194.594209368042,0.9950269901795212,-0.007343156263232231,0.9692798330966288,0.3139881491661072,0.09107661886691538,-0.21383054554462433,0.25653618130870565,0.06798851490020752,0.7211078573927822,-0.5690363049507141,0.0010326675485931303,-0.2786318063735962,0.13596410312966006,0.043593332,0.07961378,0.16522388,0.1813437,0.24518007,0.007359836,0.27768534,0.42575645,0.49564078,2.0917606,2.7178316,0.27331892,0.33209735,0.3822257,1.5215437,0.7127053,2.4734097,0.0,0.4915142,Medullary_cords,275.98007174431996
GACTGCTGGTGAGAAA-1,1,67,39,6761,24953.0,6761,4340.5186,Medium-High,1,4,3,3,5,0,0,3,4841.572058742904,0.8675632284814613,-0.17878113687038422,0.344525341926239,-0.20150797069072723,0.28560708677690455,-0.13894155621528625,0.4640217110469628,-0.12585046887397766,0.5075457694934454,-0.07500366866588593,0.6936462901178733,0.14589276909828186,0.44173727828054715,0.0180822,0.043791212,0.013357211,0.16786519,0.29325745,0.13747756,0.3261692,0.39056635,0.7642355,2.0238206,2.7392125,0.27353472,0.43945408,0.19995676,1.4633955,1.0833821,1.887402,0.14715585,0.7577991,Medullary_cords,276.3494165001982
GACTGGGCGCCGCAAC-1,1,6,94,5904,18895.0,5904,4333.692,Medium-Low,0,12,7,1,6,3,1,0,3855.226582186837,1.5607104090414063,-0.12894874811172485,0.4970654931115393,0.16738176345825195,0.37664631246148017,-0.2891569137573242,0.12118954925954752,-0.14595112204551697,0.4415526964880009,-0.3387327194213867,0.0670949031794497,-0.26138368248939514,0.1629500766966769,0.16131495,0.0063942475,0.11982758,0.3023774,0.27464607,0.058458894,0.07698083,0.19521055,0.72352344,2.151094,2.797487,0.0,0.64898574,0.36839682,1.8895446,1.1715266,1.8724196,0.21239477,0.3991336,B_cell_zone,0.0
GACTTCAACGCATCAA-1,1,74,94,7056,28055.0,7056,4352.9478,High,0,6,7,1,2,1,1,0,4331.800664850589,1.0821955300387671,-0.13663645088672638,0.47153985167647117,0.2938806414604187,0.11495910344475468,0.2797817289829254,0.13428885010241445,-0.5144581198692322,0.0036310023772990687,-0.6171655058860779,0.00028034418231022125,0.27631905674934387,0.1393794978829123,0.07181114,0.19585347,0.17271173,0.15290946,0.12824796,0.003850007,0.27461615,0.31284678,0.5835658,2.1648207,2.7220037,0.038109373,0.53948253,0.5924247,1.6783942,0.9614027,2.0765324,0.25802934,0.4129591,Medullary_cords,137.0
GACTTTCGAGCGGTTC-1,1,77,71,4751,14719.0,4751,3800.204,Low,1,4,5,5,2,1,3,5,4815.553654565589,0.5623351446188083,-0.27983713150024414,0.1342085201808728,0.16457444429397583,0.384816177025608,0.22441315650939941,0.2331778528919212,-0.34289824962615967,0.06359367323216171,-0.170816108584404,0.366790508077998,0.2824614644050598,0.13044352261422004,0.02900192,0.06546843,0.11590764,0.12964283,0.10871655,0.37488872,0.17637388,0.17207262,0.54912364,2.1853094,2.6988115,0.32402065,0.48305267,0.37578416,1.4456075,1.09915,2.4793556,0.12960826,0.5576647,Medullary_cords,413.0012106519786
GAGAACGGTTCTGACT-1,1,67,103,6754,36704.0,6754,3377.3557,High,2,13,5,2,7,1,3,4,3623.74419626993,0.5297061990576545,0.4181970953941345,0.021461378409833292,0.216109037399292,0.2513819464367167,-0.3776320815086365,0.03965065332998073,0.054324790835380554,0.7755550360848984,-0.24986997246742249,0.18296572526212102,-0.15023721754550934,0.4281096296186359,0.043429516,0.00030512732,0.24561034,0.17024186,0.4058481,0.0,0.13456507,0.17946282,0.57764494,2.1403837,2.4433894,0.34164783,0.5969764,0.2292118,1.1973922,0.8270413,3.1856596,0.060236022,0.24283224,Medullary_cords,690.253576593414
GAGACCCTGCAACGCC-1,1,11,111,6367,20682.0,6367,4502.1553,Medium-High,0,12,4,4,4,3,4,0,3601.1692545616347,0.6931471805599453,-0.04367797076702118,0.818730709130737,0.29736894369125366,0.11051332755236372,-0.13452918827533722,0.4784678600579944,0.09292607009410858,0.6252602278213429,-0.06606743484735489,0.7286895074573998,0.0020844843238592148,0.9912776657123559,0.23320521,0.0019346164,0.0,0.3086508,0.26668382,0.0,0.18952554,0.14791057,0.6845254,2.366899,2.902956,0.14791057,0.30925605,0.31772715,2.2172942,1.0568259,1.8108176,0.19721408,0.28086534,B_cell_zone,0.0
GAGACTGATGGGTAGA-1,1,28,56,5863,19382.0,5863,4271.5234,Medium-Low,5,3,4,1,1,2,1,1,2506.569169203196,0.45056120886630463,0.006994359660893679,0.9707383931222717,0.17187073826789856,0.36379474931330646,-0.10247025638818741,0.5900069061812977,-0.32769063115119934,0.07710307115518139,-0.20098097622394562,0.2868954459402101,0.04568829759955406,0.8105343024875596,0.2093033,0.20758323,0.10658839,0.0,0.0,0.31834358,0.15818155,0.10400936,0.42207527,2.420587,3.026301,0.0,0.30003554,0.0,2.4024544,0.7175016,1.8485126,0.10400936,0.3261794,B_cell_zone,0.0
GAGACTTCGCGACCGA-1,1,53,57,5608,18935.0,5608,3973.103,Medium-Low,2,2,0,2,2,7,2,4,2789.237350961728,0.6365141682948128,-0.5497551560401917,0.0016497779048854026,-0.09348275512456894,0.6231805705855661,0.23426489531993866,0.2127545188041428,-0.07023389637470245,0.7122791080010275,-0.29686328768730164,0.11114969703993563,-0.014746740460395813,0.9383505543082228,0.07760767,0.0011671673,0.2565088,0.25654325,0.21091646,0.0,0.19725665,0.29938146,0.7145182,2.2194211,2.6796334,0.19612813,0.31481728,0.4081572,1.4118549,1.1666367,3.223138,0.106014535,0.18924317,Medullary_cords,238.76766950322232
GAGAGGCCTATGTGTA-1,1,66,118,6213,24251.0,6213,4068.1914,Medium-High,5,13,4,1,7,1,1,1,3939.1975071072534,0.5004024235381879,-0.2228316068649292,0.23657481634531224,0.05510849133133888,0.772401021745373,0.24940882623195648,0.18380169877151284,0.1464454084634781,0.4399908475447973,-0.44021469354629517,0.014913335595873817,-0.01406414806842804,0.9411991562778212,0.200659,0.17931466,0.0519571,0.16066343,0.09931309,0.03174867,0.2763441,0.21899356,0.6100634,2.4592667,2.9220884,0.19352458,0.30531406,0.2046629,2.2046354,0.86881876,1.7255309,0.34528196,0.44978133,B_cell_zone,0.0
GAGAGGGCGCGAGGTT-1,1,38,40,6024,20144.0,6024,4281.5,Medium-Low,5,9,7,1,3,6,1,1,3304.009685215829,1.2424533248940002,-0.09907949715852737,0.6024321619693203,-0.09932637214660645,0.6015237511777134,0.2583773136138916,0.16801874091933047,0.26116815209388733,0.1633097858636437,-0.16170606017112732,0.39326857920209524,0.04695196449756622,0.8053921172174683,0.15439951,0.0042787073,0.0,0.20638299,0.24559993,0.38933882,0.0,0.100778095,0.5628027,2.3567264,2.9943864,0.050389048,0.41270673,0.2731821,2.0223892,1.1295112,1.703759,0.0,0.3164922,B_cell_zone,0.0
GAGAGGTGCATTCTGG-1,1,44,28,6248,21323.0,6248,4344.7563,Medium-High,1,7,0,1,3,6,1,5,4191.876071641432,1.0986122886681096,-0.10097802430391312,0.5954613638416301,0.08511167764663696,0.6547448996379507,-0.36005908250808716,0.05064897152397933,-0.0158560611307621,0.9337227309715017,0.0397721603512764,0.8347082042910988,0.035013940185308456,0.8542595541610593,0.05850801,0.062113293,0.022785082,0.18854962,0.1970167,0.28002894,0.19099839,0.42326945,0.78246236,2.0777712,3.0123117,0.3108918,0.4349893,0.3503631,1.5846888,1.2810051,1.6936967,0.33081648,0.65327007,Medullary_cords,138.42326394071193
GAGAGTCTCGGGAGAG-1,1,72,40,7153,30470.0,7153,4252.6855,High,3,4,2,0,5,0,5,6,5244.520664464962,0.0,-0.1200179010629654,0.5275681695269558,-0.005089538171887398,0.9787052816683973,0.22574374079704285,0.23034537703554617,0.16523070633411407,0.3828972112302553,-0.08035087585449219,0.6729644598889533,0.016175806522369385,0.9323892153150332,0.020164989,0.057822645,0.14396173,0.36704278,0.12819417,0.16965114,0.11316251,0.32131636,0.99340737,1.4846665,2.5872054,0.274324,0.6014059,0.32638973,0.95832646,1.617485,1.8463391,0.197119,0.5325664,Medullary_cords,497.1810535408605
GAGATCTGCTTGGCAT-1,1,34,44,6082,20716.0,6082,4304.645,Medium-High,0,9,7,4,3,6,4,0,3066.388918581594,1.0986122886681096,-0.17078596353530884,0.36687635056699586,0.06646993011236191,0.7270989311625525,0.18377725780010223,0.33098524010753083,0.2245427817106247,0.23290089214838244,-0.23593586683273315,0.2094156528605408,-0.2811863124370575,0.13226312382398417,0.20986913,0.0,0.13987797,0.10168979,0.1709739,0.001399683,0.37618947,0.13370888,0.42985103,2.2331257,2.944632,0.049238596,0.4567458,0.5130506,2.1671839,0.705585,2.0921016,0.0,0.38291746,B_cell_zone,0.0
GAGATCTGTCACTCCG-1,1,30,74,5467,15599.0,5467,4341.454,Low,1,3,0,3,4,2,0,3,1359.0776283936102,1.0114042647073518,-0.22537849843502045,0.23112057216120255,-0.0946795716881752,0.6187191401131683,-0.02312241494655609,0.9034682767203895,0.003425347851589322,0.9856674035808463,-0.02274932526051998,0.9050188227265596,-0.23693370819091797,0.20743900400617138,0.048701227,0.109653585,0.1589108,0.23847465,0.37903804,0.024475979,0.040745635,0.36290497,0.6089037,1.9609416,2.7397406,0.220797,0.567363,0.31985447,1.4862982,1.1151083,2.2444572,0.12384288,0.69326925,Medullary_cords,137.92751719653333
GAGATCTTCCATGACA-1,1,45,77,5371,15486.0,5371,4274.92,Low,5,2,4,1,0,4,1,1,1130.1796317400167,1.0114042647073518,0.2053300440311432,0.2763739339489815,-0.40979787707328796,0.02451324409973515,0.16562721133232117,0.3817404880862639,-0.6209319829940796,0.0002508721919741848,0.07618045061826706,0.6890755764391904,-0.08297551423311234,0.6628967297693438,0.11585966,0.0018507261,0.07672267,0.22642721,0.21482591,0.01328344,0.35103047,0.15952429,0.875223,2.2576315,2.8128033,0.31137055,0.5288063,0.0,1.6997524,1.2952173,2.1714725,0.24909645,0.47530925,Medullary_cords,137.92751719653333
GAGATGGCTTTAATCA-1,1,70,76,5006,15390.0,5006,3921.1306,Low,1,6,3,6,2,1,7,5,3920.852075761084,0.6931471805599453,0.3307855427265167,0.07418883032971804,-0.03541502729058266,0.8526080662928522,0.04860123619437218,0.7986927875953637,-0.12421675026416779,0.5131158057307738,-0.34194415807724,0.0643827317906492,0.10699903964996338,0.5735880300856588,0.07286483,0.0,0.19096051,0.18090041,0.17568177,0.008309029,0.3712835,0.35786158,0.5867475,2.246605,2.6119514,0.29182798,0.6037306,0.56222147,1.624319,1.1503108,2.7059631,0.3754781,0.36101002,Medullary_cords,237.9012400135821
GAGATGGGAGTCGACA-1,1,52,72,6189,21368.0,6189,4180.0444,Medium-High,2,2,5,3,2,7,6,3,2006.4418755598178,0.45056120886630463,-0.16273364424705505,0.3902284078269275,-0.04476996138691902,0.8142761169448316,-0.1423265039920807,0.4530970090259258,0.06884479522705078,0.7177367803828835,0.27696502208709717,0.138419339266483,-0.2759295105934143,0.13996085369614106,0.05411131,0.004575692,0.3271999,0.031921063,0.0067964955,0.0,0.5753955,0.5329176,0.65535384,2.236278,2.9051433,0.14396018,0.4396768,0.37076685,1.5087402,0.91527367,2.5895967,1.1081287,0.55090934,Medullary_cords,239.00209204105306
GAGCACCTGTGTCCAG-1,1,58,80,5811,18117.0,5811,4319.435,Medium-Low,2,6,0,0,2,1,0,3,2458.1769667784297,0.45056120886630463,-0.6287610530853271,0.00019823299756092098,0.18720757961273193,0.3218798792652128,0.3755732476711273,0.04083023109992748,-0.09321532398462296,0.6241792833904907,-0.20521624386310577,0.2766460342179498,0.13987745344638824,0.4609873783700345,0.047059525,0.0022332135,0.12705995,0.16632378,0.28758717,0.016661327,0.35307506,0.22329539,0.6969954,2.11955,2.6947699,0.1220981,0.76010716,0.23197901,1.5683675,1.159896,2.4182396,0.21976182,0.50357324,Medullary_cords,238.40302011509837
GAGCATCAACAACTTG-1,1,64,30,7030,29864.0,7030,4250.8203,High,3,1,2,0,5,0,5,6,5063.556161434372,0.0,-0.3272438049316406,0.07753099406933682,-0.009645725600421429,0.9596538497679381,-0.07378658652305603,0.6983846404025212,-0.19497454166412354,0.3018411309184006,-0.00470252800732851,0.98032421600227,0.34478479623794556,0.06205568708689872,0.048695296,0.0,0.0013892929,0.5275985,0.19127801,0.16838224,0.06265663,0.32935137,1.1392105,1.4878812,2.527371,0.13629323,0.55924153,0.24858835,1.0881894,1.751192,1.6861393,0.1281681,0.30447567,T_cell_zone,552.6988330003963
GAGCATCATCCCTGGG-1,1,12,40,6573,24578.0,6573,4217.2393,Medium-High,2,11,0,3,1,5,6,3,4540.548425025329,0.45056120886630463,0.06568893790245056,0.730186255622731,-0.12561987340450287,0.5083301434666282,-0.2987551987171173,0.10878267078204781,-0.10091447830200195,0.595694121271565,-0.17883458733558655,0.3443787414960677,0.09966770559549332,0.6002687307379387,0.015703462,0.046099823,0.24220702,0.070680946,0.062444404,0.27411807,0.28874627,0.4539572,0.59865373,2.1404138,2.6900058,0.2594955,0.5934299,0.28052622,1.3499029,0.9393604,2.672462,0.95059,0.96105504,Medullary_cords,495.9858868959882
GAGCCACGGTAGTAGG-1,1,9,47,5833,18734.0,5833,4278.8467,Medium-Low,3,8,0,0,1,5,0,3,4475.23373691252,0.45056120886630463,-0.5900668501853943,0.0005989801860862432,0.07529281824827194,0.6925222262523157,-0.21572524309158325,0.25224531860036903,-0.1844053864479065,0.3293062868754339,0.23226237297058105,0.2168035044818317,0.006884783506393433,0.9711966261876479,0.098373406,0.094672024,0.12691444,0.26843464,0.1210421,0.0,0.29056337,0.2502773,0.83213973,2.255235,2.7127962,0.21387053,0.4367417,0.26376945,1.6866555,1.2604861,2.125698,0.2885297,0.3827996,Medullary_cords,497.2051890316512
GAGCCAGCTACCTGTG-1,1,53,89,5082,16492.0,5082,3789.6633,Medium-Low,2,10,5,2,0,4,2,4,1798.4821378039871,0.0,-0.001412446377798915,0.9940896869361446,0.1340012550354004,0.4802117314368134,-0.0897366851568222,0.6372291106267854,0.34256741404533386,0.06386642320917789,-0.3681583106517792,0.045313226850953105,-0.14770153164863586,0.4360352572062864,0.040100385,0.08031647,0.34854057,0.085183434,0.17420243,0.20719197,0.06446477,0.41088706,0.45831168,2.28548,2.5752842,0.05924592,0.27239478,0.34731963,1.3558617,0.8756484,3.2153478,0.2591012,0.71482164,Medullary_cords,414.90360326225175
GAGCCGAGCGTTTATT-1,1,13,107,6491,23613.0,6491,4305.8306,Medium-High,5,12,4,1,4,3,1,1,3267.202166992425,0.6931471805599453,0.09021839499473572,0.6354155449821014,-0.07352542132139206,0.6994028668613167,-0.120396688580513,0.5262563874984935,-0.14615648984909058,0.44090341007513517,-0.329789400100708,0.07511738147362797,-0.0008306540548801422,0.9965241489146498,0.11034961,0.002885221,0.0,0.1675574,0.15690282,0.0050905934,0.5572143,0.3393561,0.59973395,2.1788092,3.0288491,0.044142585,0.6402532,0.5510485,1.873067,1.1001809,1.5231285,0.2050104,0.47197732,B_cell_zone,0.0
GAGCGAGGGAGTACCG-1,1,14,58,7269,29529.0,7269,4380.762,High,3,8,0,0,6,3,0,3,3538.975134131349,1.3296613488547582,-0.032889559864997864,0.8630166610977041,-0.05804356560111046,0.7606206987781251,-0.17607519030570984,0.3519961577104088,-0.51714688539505,0.003429222447408711,-0.13737443089485168,0.4691260336079129,0.1268967241048813,0.5039944776870748,0.0815648,0.0,0.20483823,0.35161793,0.012308082,0.0,0.34967098,0.2624256,0.89726263,2.0502958,2.6900804,0.340801,0.4699571,0.40494144,1.5387975,1.2952728,2.1545463,0.14584373,0.33754435,Medullary_cords,238.76766950322232
GAGCGCAAATACTCCG-1,1,51,107,7080,28345.0,7080,4256.788,High,2,10,0,0,0,4,0,3,2033.7797324194182,0.45056120886630463,-0.21071912348270416,0.2636858737189713,0.31140169501304626,0.09391732489020987,0.20705962181091309,0.2722596858926791,-0.21178202331066132,0.2612289914083877,-0.1895984709262848,0.3156259067795253,0.27792680263519287,0.13699869214876628,0.022039952,0.0020219078,0.2206954,0.19517078,0.20530543,0.16560626,0.18916018,0.37413055,0.8398401,1.9625242,2.4707308,0.3366638,0.55896056,0.18006462,1.0012683,1.1656519,2.7257173,0.0,0.6270686,Medullary_cords,276.3494165001982
GAGCGCGCACGAGTAG-1,1,49,93,6225,22180.0,6225,4193.288,Medium-High,5,10,0,1,0,4,1,1,1362.2015269408562,1.0114042647073518,-0.31856396794319153,0.0862115348525638,0.175498828291893,0.3535998574200451,0.15870574116706848,0.4022224466002902,0.0027270903810858727,0.9885888922413465,-0.206706702709198,0.273095959938049,-0.13709016144275665,0.47005506904378885,0.10219667,0.0,0.06739015,0.22871406,0.26754537,0.31739122,0.016762504,0.3779987,0.49888742,2.340731,2.7433653,0.31295216,0.74992555,0.36067796,1.7688587,1.0838606,2.3102872,0.093042046,0.5525738,Medullary_cords,137.92751719653333
GAGCGCTGTTAGGTAA-1,1,61,23,7429,30547.0,7429,4416.17,High,3,1,0,0,5,0,0,3,5254.881540053972,1.0986122886681096,-0.5789170265197754,0.0008031682028874021,-0.4925869107246399,0.005685898304050644,-0.24782907962799072,0.18668574684964306,0.09932329505681992,0.6015350701603334,0.19607102870941162,0.2990768853405182,0.2446872889995575,0.19251510118341533,0.029431378,0.050940353,0.17234707,0.21460004,0.3131647,0.02071471,0.19880167,0.41938946,0.78678125,2.0264552,3.0246615,0.42227453,0.69195384,0.44355905,1.3796246,1.2680953,2.2681098,0.2969622,0.50431263,Medullary_cords,276.84652788142387
GAGCGGAATGCGGTGT-1,1,68,48,5200,16373.0,5200,3982.347,Medium-Low,2,4,0,2,2,0,2,4,4527.143138890132,0.45056120886630463,-0.27102169394493103,0.147436916329105,-0.11517544835805893,0.544475666447957,0.25215187668800354,0.17886824473384463,0.18761953711509705,0.3207968874989975,0.12702789902687073,0.5035501083519979,-0.015965595841407776,0.9332658904874054,0.06855793,0.0058535603,0.26866588,0.25206158,0.12754226,0.011522258,0.2657965,0.29228377,0.57532763,2.1351428,2.772258,0.17877385,0.37833053,0.30891427,1.4289138,1.2623925,2.4530764,0.19955668,0.3860134,Medullary_cords,551.9601434886399
GAGCTAAGGGCATATC-1,1,29,83,4801,13338.0,4801,4065.779,Low,2,0,0,2,4,2,2,4,1131.520216346133,0.8675632284814613,-0.2915098965167999,0.11805556795094624,-0.19688448309898376,0.2970365178586289,-0.2317425012588501,0.21786316516510298,-0.06511681526899338,0.7324505309096381,0.10130195319652557,0.5942754813744136,0.03824186325073242,0.8409861857441984,0.1170703,0.0011436678,0.09814455,0.3937204,0.33081773,0.0,0.05910339,0.114510104,0.81296504,2.2423425,2.638125,0.3435303,0.5518348,0.3317449,1.5460663,1.3604028,2.3120208,0.0,0.38289073,Medullary_cords,237.9012400135821
GAGCTCAACATGAGCG-1,1,73,69,5267,18449.0,5267,3747.102,Medium-Low,2,4,3,2,2,1,2,4,4391.881715164925,1.0986122886681096,-0.22116531431674957,0.24018940062156413,-0.11893361806869507,0.5313318494933593,0.01662648655474186,0.9305099349587561,-0.008041854947805405,0.9663583870684179,-0.32765433192253113,0.07713776669139816,0.10605807602405548,0.5769825451181448,0.070242815,0.0,0.14551295,0.29761302,0.23978633,0.024240198,0.22260469,0.20006603,0.69526154,2.1730714,2.6447759,0.054137856,0.4359994,0.30834174,1.420021,1.1693757,2.55457,0.10827571,0.77433074,Medullary_cords,138.92443989449805
GAGCTCTCGGACCTAA-1,1,15,33,7538,32341.0,7538,4401.097,High,3,11,2,0,1,5,0,6,4682.080093291869,0.45056120886630463,-0.4961564242839813,0.005294989635780648,-0.4151560664176941,0.02252803781554204,-0.03610282018780708,0.8497774839204596,0.32928845286369324,0.07558771359536895,-0.2020554542541504,0.2842725584474166,0.2766527831554413,0.1388828459777703,0.049751077,0.0,0.1384548,0.32711,0.2766335,0.017905299,0.19014531,0.30270296,0.8703946,1.8107212,2.7007594,0.20957099,0.47938663,0.722007,1.2669338,1.4901743,2.3698912,0.06735502,0.4530961,Medullary_cords,138.42326394071193
GAGGAATATCTCTTTG-1,1,71,45,6192,21179.0,6192,4240.2417,Medium-High,1,4,0,3,5,0,6,3,4938.025921357643,1.0114042647073518,-0.20620806515216827,0.27428035447151505,-0.10156679898500443,0.5933066574276326,-0.16241204738616943,0.3911784170833324,0.14361438155174255,0.44897682279220685,0.27058589458465576,0.14811444345185742,0.07708396017551422,0.6855735303441736,0.011725103,0.05854577,0.10074453,0.1917034,0.23346514,0.14176872,0.2620473,0.48402345,0.774845,1.8036695,2.6979046,0.29008836,0.48463565,0.13145663,1.2004611,1.1513945,1.9360621,0.6115501,0.5605935,Medullary_cords,479.00104384019875
GAGGAATGGAGAGGTT-1,1,27,31,6253,21657.0,6253,4263.7617,Medium-High,5,11,4,6,1,6,1,1,4139.10533811354,0.8675632284814612,-0.00827215239405632,0.9653955435730399,-0.25344571471214294,0.1765738491715274,-0.1998256891965866,0.28973276615301186,-0.2512529194355011,0.18047467639404002,-0.10526711493730545,0.5798428302977426,0.04258531704545021,0.8231935494490069,0.16675854,0.0005995891,0.025862066,0.23832318,0.362388,0.0036481624,0.20242049,0.32625592,0.60603774,2.2990198,2.955003,0.047455642,0.4692361,0.22569728,1.9256425,1.0970042,1.9411846,0.1635407,0.46207595,Medullary_cords,0.0
GAGGAGTAATTCCTAC-1,1,2,50,6910,25803.0,6910,4387.3413,High,3,8,2,0,1,5,0,6,5042.707705191726,0.0,0.08618674427270889,0.6506569273217261,-0.18966837227344513,0.3154442052298589,0.20557273924350739,0.2757942173392351,-0.010071130469441414,0.9578759965362826,-0.01816888526082039,0.9240811532907387,-0.1661062389612198,0.380345728373715,0.0068567814,0.0,0.13034245,0.2857838,0.14840889,0.0445715,0.38403657,0.16397895,0.751926,1.4990858,2.4853427,0.2869379,0.79618037,0.32850647,1.0118297,1.372036,2.0129664,0.0,0.77857745,Medullary_cords,496.23381585700105
GAGGATAAACAGTGCT-1,1,40,114,6220,21335.0,6220,4280.2603,Medium-High,3,10,0,0,0,4,0,3,1806.4819401256134,0.6829081047004717,-0.08846377581357956,0.6420312954637087,0.10377112776041031,0.5852697523096027,-0.19551055133342743,0.3004878481175726,-0.08689162880182266,0.6479819558464651,-0.1111455112695694,0.5587373841639597,-0.01606873795390129,0.9328357308404318,0.056808416,0.075869486,0.18662573,0.32252997,0.028517766,0.0,0.32964858,0.3410076,1.00069,1.9586971,2.605928,0.3800351,0.36367592,0.29607934,1.4959435,1.4753833,2.2843099,0.2883125,0.32932287,Medullary_cords,603.7292439496367
GAGGCCCGACTCCGCA-1,1,55,23,5656,20682.0,5656,3827.6455,Medium-High,2,1,5,2,5,0,2,4,4915.503026140865,0.0,-0.22944766283035278,0.22258278508064583,-0.07698512822389603,0.685956298389055,-0.09299803525209427,0.6249912220621646,0.3591521680355072,0.05127615663269399,0.17606684565544128,0.35201934519648737,-0.06234757602214813,0.7434411105352564,0.024018316,0.0,0.18083392,0.1425634,0.14206022,0.29469436,0.21582972,0.18316834,0.6447865,2.0754647,2.5998847,0.259943,0.46501833,0.33107296,1.4054124,1.1817482,3.026083,0.09860309,0.62002444,Medullary_cords,364.00137362378183
GAGGCCTGTTGATACA-1,1,63,107,5666,21211.0,5666,3785.48,Medium-High,2,13,5,5,7,1,3,5,3268.224135520696,1.0114042647073518,-0.14374582469463348,0.44855744250616764,0.14064227044582367,0.4585155223176779,0.5145589113235474,0.0036232584832202033,-0.06087242439389229,0.7493160965055146,-0.41076672077178955,0.02414405328955287,0.15329428017139435,0.4186606657307093,0.03580055,0.07872587,0.33114666,0.07986558,0.120676786,0.0,0.35378453,0.26378897,0.44913867,1.901319,2.7519627,0.096566446,0.38634166,0.27615893,1.3251339,0.9009228,2.488811,0.28969935,0.23945664,Medullary_cords,138.42326394071193
GAGGCTATCAAAGTCG-1,1,35,27,5542,20349.0,5542,3816.8352,Medium-High,1,7,6,5,3,6,3,5,4214.475174917988,0.45056120886630463,-0.0790429338812828,0.6780024309618047,0.00882645696401596,0.9630782667728788,0.2678965926170349,0.15234523574807773,0.06536680459976196,0.7314608823540661,-0.20291537046432495,0.2821845209442393,0.16447629034519196,0.385103664497752,0.01538437,0.0,0.10338654,0.10978851,0.23718281,0.1385591,0.39569867,0.21132705,0.3618976,2.1591957,2.6838846,0.18549982,0.58140725,0.34226742,1.2420981,0.9258725,2.1301699,0.55290645,0.5605936,Medullary_cords,365.7608508301565
GAGGGAGTCAGATCGC-1,1,65,41,6318,23217.0,6318,4203.0273,Medium-High,1,4,4,6,5,0,7,5,4574.286064513237,0.6931471805599453,-0.3719157576560974,0.04299491433688992,-0.06713175773620605,0.7244859461442119,0.17818328738212585,0.3461676481433481,-0.28898411989212036,0.12142209705113666,-0.43015578389167786,0.017661518378125296,-0.03207914158701897,0.8663616169235299,0.097914636,0.0035584418,0.0,0.1798922,0.16137916,0.18577969,0.37147588,0.24911508,0.5341875,2.2587976,3.014037,0.08954425,0.6250083,0.24488154,1.8354156,1.0774175,1.6112604,0.1790885,0.4934568,B_cell_zone,0.0
GAGGGCATCGCGTATC-1,1,11,33,6646,24624.0,6646,4313.2607,Medium-High,3,8,2,0,1,5,5,6,4979.463926970452,0.8675632284814612,-0.6787547469139099,3.738353880563086e-05,-0.36104708909988403,0.0499726342591524,0.004310499411076307,0.9819642214313072,0.35458821058273315,0.054526222813109204,-0.2717055380344391,0.14637827753781513,0.12412667274475098,0.5134237908683591,0.029725898,0.0017933262,0.10166511,0.34132507,0.19946024,0.0,0.3260303,0.3227137,0.8044049,1.5766537,2.6490948,0.21652901,0.4966789,0.36167726,1.030204,1.2207631,1.9654666,0.17042449,0.28118312,Medullary_cords,240.00208332429116
GAGGGCGCAGCTCTGC-1,1,27,89,6115,20403.0,6115,4317.074,Medium-High,3,0,2,0,4,2,0,6,1318.652721530578,0.6365141682948128,-0.41771528124809265,0.02162755226971625,-0.19621723890304565,0.2987094998295982,-0.08009669929742813,0.6739424277203382,-0.04569794237613678,0.810495025839776,0.0001643297728151083,0.9993123642064808,0.14323997497558594,0.45017255003154827,0.060495794,0.001859343,0.14006065,0.40895656,0.38862774,0.0,0.0,0.32082057,1.0191407,1.8573288,2.6015878,0.25455922,0.29819584,0.42014104,1.3538826,1.5341932,2.346765,0.09972693,0.33941233,Medullary_cords,138.42326394071193
GAGGGTAGTAACAAAG-1,1,63,31,7642,32820.0,7642,4443.6943,High,3,1,2,0,5,0,5,6,4935.491059661642,0.0,-0.39169347286224365,0.03230619266115632,-0.16700322926044464,0.3777419827478618,-0.37726911902427673,0.039856598823458204,-0.19205410778522491,0.30928168351399155,0.009452082216739655,0.9604631880760605,0.3605153262615204,0.05033575623797601,0.026856551,0.0,0.09224981,0.38826442,0.22863981,0.21999429,0.043995187,0.35363337,1.2040544,1.5471098,2.4996018,0.36389917,0.6788682,0.15220886,0.919151,1.6717713,2.1931393,0.1329836,0.64211303,Medullary_cords,414.2764777295472
GAGGTACATCCATCTT-1,1,12,68,6028,19585.0,6028,4407.86,Medium-Low,0,5,7,4,6,3,4,0,3404.963582771481,1.0986122886681096,-0.06860348582267761,0.7186862652248963,-0.031050439924001694,0.870610778838197,-0.2044876515865326,0.2783922131071211,-0.06825210154056549,0.7200695979408499,-0.1922871470451355,0.30868378687897813,-0.21822352707386017,0.24666021888160458,0.16183019,0.18501195,0.09623826,0.12400408,0.1365215,0.29639414,0.0,0.2426496,0.54469186,2.3178985,2.7119722,0.05156294,0.6463435,0.40815267,2.201206,0.8910001,1.942589,0.0,0.37206328,B_cell_zone,0.0
GAGGTACGCGTGTCCC-1,1,67,67,6152,19598.0,6152,4386.5977,Medium-Low,3,4,0,0,2,1,0,6,3762.24640341379,1.0114042647073518,0.2391594499349594,0.20307617257209953,-0.08514045923948288,0.6546353285576684,-0.42022058367729187,0.02077491948449524,0.009909899905323982,0.9585497889109725,-0.1802576333284378,0.3404895500261669,0.45169880986213684,0.01222049714046995,0.015423214,0.00041289994,0.066836074,0.27620867,0.27839306,0.17224427,0.19048178,0.32918733,0.90738046,1.7925417,2.753148,0.3434754,0.45955235,0.33523667,1.0767334,1.3865333,2.1174116,0.20616549,0.5940667,Medullary_cords,238.40302011509837
GAGGTCCCAAAGATCT-1,1,18,26,6193,21116.0,6193,4307.5557,Medium-High,3,11,0,0,1,5,0,3,4894.415286834577,1.0114042647073518,-0.5303202867507935,0.0025739304149454854,-0.06614994257688522,0.7283633641026324,-0.4474108815193176,0.013173903434195226,-0.1225421205163002,0.5188563866232258,-0.1370503455400467,0.4701852700782801,0.3046601414680481,0.10163700248219029,0.072196245,0.0038242312,0.24745877,0.32776028,0.035587117,0.0,0.31317338,0.23744893,0.5333289,2.1133428,2.643559,0.22868852,0.5918193,0.3493647,1.4643831,1.2575078,2.3030787,0.29077974,0.51032364,Medullary_cords,364.00137362378183
GAGGTCCGTTCGCTGT-1,1,76,34,7040,26540.0,7040,4466.7437,High,1,4,3,6,5,0,7,5,5876.832224932068,1.0397207708399179,-0.5073540210723877,0.0042138809217506235,0.12728649377822876,0.5026746635543933,-0.16676035523414612,0.3784459601131414,-0.012319369241595268,0.9484836377013206,0.23272864520549774,0.21585608265174702,0.17349769175052643,0.3592017313928387,0.04203454,0.049612287,0.062035885,0.093034,0.19432415,0.027864441,0.53109473,0.41974944,0.7021598,2.0116453,2.855433,0.19011532,0.34301722,0.43097556,1.4844469,0.95337677,1.8617865,0.07993863,0.58786356,Medullary_cords,238.76766950322232
GAGGTCTTAGTGGGTC-1,1,3,95,6560,23367.0,6560,4346.6836,Medium-High,1,12,3,6,6,3,7,5,4219.482551214071,0.7963116401738131,0.16778938472270966,0.37546852420760857,0.40035542845726013,0.028359219294941267,-0.1914592683315277,0.3108111090924454,0.08727087080478668,0.6465445402150203,-0.15571942925453186,0.41124815338398163,0.05159161239862442,0.7865818640137252,0.019242765,0.0541009,0.118331045,0.1451353,0.2502758,0.0,0.41291413,0.2910597,0.6967478,2.0882955,2.8976965,0.25541806,0.5598245,0.2910597,1.3448905,1.1064626,2.427103,0.24365416,0.6190025,Medullary_cords,365.3833603217311
GAGTAAACCGGAAAGT-1,1,51,117,6897,32128.0,6897,3792.734,High,2,10,5,2,0,4,3,4,2532.1550110528383,0.5623351446188083,0.3173806965351105,0.0874501477832157,-0.1782573163509369,0.3459640335992257,0.1361122578382492,0.4732583292287404,0.08080103993415833,0.6712336950543444,0.07843060791492462,0.6803657081188398,-0.2985343635082245,0.10905700496109605,0.011763465,0.06440621,0.25307488,0.08299399,0.18315369,0.121544614,0.28306317,0.44387156,0.4319172,2.1589882,2.6042662,0.22261283,0.39419946,0.3050464,1.3058647,0.77193683,3.0138104,0.23261338,0.873509,Medullary_cords,476.80604023019674
GAGTAAGGCCACGGGA-1,1,48,14,7064,29257.0,7064,4213.2124,High,2,7,0,2,3,6,2,3,5232.817692218982,1.0114042647073518,-0.09371279180049896,0.622322029886147,-0.3024565577507019,0.10426105904365075,0.21513241529464722,0.2535827616200827,-0.31788817048072815,0.08691728823022257,-0.19816018640995026,0.29385446477274224,-0.06426159292459488,0.7358393264616693,0.110623784,0.0,0.21291195,0.2925983,0.10369479,0.0,0.2801712,0.32128674,0.8066641,2.195258,2.6895494,0.34820962,0.651965,0.43139234,1.4098727,1.3499897,2.969789,0.13023663,0.25345808,Medullary_cords,476.6686480145301
GAGTACGGGTATACAA-1,1,15,43,7263,33912.0,7263,4012.66,High,2,11,0,2,1,5,2,4,4144.975874477438,0.0,-0.21456795930862427,0.2548605258099008,-0.1497599333524704,0.4295953589608719,-0.23567262291908264,0.2099392612196365,0.26719537377357483,0.15346253423284334,0.08745767921209335,0.6458369505090021,0.003958447836339474,0.9834370493025921,0.026507668,0.0,0.3220521,0.30898756,0.2232481,0.11525153,0.00395298,0.32762295,0.60275316,1.8970914,2.5555127,0.37091732,0.5948406,0.14555837,1.0826343,1.068901,3.1515307,0.19382411,0.41795024,Medullary_cords,728.9478719359842
GAGTAGATACTAGTTG-1,1,62,64,6196,20338.0,6196,4305.18,Medium-High,1,4,0,3,2,1,0,3,3315.8205620931903,1.0986122886681096,-0.1236722320318222,0.5149789605817556,0.08646520227193832,0.6495996943645233,0.29647472500801086,0.11164055854868817,0.14917844533920288,0.43140928249382143,-0.16468147933483124,0.3845028187538429,0.1989845633506775,0.29180971796377453,0.08258067,0.07937562,0.045305472,0.20895942,0.48398456,0.011536832,0.08825754,0.38546234,0.53871906,2.1623964,2.7149355,0.23593578,0.47666103,0.1499845,1.8377504,1.0255727,2.531798,0.299969,0.19997934,Medullary_cords,0.0
GAGTATACCCTAATCA-1,1,70,30,6701,23638.0,6701,4507.8643,Medium-High,4,1,1,4,5,0,4,7,5534.703063399156,0.8675632284814612,-0.5978002548217773,0.0004856323910060007,0.03530866280198097,0.8530459659664557,0.17879991233348846,0.3444738415297362,-0.07039963454008102,0.7116288584762612,-0.15535742044448853,0.41234993896486755,-0.02085232548415661,0.9129078582489027,0.08537946,0.087969854,0.046054658,0.22527361,0.5378818,0.017440606,0.0,0.14652537,0.64046335,1.877611,2.6417305,0.14652537,0.53757936,1.0937716,1.554873,0.980356,1.7950859,0.20485054,0.32603812,Medullary_cords,138.0
GAGTATGCCCGCCTTG-1,1,49,43,6275,22945.0,6275,4132.922,Medium-High,2,9,0,3,3,7,0,3,3365.777918995845,0.0,-0.17967009544372559,0.3420920579513267,-0.24371010065078735,0.19435369894566926,0.11493799090385437,0.5453112486798208,0.3758862018585205,0.040649139501638856,-0.3241746127605438,0.08051993296299087,-0.034416988492012024,0.8567186363660201,0.051038593,0.06487303,0.2616842,0.22983606,0.012137703,0.02600452,0.35442582,0.23286018,0.6917461,2.2135847,2.7606587,0.42563137,0.52241725,0.44210875,1.5264473,1.2762697,2.582776,0.31342024,0.671451,Medullary_cords,413.4077889929023
GAGTATGCGCGTGCAT-1,1,63,71,5438,15313.0,5438,4281.3467,Low,3,6,0,0,2,1,0,6,3215.6761341901333,1.2424533248940002,0.062451913952827454,0.7430261008282686,-0.18987853825092316,0.31489829109849604,-0.12153233587741852,0.522332984809297,0.22633743286132812,0.22908904912758263,-0.05251719802618027,0.7828430018908676,0.23105351626873016,0.21927294565244168,0.12207665,0.0018319217,0.023589587,0.36150178,0.47301245,0.017987585,0.0,0.10444825,0.756364,2.1492536,2.8803895,0.23010868,0.33455694,0.2929389,1.7696117,1.2683976,2.0136588,0.12566043,0.3068116,Medullary_cords,137.0
GAGTCAGACCAGAATC-1,1,56,48,6137,22716.0,6137,3978.3594,Medium-High,2,2,5,2,2,7,6,4,3497.152127088554,0.0,0.14567433297634125,0.4424286050747245,0.1412668526172638,0.4565021223191425,0.19923244416713715,0.29119665746039636,-0.3102821409702301,0.095167548291822,-0.4832034707069397,0.006832633162242391,0.4865001440048218,0.006409224633629959,0.0074920314,0.0024685797,0.27746573,0.071139075,0.11803912,0.13798048,0.385415,0.27360672,0.6601716,1.9945685,2.5794494,0.13681316,0.5099934,0.4602164,1.2220771,0.9580506,2.6971998,0.66742575,0.71074176,Medullary_cords,478.0345175821512
GAGTCCACCAGGTTTA-1,1,77,93,6298,22751.0,6298,4261.6562,Medium-High,5,6,4,1,2,1,1,1,4684.546616269284,0.6730116670092565,-0.08289485424757004,0.6632052849559431,0.29312682151794434,0.1159370576546991,0.44412559270858765,0.013945727620835383,-0.16457635164260864,0.3848105917361477,-0.4761340320110321,0.007821170324164593,0.25659918785095215,0.1710687443428218,0.055287287,0.10905325,0.06204956,0.12091476,0.28530556,0.0026984012,0.36469126,0.3965479,0.51442695,2.264019,2.893307,0.04554558,0.61920583,0.4327892,1.8110683,0.81896996,2.130165,0.09109116,0.5163248,Medullary_cords,0.0
GAGTCCGCTTACCGGA-1,1,46,58,5254,14550.0,5254,4307.762,Low,3,2,0,0,3,7,0,6,2277.1176956846125,1.0114042647073518,-0.09483553469181061,0.6181387218979368,-0.099512480199337,0.600839327259362,-0.1237117350101471,0.5148436832635536,-0.10459785908460617,0.5822679002845373,0.2470625787973404,0.1880964254478422,0.0880451500415802,0.6436137145198653,0.053084027,0.0,0.11471296,0.4740206,0.08026469,0.0,0.27791777,0.32610878,1.0283797,1.8113158,2.9578123,0.54248035,0.7708638,0.34698433,1.1510892,1.7573617,2.2132385,0.2615604,0.4626458,Medullary_cords,365.65831044842946
GAGTGTCAACCAGAAA-1,1,63,83,7264,27113.0,7264,4633.0786,High,4,6,7,4,2,1,4,7,3014.8938621450675,1.2424533248940002,0.010469749569892883,0.9562102660404533,0.13189081847667694,0.4872155185894723,-0.2984444200992584,0.10916888588753908,-0.3181498944759369,0.08664344182459228,-0.2149081826210022,0.2540898534928937,0.033127862960100174,0.862033517352207,0.14307758,0.072692215,0.07484053,0.18904337,0.17062724,0.003436672,0.34628233,0.22441024,0.65608597,2.2704082,2.7390347,0.108324,0.59301007,0.5719539,2.1534772,0.9607218,1.9162872,0.23549531,0.3530299,B_cell_zone,0.0
GAGTGTGCGGTACCCA-1,1,44,88,5735,17184.0,5735,4393.697,Medium-Low,5,10,7,1,0,4,1,1,719.0027816357875,0.45056120886630463,-0.019028346985578537,0.920500888160126,0.0692673921585083,0.7160749732265065,-0.07935076951980591,0.676815465237763,0.040057942271232605,0.8335368863028327,-0.2802358865737915,0.13363138788465964,-0.07878138870000839,0.6790115020040984,0.21529965,0.0,0.07465538,0.18940324,0.14558873,0.0,0.37505302,0.24092197,0.40704387,2.2815804,2.967369,0.42229986,0.79431844,0.5172257,2.0893154,1.1085163,2.0932407,0.0,0.3579749,Medullary_cords,0.0
GAGTTCTGTGGGTGCT-1,1,59,3,3979,10452.0,3979,3824.2236,Low,3,1,3,0,5,0,0,3,6369.059977736118,0.6730116670092565,-0.05147748813033104,0.7870431880451114,-0.13428807258605957,0.4792639083958775,-0.41364535689353943,0.023073893046352035,0.6811361312866211,3.425516404249016e-05,-0.05785772576928139,0.7613650688340431,-0.04051101207733154,0.8316806315225056,0.035524454,0.12950994,0.13655311,0.30731177,0.253702,0.03286182,0.10453689,0.33698717,0.8521974,1.972292,2.667483,0.25173274,0.49961376,0.63847876,1.218447,1.4468942,2.1759102,0.16782182,0.5156614,Medullary_cords,138.42326394071193
GAGTTGATGGCAATTT-1,1,51,19,6003,22191.0,6003,3955.7607,Medium-High,2,7,5,2,3,6,2,4,4998.6275116275665,0.0,0.06049533933401108,0.7508201116452131,-0.08943921327590942,0.638350075267693,-0.14155378937721252,0.4555787318117267,0.090873122215271,0.632953906913675,0.13384051620960236,0.4807433341868109,0.17981547117233276,0.34169512218294745,0.016788282,0.103222735,0.28202707,0.09131937,0.15009873,0.029282881,0.32726097,0.32938844,0.48960665,2.1537724,2.722586,0.2536389,0.4209494,0.3478592,1.1656319,0.692837,2.747181,0.3998193,0.54106855,Medullary_cords,767.1297152372603
GAGTTGTCACCAGTCT-1,1,68,8,6659,26977.0,6659,4205.8423,High,0,1,7,5,5,0,3,0,6575.595258225677,0.6365141682948128,0.40062934160232544,0.028241123014418227,-0.10552527010440826,0.5789085950361662,-0.3909681439399719,0.03265592084081801,-0.5483075380325317,0.001706925077836452,-0.4815269112586975,0.0070569154144578,0.21941165626049042,0.2440330301515885,0.063306406,0.053956125,0.111294,0.14900671,0.31319472,0.012367811,0.29687423,0.28097183,0.79617363,2.1670744,2.708304,0.14817548,0.5181248,0.48639384,1.8412154,1.0377336,2.2203465,0.3561958,0.5508232,Medullary_cords,0.0
GATAAATCGGTGGATG-1,1,15,41,6989,27326.0,6989,4323.207,High,2,11,0,0,1,5,0,3,4249.30264867072,0.6365141682948128,-0.3946820795536041,0.030897035056497556,-0.3160788118839264,0.088828547970266,-0.26908788084983826,0.15046051272313887,0.4574776589870453,0.01102753389869303,0.24687275290489197,0.18844692894106635,0.21964231133460999,0.24352516749957254,0.005678006,0.122159295,0.16762638,0.2559749,0.325908,0.0,0.12265343,0.39730346,0.90969145,1.8392544,2.726433,0.17628673,0.51245123,0.24493937,1.2117814,1.3284882,2.4206614,0.4484207,0.25423515,Medullary_cords,600.204131941792
GATAACTCGCACTGTG-1,1,39,89,5718,17000.0,5718,4430.51,Medium-Low,0,0,7,4,0,4,4,0,138.42326394071193,0.6931471805599453,0.07889530062675476,0.6785719498676057,0.057472966611385345,0.7629068610894357,0.27938032150268555,0.13487191374778423,0.02038935013115406,0.9148344904684267,0.26095643639564514,0.16366367899827008,0.1538916379213333,0.4168279676096038,0.20642598,0.0,0.20438938,0.10976601,0.34939986,0.0,0.13001873,0.3333546,0.38863724,2.286284,2.76165,0.097217046,0.524952,0.71359503,2.1668904,0.84618926,2.1189475,0.23132265,0.1542151,B_cell_zone,0.0
GATAAGGCAGATGCAA-1,1,10,28,7710,34936.0,7710,4388.922,High,3,8,2,0,1,5,5,6,5319.651586335331,0.0,-0.8233972191810608,2.304298132127672e-08,-0.2678060233592987,0.15248921571291868,0.21368670463562012,0.25686387765153584,0.09878376871347427,0.6035211040435209,-0.2346578985452652,0.21196598860286414,0.15143147110939026,0.4244044730190233,0.047564957,0.0,0.118033074,0.6004991,0.12553032,0.01634318,0.092029385,0.33149445,1.1601636,1.4038742,2.7622454,0.34177107,0.70404106,0.23268549,0.93371713,1.6420002,1.6611937,0.11316797,0.3172159,Medullary_cords,477.6703884479338
GATACGATGGGAGTCA-1,1,45,45,5595,17826.0,5595,4218.442,Medium-Low,0,9,7,4,3,7,4,0,3076.6020217116156,0.8675632284814612,-0.11960744112730026,0.5289914135089564,-0.2725719213485718,0.14504496237991868,0.23139384388923645,0.2185758057630798,0.09876647591590881,0.603584806091035,-0.4295201301574707,0.017848401688169865,0.08911223709583282,0.6395831231432906,0.13203853,0.10438128,0.08154198,0.20262296,0.29815176,0.005374039,0.17588939,0.27308097,0.50889444,2.2882128,2.8565044,0.0,0.3460348,0.7215173,2.0983024,1.0534087,1.9435718,0.0,0.34811622,B_cell_zone,0.0
GATAGAACCCGCTAGG-1,1,70,56,6520,25586.0,6520,4065.2659,High,2,4,0,2,2,1,2,4,4421.218157928875,1.0114042647073518,-0.2655251920223236,0.15614743777999926,-0.14462627470493317,0.4457537206995302,-0.24423031508922577,0.19337339601385492,0.17761963605880737,0.3477203198749271,0.0323825404047966,0.8651090872459741,0.014499884098768234,0.9393806536886582,0.041905627,0.048469428,0.12454667,0.18640512,0.21761216,0.20623007,0.17483094,0.31591427,0.53577256,2.1106453,2.6109443,0.13822813,0.4232816,0.3403089,1.4268097,1.0690432,2.9040487,0.14439312,0.3548978,Medullary_cords,603.7292439496367
GATAGATAGTACAGTC-1,1,73,97,5352,17022.0,5352,4030.9104,Medium-Low,1,6,7,5,2,1,3,5,4238.08695050019,0.5623351446188083,0.0031605325639247894,0.9867753635523304,0.2284684032201767,0.22461765275764975,0.3301730155944824,0.07475873967225653,-0.4603315591812134,0.010475435129426731,-0.6530120372772217,9.16358839953338e-05,0.26154446601867676,0.16268210525996551,0.06314554,0.0001357739,0.12121664,0.13991912,0.37064785,0.011652351,0.29328278,0.057770804,0.38828376,2.0831578,2.566469,0.33968955,0.5371051,0.5638375,1.2715423,0.8530123,2.4104424,0.19425935,0.32341322,Medullary_cords,138.42326394071193
GATAGGTAACGTTGAC-1,1,48,60,4853,13510.0,4853,4104.2764,Low,1,2,5,3,0,7,6,3,2269.137501342746,0.6931471805599453,-0.11026807874441147,0.5618651409680031,0.07080446183681488,0.7100414118079816,-0.11981689929962158,0.5282648997919999,-0.11434093117713928,0.5474148789604563,0.5244895815849304,0.0029265528402542297,-0.15841999650001526,0.4030811773363992,0.019553868,0.063954785,0.17225988,0.082270175,0.10388763,0.27335376,0.28471985,0.21544455,0.62426203,2.2794347,2.828191,0.31055373,0.4791541,0.35394347,1.5087166,0.95999295,2.6177485,0.13849893,0.565474,Medullary_cords,497.24139007126104
GATAGTGCGAGTAAGT-1,1,68,44,7182,29743.0,7182,4365.464,High,2,4,0,0,5,0,0,3,4699.744780304564,0.6365141682948128,-0.17974036931991577,0.341900146455435,0.02015925571322441,0.9157921853122573,0.13891500234603882,0.46410795610537636,-0.23173636198043823,0.21787569991412692,0.13042527437210083,0.492109626167421,-0.11898580193519592,0.5311504185474424,0.038799383,0.120455295,0.13497993,0.21925795,0.31574178,0.13452062,0.03624495,0.3333317,0.6726529,2.025536,2.6078076,0.29391587,0.6330365,0.475908,1.3848319,1.202648,2.4582376,0.14491996,0.44748187,Medullary_cords,414.40318531594323
GATATCAAGCAGGAGC-1,1,55,3,6352,28247.0,6352,3878.68,High,5,1,7,5,5,0,3,1,6195.346398709276,1.3862943611198906,0.23986220359802246,0.20171187475569413,0.18910208344459534,0.3169180846381395,0.2910292148590088,0.11869086081001853,0.14817550778388977,0.4345477365852621,0.19691111147403717,0.29696987564130417,0.2505030035972595,0.18182249877073836,0.18623878,0.008585041,0.2406757,0.20139778,0.08756613,0.06568106,0.20985556,0.14269605,0.55159396,2.1650085,2.7879755,0.15154818,0.48493913,0.39055347,1.6133835,1.1477456,1.8533002,0.20961802,0.41970584,Medullary_cords,137.55726080436466
GATATCTCATGCAATA-1,1,12,58,7588,31892.0,7588,4554.3403,High,0,8,7,4,6,3,4,0,3736.183212852389,1.3296613488547582,-0.3748352527618408,0.04125983187243528,-0.022943925112485886,0.9042100303552982,-0.09064634889364243,0.6338060942205236,-0.06061996892094612,0.7503229234428872,-0.01438780128955841,0.9398483923743458,-0.1348658800125122,0.47735740910689184,0.11987917,0.0630979,0.0,0.1576959,0.20277299,0.2883822,0.1681718,0.11697193,0.54692835,2.233127,2.6899407,0.15579483,0.33361793,0.7237135,1.9168979,1.0453955,1.5470946,0.06818493,0.3386463,B_cell_zone,0.0
GATATGAGACACTAAC-1,1,39,81,5111,14080.0,5111,4253.061,Low,1,2,4,6,0,4,7,5,495.9858868959882,0.45056120886630463,0.10466969758272171,0.5820073768195692,-0.04084538295865059,0.830311261894031,0.08977244049310684,0.6370944263729684,-0.08239319175481796,0.6651255461756311,-0.33926117420196533,0.06664259952656552,-0.10796954482793808,0.5700963490074985,0.0731297,0.0007075921,0.19549544,0.063200116,0.15467729,0.0038805502,0.5089093,0.3551454,0.40389836,2.2933636,2.8672674,0.1775727,0.7765098,0.1775727,1.9363517,0.98209155,2.2988925,0.40246966,0.5592924,Medullary_cords,0.0
GATATGCGGTAGCCAA-1,1,19,91,7113,28325.0,7113,4454.2036,High,5,5,4,7,4,2,8,2,2284.858201289524,1.3296613488547582,-0.6537109017372131,8.953102790267464e-05,-0.2738051116466522,0.14316234741349285,0.007360923103988171,0.969205540198336,0.42986997961997986,0.017745343862330027,0.0716274231672287,0.7068180091899583,0.09655260294675827,0.611763582120597,0.07377705,0.14337821,0.027714055,0.26485673,0.18194559,0.17113295,0.13719535,0.34273505,0.8282914,2.1406202,2.8172114,0.06677918,1.4308515,0.2561746,1.7258343,1.2933209,1.596352,0.31413895,0.50538075,B_cell_zone,137.0
GATATGGATTACGCGG-1,1,28,18,4627,12483.0,4627,3980.516,Low,2,11,0,2,3,6,2,4,4964.739368788658,0.0,-0.08051706850528717,0.6723253007229942,0.23856006562709808,0.20424480117174834,-0.06333450973033905,0.7395183631505415,0.1843736171722412,0.32939107894150127,-0.4403909146785736,0.014868565241752943,-0.22252196073532104,0.23724374669619833,0.063689016,0.0,0.20870218,0.13219787,0.30170885,0.0,0.2937021,0.20132385,0.62789446,2.2279215,2.4559083,0.14710684,0.55927444,0.29421368,1.7775574,0.9709097,2.7651715,0.14710684,0.4616031,Medullary_cords,365.0
GATATTGAGATTGGCG-1,1,34,100,5720,16884.0,5720,4371.865,Medium-Low,3,0,2,0,0,4,5,6,954.9795809335402,0.45056120886630463,-0.5900994539260864,0.0005984572933974015,-0.2610708475112915,0.16347236745449295,0.525184154510498,0.002882474804894509,0.0025654099881649017,0.9892653802125849,-0.638953685760498,0.00014448028767161176,-0.06254884600639343,0.7426406116347508,0.015997557,0.00049122603,0.04599285,0.3637721,0.33790007,0.19739053,0.03845572,0.36579862,0.8346584,1.4876442,2.4768598,0.15183096,0.64928436,0.24395499,1.0017424,1.4814382,1.7495958,0.23258244,0.3069597,Medullary_cords,276.3494165001982
GATATTTCCTACATGG-1,1,17,89,6279,20630.0,6279,4421.143,Medium-High,3,5,2,7,4,3,8,2,2515.7889418629698,0.0,-0.6985633969306946,1.7621887553653365e-05,-0.30817142128944397,0.09755883270552498,0.14473956823349,0.4453936333336733,0.2688821256160736,0.15078482939316043,0.021476373076438904,0.9103117051437791,-0.049026064574718475,0.7969693842349438,0.09895214,0.0018381752,0.073264234,0.601063,0.134153,0.0,0.09072942,0.2682485,0.93474627,1.7518282,2.6455326,0.0988084,1.6212535,0.5343119,1.182363,1.5106671,1.8358688,0.1976168,0.17883234,Medullary_cords,239.00209204105306
GATCAACATAAAGGGA-1,1,62,36,7252,29371.0,7252,4412.4873,High,3,1,0,0,5,0,5,6,4590.930188970423,1.0114042647073518,-0.38465675711631775,0.03583014255545733,0.0010456591844558716,0.9956244729846881,-0.11946222186088562,0.5294953940538311,-0.36666417121887207,0.0462623110461779,-0.2740350365638733,0.14281330815384108,0.068245530128479,0.7200954766034177,0.06285799,0.0,0.1971003,0.37775972,0.01247336,0.0,0.34980863,0.32259533,0.80216455,1.7842047,2.7704427,0.49774814,0.7277255,0.27635747,1.1989584,1.4798813,2.088992,0.12984231,0.26381773,Medullary_cords,240.00208332429116
GATCATTCCAAACATT-1,1,30,56,5526,18583.0,5526,4054.686,Medium-Low,5,3,3,5,1,2,3,5,2402.1311371363554,0.6931471805599453,0.01147543080151081,0.9520085920163122,0.1483580619096756,0.43397555096705276,0.056450869888067245,0.7670068741003115,-0.374178946018219,0.041644912492406545,-0.2939705550670624,0.11484286635598874,0.22505293786525726,0.23181302114400368,0.16725029,0.0012751177,0.025761321,0.037500847,0.29522792,0.0,0.4729845,0.25279295,0.3648967,2.488614,2.758524,0.053822972,0.6218831,0.38000035,2.0493128,0.68354785,2.0276685,0.107645944,0.19352938,B_cell_zone,0.0
GATCCCTTTATACTGC-1,1,28,60,6719,23961.0,6719,4523.862,Medium-High,0,3,7,4,1,2,4,0,2268.9532829038153,0.6365141682948128,-0.11241410672664642,0.5542294517169282,0.016620414331555367,0.9305352529717246,0.32527342438697815,0.0794398578678786,-0.24145536124706268,0.19864240825909107,-0.25479555130004883,0.17420232883064296,-0.04647409915924072,0.807335750981338,0.2056729,0.00028713042,0.10830719,0.3012329,0.035988804,0.022350818,0.32616028,0.1517236,0.5897628,2.290398,2.8958821,0.11946149,0.3906466,0.5860521,1.9731836,0.9736038,1.7540528,0.1743988,0.33760768,B_cell_zone,0.0
GATCCGGGAATTAACA-1,1,39,73,5445,19760.0,5445,3771.9053,Medium-Low,2,2,5,2,0,4,3,4,1039.3040940937353,1.0114042647073518,-0.024305973201990128,0.8985517844421177,-0.31756773591041565,0.08725346299377108,0.20485225319862366,0.27751750742281167,0.13384094834327698,0.48074190460857685,-0.45297372341156006,0.011948425592930358,-0.28966495394706726,0.12050773073029572,0.04311771,0.003812116,0.36129007,0.04270074,0.13341348,0.17722659,0.2384393,0.32430732,0.36956906,2.3795633,2.5725431,0.1897766,0.39863995,0.26900855,1.4670317,0.6395212,2.9991817,0.54623824,0.5234944,Medullary_cords,137.55726080436466
GATCCTAAATCGGGAC-1,1,27,95,6279,20239.0,6279,4450.796,Medium-Low,3,0,2,0,4,2,0,6,1402.3426827990368,0.8675632284814613,-0.47973427176475525,0.007303603132731122,0.10328994691371918,0.5870200368189422,-0.200871080160141,0.2871645786953374,0.10306423157453537,0.5878418600145735,-0.014334444887936115,0.9400710636905814,-0.0024194223806262016,0.9898762141800898,0.050732836,0.0,0.09646795,0.29038554,0.13406152,0.24481048,0.18354161,0.18655328,0.71124995,1.7544149,2.6990616,0.18631205,0.6132144,0.40834123,1.1599857,1.2748106,1.6667618,0.2007932,0.43022272,Medullary_cords,137.92751719653333
GATCCTCGACACTGGC-1,1,50,32,7027,25773.0,7027,4419.1465,High,2,9,0,3,3,0,6,3,4113.880163543902,0.8675632284814613,-0.5200244784355164,0.0032240253046976705,-0.20457395911216736,0.278184995077212,0.1742812693119049,0.357001978442697,0.07993848621845245,0.6745514304284659,0.005742806009948254,0.9759727341354626,0.13962295651435852,0.4618114598312575,0.03519322,0.00065787,0.18739258,0.12644622,0.16991356,0.20950498,0.27089164,0.3790939,0.7302845,2.2286901,2.685059,0.29126734,0.516739,0.19909373,1.4423037,1.1857514,2.573153,0.67978215,0.5664212,Medullary_cords,240.0
GATCCTCTTGCGCTTA-1,1,7,83,4354,12042.0,4354,3850.6465,Low,2,5,0,2,6,3,2,4,3728.7468404277597,0.6931471805599453,-0.2445969432592392,0.1926845795697759,0.24521909654140472,0.19151958913096398,-0.23090924322605133,0.21956893485943452,0.2041451632976532,0.2792154808062478,0.05738762393593788,0.7632489637525995,-0.15211842954158783,0.42228124798048405,0.101349674,0.0,0.24250759,0.27237293,0.011927246,0.31071138,0.061131105,0.30742085,0.57480955,2.06107,2.7760043,0.15628357,0.54693633,0.35418308,1.33664,1.0812613,2.8632326,0.30227458,0.37399337,Medullary_cords,238.40302011509837
GATCGACACTATCTGA-1,1,27,47,6820,24887.0,6820,4463.0117,Medium-High,1,3,3,6,1,2,7,5,3113.956486529637,1.0114042647073518,0.07687093317508698,0.6863986613068929,-0.23770779371261597,0.20591443778682822,-0.3466551899909973,0.0605597334270509,-0.3256043791770935,0.07911673766506956,-0.14421558380126953,0.4470603565978309,0.11286559700965881,0.55262915865582,0.034738027,0.109867215,0.07108883,0.118169285,0.12136513,0.116775036,0.42799652,0.53219044,0.65699005,2.2069218,3.058977,0.08444793,0.46174678,0.27797166,1.6347511,0.9729233,2.0796783,0.31635547,0.6370595,Medullary_cords,137.00364958642524
GATCGCGGGCTCTCCA-1,1,36,52,4916,15173.0,4916,3926.9346,Low,1,9,3,5,3,7,3,5,2488.9300914248274,0.0,0.05301625281572342,0.7808290521415503,0.0024049710482358932,0.9899366810251927,-0.02007610909640789,0.916138285154908,0.06309641152620316,0.7404641457892758,-0.050033800303936005,0.7928850522636164,0.09000900387763977,0.6362036181048999,0.08338106,0.0,0.15184952,0.003064402,0.23500432,0.0,0.5267008,0.105099835,0.4768295,2.1487556,2.9445481,0.13637823,0.5364331,0.4313333,1.5962825,0.7717173,2.4252422,0.39932662,0.42766997,Medullary_cords,137.00364958642524
GATCGCTACCCGATTT-1,1,50,98,6039,18845.0,6039,4420.243,Medium-Low,1,10,0,3,0,4,6,3,1594.0388953849276,1.0986122886681096,-0.2564987242221832,0.17124223032789468,0.27310967445373535,0.14422182556706203,0.138315811753273,0.4660563250096844,0.11147469282150269,0.5575660271126711,-0.1294918954372406,0.49523953652417946,0.32875508069992065,0.07609098208298073,0.029985333,0.07094681,0.20085,0.19607519,0.0,0.16687785,0.33526483,0.550763,0.6511787,1.9192972,2.8844175,0.05321113,0.677047,0.30326098,1.4565865,1.4215469,2.1461163,0.41893405,0.44252676,Medullary_cords,138.42326394071193
GATCGCTATATCTCAG-1,1,61,25,6770,23830.0,6770,4402.2593,Medium-High,2,1,0,3,5,0,0,3,5138.059555902403,1.0114042647073518,-0.5734902620315552,0.0009229563847164722,-0.3362807631492615,0.06922484827135714,-0.27684614062309265,0.13859568126276936,0.08797520399093628,0.6438782621119543,0.10854719579219818,0.5680226369123536,0.3371928632259369,0.06842648766420498,0.016303891,0.001895809,0.18863986,0.13337934,0.05791205,0.32513672,0.2767323,0.3207211,0.6836184,1.8667045,2.7887094,0.35643232,0.63202417,0.27232403,1.2491188,1.172701,2.2112353,0.23995188,0.7689226,Medullary_cords,240.0
GATCGCTGTGGTGCGT-1,1,70,18,6524,27861.0,6524,3987.3008,High,5,1,4,5,5,0,1,1,6157.150802116186,0.0,0.11953523755073547,0.5292419657261577,0.04849947616457939,0.7991057359989542,-0.1157940924167633,0.5423015666396203,-0.14616699516773224,0.4408702105984632,-0.1739424169063568,0.35795225939343406,0.36784347891807556,0.045511908567647405,0.1747983,0.0003272714,0.012895556,0.28448802,0.40824753,0.012464875,0.106778465,0.07667579,0.463521,2.0780282,2.9564488,0.1443118,0.51423526,0.3469479,1.8086144,1.041426,1.7395494,0.07667579,0.3212987,B_cell_zone,138.0
GATCGGATAGAACCAT-1,1,41,13,7029,29719.0,7029,4170.3477,High,5,7,3,1,3,6,1,1,5175.386748833366,0.5982695885852573,-0.22165820002555847,0.23911640558645703,0.40020081400871277,0.02842605783317186,-0.2389220893383026,0.20353840640233176,-0.011984940618276596,0.9498803657384919,-0.005570586770772934,0.9766930836435771,-0.01048840582370758,0.9561323105507794,0.08820336,0.16168305,0.15620571,0.08622297,0.11285471,0.15854707,0.23628312,0.13684347,0.56844926,2.4328444,2.9371278,0.10058597,0.5028645,0.108772516,1.8060284,0.92841214,2.3649638,0.07251501,0.6165419,Medullary_cords,137.00364958642524
GATCGGCGATAAGTCG-1,1,20,14,6992,29927.0,6992,4202.7153,High,1,11,4,5,1,6,3,5,5531.026125412896,0.0,-0.2778207063674927,0.13715488329951442,-0.0505048967897892,0.7909775417931169,-0.003248792141675949,0.986406091763294,-0.00026176637038588524,0.998904642230377,-0.2918115556240082,0.11765816977735837,-0.010511532425880432,0.9560356761813449,0.0707859,0.09029026,0.012379057,0.16434363,0.21208057,0.01137645,0.43874407,0.30961627,0.53961706,2.226833,2.9322195,0.28683397,0.524347,0.30965546,1.9045299,1.0553912,1.7513826,0.14415422,0.5062774,B_cell_zone,0.0
GATCGGTGGCCATAAC-1,1,28,68,6071,19549.0,6071,4376.5825,Medium-Low,3,3,0,0,4,2,0,3,1824.0825090987523,1.0114042647073518,-0.38284310698509216,0.03678687652719188,-0.13762401044368744,0.4683111621590317,-0.1294928789138794,0.49523623334007505,-0.1282181590795517,0.49952692893097944,-0.0061885640025138855,0.9741083286104874,-0.14897938072681427,0.4320312177246412,0.07564984,0.00033567444,0.20504585,0.23977202,0.032433722,0.1851471,0.26161578,0.0880835,0.8005743,2.0929775,2.644661,0.103290096,0.67014414,0.5349626,1.4467164,1.3716918,2.7011237,0.103290096,0.49633804,Medullary_cords,239.0
GATCGTGACTGATATC-1,1,38,72,4446,13297.0,4446,3720.1055,Low,2,2,5,2,0,7,3,4,1101.0040871858741,0.6365141682948128,0.12317334115505219,0.5166889051411235,-0.37699127197265625,0.04001482845284919,0.11928752809762955,0.5301019708742682,-0.08017564564943314,0.6736386184624369,-0.43090876936912537,0.01744223868894692,-0.22032636404037476,0.24202313127785852,0.024313029,0.0,0.21683413,0.1204521,0.21704294,0.0,0.42135778,0.19504486,0.5617951,2.2061887,2.3903618,0.21030691,0.3696981,0.18484905,1.4928524,1.0492855,2.718872,0.42061383,0.44323158,Medullary_cords,238.40302011509837
GATCTAACCGTATTCA-1,1,52,6,7692,38598.0,7692,4192.229,High,3,7,0,0,3,0,0,3,5888.045601046242,1.0397207708399179,-0.3847627341747284,0.03577486378716385,-0.17200534045696259,0.36341344501206985,-0.09769246727228165,0.607546750153515,-0.33693695068359375,0.06864976231074224,-0.18669816851615906,0.32322218113357304,0.16475600004196167,0.38428473734105484,0.06133912,0.0033330207,0.26926517,0.16730699,0.15762886,0.12692489,0.21420194,0.24189657,0.5804237,2.0537548,2.7075222,0.10438166,0.5064302,0.4303303,1.41046,1.0416884,2.3957505,0.10438166,0.40909633,Medullary_cords,239.0
GATCTCGACGCTGTGG-1,1,50,118,5082,17337.0,5082,3687.337,Medium-Low,2,10,5,2,0,4,2,4,2516.7935950331726,0.0,0.3765014708042145,0.040294988568943535,0.09717190265655518,0.6094710147058676,-0.11114028096199036,0.5587560047653294,0.16340681910514832,0.3882441207415809,0.09411533921957016,0.6208208145402861,-0.15394482016563416,0.41666502120900156,0.078306094,0.0,0.32433322,0.102451555,0.11095045,0.020079525,0.3638791,0.48214513,0.63485825,2.2930188,2.5025926,0.0,0.54175746,0.39223957,1.5295247,0.99573624,3.0138001,0.38358638,0.5505209,Medullary_cords,414.40318531594323
GATCTGCTATCTAAGG-1,1,62,56,6239,20595.0,6239,4360.4,Medium-High,5,4,4,1,2,1,1,1,3621.714511112106,0.8675632284814612,-0.08015872538089752,0.673703728499289,0.037334565073251724,0.8447128838943408,0.15909740328788757,0.4010470953705772,-0.3703143000602722,0.04397113518050095,-0.5759811997413635,0.0008661603684501797,0.5084865689277649,0.004115912812465054,0.15594223,0.001226647,0.079671726,0.146979,0.12782308,0.017842276,0.47051498,0.16182409,0.5034644,2.503453,2.8708632,0.2191227,0.61558914,0.26859623,2.0747306,0.96557343,1.8781464,0.19789414,0.32886487,B_cell_zone,0.0
GATCTTGGAGGGCATA-1,1,44,70,5028,13502.0,5028,4338.5005,Low,4,2,1,4,0,7,4,7,1432.2894260588535,0.8675632284814613,-0.26888009905815125,0.15078802620787332,-0.30705690383911133,0.0988396624615643,0.04736077040433884,0.8037302718126333,0.06339617818593979,0.7392734620327844,-0.11858980357646942,0.5325279531074517,0.0698750838637352,0.7136875336871297,0.14915301,0.0,0.36822122,0.055529892,0.21388966,0.026305912,0.18690027,0.20786652,0.29258198,2.07509,2.7924693,0.06928884,0.58785707,1.0829904,1.8715668,0.55369556,2.07077,0.13857768,0.28739703,Medullary_cords,0.0
GATCTTTGCAGGGTAT-1,1,36,38,4411,12017.0,4411,3961.2158,Low,0,9,7,4,3,6,4,0,3449.7427440317924,1.0114042647073518,-0.41821980476379395,0.021453572121938488,-0.23684941232204437,0.20760549128003147,-0.14145630598068237,0.4558923314047227,0.32375282049179077,0.0809375134637685,-0.27051258087158203,0.148228643098596,-0.2745455801486969,0.14204048137752223,0.12047499,0.0011201159,0.028825054,0.11453337,0.69136286,0.0,0.043683577,0.0,0.47555113,1.9897747,2.7136073,0.19821332,0.22710223,0.799801,1.7877936,0.7022755,1.6044278,0.15140149,0.3267002,B_cell_zone,137.0
GATGACAAGTAGGGCA-1,1,57,33,6151,25361.0,6151,3789.586,High,2,1,5,2,5,0,2,4,4416.970115361887,0.0,-0.08263227343559265,0.6642101305558414,0.3303280770778656,0.07461414848909101,-0.18587598204612732,0.32539591173853943,0.08213206380605698,0.6661259138095346,-0.2913047671318054,0.11832636810230333,0.11831526458263397,0.5334839767981376,0.047468197,0.0,0.31441852,0.17070456,0.27873912,0.15598792,0.032681715,0.29094344,0.4005645,2.1249113,2.4997,0.26379782,0.4340319,0.28044638,1.2498422,0.96717256,3.162485,0.24931443,0.3684983,Medullary_cords,239.77072381756702
GATGACGATGATCGCG-1,1,19,113,7514,30239.0,7514,4595.424,High,4,12,1,4,4,3,4,7,2853.604037003032,0.6365141682948128,-0.1799154281616211,0.34142236001699605,0.041650064289569855,0.8270178044684662,-0.003954336047172546,0.983454251531951,0.2878531217575073,0.12295235735393636,-0.022499609738588333,0.9060568221918627,-0.022831585258245468,0.904676923806888,0.16674632,0.001886333,0.0,0.14186475,0.38647974,0.24894015,0.054082643,0.13489825,0.3798132,2.200763,2.696246,0.107151404,0.4114468,0.93204886,2.0017238,0.6453189,1.5432031,0.0,0.34236276,B_cell_zone,0.0
GATGAGGAACCTTCGG-1,1,67,81,5375,16341.0,5375,4158.1577,Medium-Low,5,6,3,6,2,1,1,5,3507.0434841900665,0.45056120886630463,-0.043107420206069946,0.8210603853320668,-0.1371595710515976,0.46982813936355167,-0.3721739947795868,0.04283913097510887,-0.2973920702934265,0.11048428783283627,0.15142861008644104,0.42441332807537185,0.1163073405623436,0.5405009709795032,0.06967197,0.08458509,0.12909333,0.086292274,0.10137118,0.021473799,0.5075124,0.21927102,0.608263,2.224513,2.874786,0.17904352,0.4092459,0.31917968,1.6177853,0.9427903,2.0193172,0.2387247,0.5404583,Medullary_cords,138.42326394071193
GATGATTTGAAACTGG-1,1,0,34,7059,29743.0,7059,4411.0273,High,4,8,1,4,1,5,4,7,5876.031654101261,0.0,-0.710401713848114,1.0920359033290612e-05,-0.3158367872238159,0.08908661058436397,-0.017230208963155746,0.9279930622854237,0.2124386429786682,0.2597187219351325,-0.30399852991104126,0.10241958124913576,0.02898145094513893,0.8791675424581133,0.2221748,0.0027684907,0.0,0.23832113,0.44327858,0.013654632,0.07980245,0.10052547,0.47072667,2.1573012,2.5081956,0.07246844,0.37273425,0.95703566,1.9326117,0.9606986,1.7294627,0.0,0.26806793,B_cell_zone,0.0
GATGCCACACTACAGC-1,1,0,38,6556,25551.0,6556,4303.329,High,4,8,1,4,1,5,4,7,5706.317376382074,1.0397207708399179,-0.7666053175926208,7.824981132330272e-07,-0.1174820065498352,0.5363906320174053,0.1125861257314682,0.5536194830868234,-0.029450908303260803,0.8772247917918802,-0.17992989718914032,0.341382887919607,-0.08831404149532318,0.6425971200500105,0.16778629,0.0,0.08915658,0.32008162,0.31830043,0.0,0.104675084,0.117780946,0.5920172,2.0435,2.681019,0.08258397,0.5015585,0.7878984,1.9372351,0.9959068,1.9453454,0.0,0.25890324,Medullary_cords,0.0
GATGCCAGCAGAAGGC-1,1,23,17,7326,33916.0,7326,4143.913,High,2,11,0,0,1,6,0,4,5207.483941405869,1.277034259466139,-0.33110615611076355,0.07389186513847276,0.08381277322769165,0.6596970960574805,0.22613513469696045,0.22951661892593014,-0.12923403084278107,0.49610600506416275,-0.5574139356613159,0.00137426155806124,0.19292308390140533,0.3070558751621037,0.056873556,0.053389546,0.23884653,0.308478,0.34241238,0.0,0.0,0.5216368,0.726388,1.8982763,2.7975159,0.15483949,0.6483252,0.4575519,1.3650928,1.3050661,3.0301592,0.12919591,0.3274192,Medullary_cords,137.00364958642524
GATGCCTTCTGCGGCA-1,1,58,14,7233,28416.0,7233,4462.9775,High,3,1,0,0,5,0,0,6,5629.050363960159,0.6931471805599453,0.3883266746997833,0.03395552464148896,0.39845332503318787,0.029190434885150964,0.04671614617109299,0.8063511257601504,0.5011647939682007,0.0047853017957822114,0.18188053369522095,0.3360867670546268,0.32919982075691223,0.07567116494290275,0.09622824,0.0,0.12489861,0.20148702,0.10606691,0.17544073,0.29587847,0.37395746,0.5876139,2.0782092,2.785467,0.10429996,0.67221653,0.42556405,1.6139034,1.1708132,1.9991786,0.0,0.35968012,Medullary_cords,138.00362314084367
GATGCGTCCTGCATTC-1,1,37,57,4156,14308.0,4156,3326.7234,Low,2,9,5,2,0,7,3,4,2137.0428166042907,0.0,0.0448671355843544,0.8138799839333195,0.18693503737449646,0.322597601605951,-0.17015434801578522,0.36867769055436933,0.1787746250629425,0.34454320465616395,0.00868111103773117,0.9636858593727164,-0.1785913109779358,0.3450462880533612,0.007476402,0.0,0.22769238,0.05720303,0.37910107,0.0,0.32852715,0.24181664,0.3994296,2.0240064,2.3636248,0.066248335,0.45161986,0.27378997,1.3742071,0.66123086,3.1648242,0.35113662,0.6787087,Medullary_cords,239.26763257908496
GATGCTACAAGCGCCT-1,1,17,51,7257,28668.0,7257,4461.8394,High,2,8,0,0,1,5,0,3,3579.509742967604,1.3296613488547582,0.027923589572310448,0.8835477844614964,-0.34446805715560913,0.0623118530505689,-0.23363904654979706,0.2140143636742577,-0.26319432258605957,0.15995049001366116,-0.5826180577278137,0.0007295013887458522,0.4279736578464508,0.01830991140666739,0.05900613,0.0020167504,0.31634417,0.1866727,0.25317955,0.014139514,0.1686411,0.33628634,0.63160115,1.9411253,2.7414732,0.42860776,0.7591659,0.38027892,1.386592,0.89424396,2.5151544,0.32717925,0.49717474,Medullary_cords,238.40302011509837
GATGCTACCTTCGATG-1,1,70,58,5724,18217.0,5724,4219.3584,Medium-Low,1,4,0,3,2,1,0,3,4354.007349557417,1.0114042647073518,-0.23313066363334656,0.21504148405663404,-0.15404152870178223,0.41636880455641156,-0.12075351178646088,0.5250221129897734,-0.13970212638378143,0.46155501817108585,0.05209935083985329,0.7845302954126337,0.22367632389068604,0.23475638289291473,0.02980712,0.0016666936,0.06571969,0.21481812,0.17572442,0.33461902,0.17764497,0.38241184,1.0754128,2.081212,2.8608134,0.2187847,0.59265894,0.29462364,1.2413462,1.2176363,2.214641,0.51340836,0.52086794,Medullary_cords,602.8474102125678
GATGCTGTATTTCATC-1,1,43,75,4705,11722.0,4705,4291.091,Low,0,2,7,4,0,4,4,0,1076.4060572107535,1.0114042647073518,-0.2635260224342346,0.15940528668914491,-0.25704875588417053,0.17029392992943745,0.24322080612182617,0.19527887640440425,0.18634885549545288,0.3241446137130978,-0.14339937269687653,0.4496632795729697,-0.15007469058036804,0.42861523917752903,0.094161555,0.0,0.102384195,0.15445796,0.35545772,0.0,0.29353857,0.154244,0.5537795,2.2799227,2.8383904,0.077122,0.35582906,0.39008418,2.0368364,1.004703,1.9821,0.154244,0.26878008,B_cell_zone,0.0
GATGGCGCACACATTA-1,1,19,29,6935,25622.0,6935,4410.5674,High,3,11,2,0,1,5,5,6,4655.668050881634,0.45056120886630463,-0.3788156807422638,0.038984998987318165,-0.03284068405628204,0.8632183280707556,-0.2098155915737152,0.2657861872516667,-0.26660752296447754,0.154403723707985,-0.062413521111011505,0.743178802211088,0.13968712091445923,0.4616036170922939,0.012818655,0.066127375,0.091070324,0.34003687,0.17951325,0.019703794,0.29072976,0.2295587,0.7834368,1.6523023,2.6508062,0.18543497,0.83992505,0.36471468,1.0342882,1.4811987,2.0117865,0.3090102,0.40361875,Medullary_cords,366.3659372812926
GATGGTGCCCTAGGCA-1,1,10,78,6227,22696.0,6227,4186.713,Medium-High,5,5,0,0,6,3,0,1,3423.495289904749,1.0986122886681096,-0.45007261633872986,0.012575040878228385,-0.07096870988607407,0.7093976855944955,-0.3014174997806549,0.10551588178926123,0.131839320063591,0.48738707251701624,0.11895767599344254,0.5312482020958968,0.08741696923971176,0.6459911252621838,0.1571865,0.0,0.20024875,0.31687716,0.32568756,0.0,0.0,0.09126601,0.5044603,2.167824,2.4447508,0.19655988,0.80981874,0.86609423,1.419281,0.89755213,2.4596233,0.15797915,0.16616344,Medullary_cords,137.55726080436466
GATGTAACGAACCACC-1,1,51,21,5576,20243.0,5576,3750.644,Medium-Low,2,7,5,2,3,6,2,4,4867.79467520971,0.0,0.09881028532981873,0.6034234294608097,-0.12797217071056366,0.5003570654821221,-0.2762323319911957,0.13950877299124134,-0.2302439957857132,0.22093725607271208,0.14721529185771942,0.4375641448625024,-0.11841222643852234,0.5331462341086133,0.055033486,0.081824146,0.34168643,0.1581503,0.17896304,0.0,0.18434262,0.15551895,0.46431106,2.150469,2.5101774,0.27214566,0.6006068,0.20072784,1.2925661,0.8114872,3.2077613,0.10036392,0.29595163,Medullary_cords,631.129146847141
GATGTCCGGATCACAT-1,1,7,37,6925,30253.0,6925,4118.157,High,3,8,2,0,1,5,5,6,5109.107260569111,0.0,-0.2156548798084259,0.25240381739580714,-0.06789514422416687,0.7214757582243145,-0.13862575590610504,0.46504795390747916,-0.2731287479400635,0.14419269212728691,-0.07397472858428955,0.6976514330244468,0.11756496876478195,0.5361008975244108,0.04897195,0.0,0.17448543,0.54868513,0.07417568,0.0,0.15368181,0.24389762,1.1328734,1.3728125,2.2117786,0.099133015,0.5374122,0.35591328,0.7416364,1.6749207,1.8648552,0.1427946,0.21002255,Medullary_cords,690.8834923487461
GATGTCGGTCAACTGC-1,1,9,73,7089,29880.0,7089,4207.8384,High,1,5,3,6,6,3,7,5,3623.74419626993,0.45056120886630463,-0.22564147412776947,0.23056225280086728,0.009833446703851223,0.9588693013216736,-0.26526784896850586,0.1565641054171501,0.15733416378498077,0.406353817506549,-0.22514677047729492,0.23161330182411072,0.14278806746006012,0.4516180575409115,0.059537712,0.0,0.2287853,0.0,0.192976,0.013082113,0.5056189,0.3839568,0.16625218,2.13636,2.9648666,0.28204542,0.8110949,0.47278848,1.2833881,0.6338775,2.527069,0.301896,0.7305719,Medullary_cords,276.0
GATGTGTTGTCACAAG-1,1,6,78,7473,32187.0,7473,4372.76,High,1,5,3,6,6,3,7,5,3893.8888016994015,0.45056120886630463,-0.4640883505344391,0.009784243618296252,0.1139158234000206,0.5489149768550551,-0.24483749270439148,0.19223356527767926,0.04242737963795662,0.8238390806140078,-0.009838800877332687,0.9588469250125491,0.4379332363605499,0.01550315931585625,0.03223697,0.0021062144,0.1203716,0.09846314,0.19856405,0.0032497926,0.5450082,0.35665607,0.3841508,1.9755083,3.0284734,0.24887653,0.7028998,0.215056,1.3451803,0.9233104,2.156905,0.23229438,0.61580735,Medullary_cords,240.00208332429116
GATGTTCAATCCACGA-1,1,41,43,6308,22460.0,6308,4323.263,Medium-High,4,9,1,4,3,6,4,7,3118.6692674921464,1.0986122886681096,-0.06418013572692871,0.7361623531342855,-0.14230115711688995,0.4531783008077747,0.0723167434334755,0.7041218729629346,0.08259224891662598,0.664363346773569,-0.19130027294158936,0.311220708677517,-0.05447107553482056,0.7749660437691533,0.07211037,0.059457,0.06181049,0.1008083,0.28048342,0.3672288,0.058101583,0.046035793,0.37897503,2.2472768,2.8393002,0.046035793,0.49198186,0.75160813,2.1034477,0.8212608,1.925593,0.18414317,0.60076386,B_cell_zone,0.0
GATGTTTGTGCGAGAT-1,1,20,30,6239,20768.0,6239,4382.314,Medium-High,3,11,2,0,1,5,0,6,4537.54559205745,0.6931471805599453,-0.6469122767448425,0.00011196476142788079,0.1802886575460434,0.34040505812879723,-0.00019677728414535522,0.9991765880598409,-0.06409803032875061,0.7364879949309229,-0.09680967032909393,0.610811513811446,0.16290755569934845,0.3897152195801303,0.021425042,0.0010355017,0.0952202,0.25620666,0.15297006,0.2657523,0.20739025,0.25152284,0.90789807,1.7561663,2.6252635,0.2808522,0.6948989,0.2808522,1.0037619,1.5031353,1.9791939,0.16862693,0.4027668,Medullary_cords,240.00208332429116
GATTAACCGAAAGCCC-1,1,55,93,6973,27128.0,6973,4347.7285,High,3,10,7,0,0,4,0,3,2065.6952824654463,1.2424533248940002,-0.021815042942762375,0.9089031531705032,-0.11334899812936783,0.5509181378325889,-0.09142664074897766,0.630875784453978,0.1737992763519287,0.3583541357087323,-0.34519457817077637,0.061725494379994396,-0.0975329726934433,0.6081360487934537,0.07063238,0.0024845302,0.23391213,0.26730478,0.116769664,0.008853191,0.30004337,0.27153584,0.8003596,1.9458717,2.8705847,0.15690747,0.73419285,0.2500009,1.3744843,1.2373009,2.1878679,0.29170933,0.47844598,Medullary_cords,137.92751719653333
GATTAATCCTGGCTCA-1,1,4,28,6991,28102.0,6991,4322.51,High,3,8,2,0,1,5,5,6,5799.952068767465,0.0,-0.5333189368247986,0.0024073250625315998,-0.010610104538500309,0.9556238000626137,0.279544472694397,0.13463325320343467,-0.10944094508886337,0.5648209021495093,-0.3778219223022461,0.03954327775180455,-0.037895239889621735,0.842409537017243,0.05578841,0.0,0.1615892,0.4518904,0.11832467,0.17068845,0.04171886,0.26621515,1.0681294,1.722976,2.4712286,0.11416677,0.68035495,0.20496626,0.9650841,1.6448191,2.164908,0.21048933,0.35097766,Medullary_cords,364.00137362378183
GATTACTGAATTTGGG-1,1,41,39,4828,14615.0,4828,3947.6323,Low,5,9,3,5,3,6,3,5,3392.0212263486796,0.8675632284814613,-0.2952176630496979,0.11323964839756093,-0.3361712396144867,0.06932119827716361,0.2456209510564804,0.19076971955717653,0.21080085635185242,0.2634964161218681,0.02620628848671913,0.8906656569710953,0.27379870414733887,0.14317208321747354,0.16991821,0.00016818318,0.04970458,0.17871036,0.33782247,0.0054392666,0.25823694,0.23814243,0.45156458,2.1092417,2.911024,0.19552164,0.59325176,0.3587882,1.8418314,1.0696223,1.7797151,0.26069552,0.31752324,B_cell_zone,0.0
GATTAGAAACAAGCGT-1,1,75,45,7517,33013.0,7517,4362.7046,High,5,4,0,1,5,0,1,1,5329.289070786083,1.0114042647073518,-0.29386308789253235,0.11498180626879544,0.028735127300024033,0.8801871769918721,-0.2248901128768921,0.2321598624491026,-0.0014242453034967184,0.9940403157706851,0.130477175116539,0.49193588171325026,0.06886507570743561,0.7176570011285833,0.17175505,0.14578591,0.15629664,0.29351586,0.2326465,0.0,0.0,0.27550256,0.8661544,2.2827892,2.9327242,0.066153765,0.5645305,0.4398508,1.8454698,1.1161066,2.1630626,0.13230753,0.21125063,Medullary_cords,0.0
GATTATCTTGCATTAT-1,1,76,92,4575,11624.0,4575,4159.2305,Low,5,6,4,1,2,1,1,1,4560.040569994964,0.796311640173813,-0.15333235263824463,0.41854372555163216,0.2803775668144226,0.13342676665616646,0.35303109884262085,0.055671472439894405,-0.2196749746799469,0.2434533052310484,-0.5476235747337341,0.0017345184428965207,0.17456811666488647,0.3561987161128911,0.10012083,0.13475941,0.04600869,0.14774379,0.127812,0.0,0.4435552,0.28028852,0.50208414,2.275816,3.1147435,0.15518297,0.49673027,0.54424435,1.8209548,0.83480465,1.8558385,0.0,0.27026272,Medullary_cords,0.0
GATTCCCTTGTCGCAG-1,1,25,67,5757,18052.0,5757,4251.51,Medium-Low,3,3,2,0,4,2,5,6,2124.0080037513985,0.45056120886630463,-0.49840256571769714,0.00506095276815119,-0.04473503679037094,0.8144184988969834,-0.33224233984947205,0.0728468736692163,-0.1473132073879242,0.43725603403714,0.19720560312271118,0.2962334884586289,-0.002285148948431015,0.9904380392477323,0.10114721,0.0,0.17872739,0.37155712,0.2756884,0.018265614,0.054614317,0.1483248,0.7578719,1.9901421,2.5560856,0.1653161,0.6117865,0.2877032,1.1818912,1.6364892,2.2773464,0.0,0.41511464,Medullary_cords,364.3295211755424
GATTCCGCGTTTCCGT-1,1,16,76,6677,25187.0,6677,4413.5605,Medium-High,3,5,2,7,6,3,8,2,2761.324501032068,0.0,-0.42086440324783325,0.020560337564794792,-0.21611516177654266,0.2513681850366173,0.12638258934020996,0.5057380489008169,0.021974623203277588,0.9082395411230995,-0.2450038492679596,0.19192208712484296,-0.07310386002063751,0.7010475208784299,0.019159917,0.0012138397,0.25290513,0.24462466,0.0,0.2723182,0.20977825,0.34978658,0.6698066,1.7228357,2.6012666,0.22970755,1.2652303,0.5917891,0.88827664,1.0947869,2.2934203,0.14612037,0.58972234,Medullary_cords,413.0012106519786
GATTCCTATACGGCGC-1,1,25,23,7183,26977.0,7183,4476.8154,High,3,11,2,0,1,6,5,6,4737.3621351971815,0.45056120886630463,-0.26531490683555603,0.1564878539126908,0.386409193277359,0.034924846322809504,-0.25574442744255066,0.17254876822529405,-0.41275450587272644,0.02340083304364842,-0.4459231197834015,0.013518887501153983,0.08372347056865692,0.6600380923628806,0.042831667,0.0006990857,0.19322804,0.33612174,0.19118008,0.12857205,0.1073673,0.203111,0.91299,1.8632107,2.6134973,0.26184714,0.82528603,0.28684726,1.0944338,1.5380303,2.5565438,0.3061851,0.38129568,Medullary_cords,238.40302011509837
GATTCGACGGTTCACG-1,1,41,71,4315,10833.0,4315,4084.4395,Low,0,2,7,4,0,7,4,0,1223.7667261369709,1.0114042647073518,-0.2255621701478958,0.23073052625896837,-0.5055416226387024,0.004374813602780304,0.3939124643802643,0.03125505796441272,0.2649591267108917,0.15706501249021954,-0.1541321873664856,0.4160912252616637,-0.3217955231666565,0.08289704622626688,0.121385865,0.0,0.0,0.2166436,0.48239115,0.0,0.17957936,0.08174266,0.48163402,2.10283,2.845807,0.16348532,0.5884678,0.9346847,2.0989985,0.8610742,2.09888,0.16348532,0.108990215,B_cell_zone,0.0
GATTCTGTTAATGAGT-1,1,74,62,5189,14785.0,5189,4213.9307,Low,5,4,3,1,2,1,1,1,4669.189437150735,0.6931471805599453,-0.4054199755191803,0.026239582350596334,-0.3453058898448944,0.06163603980303337,-0.13744302093982697,0.46890201485832256,0.12484364956617355,0.5109748891597548,-0.17016740143299103,0.3686404102257841,0.19894473254680634,0.2919083041659841,0.17864265,0.005633121,0.14171505,0.28800178,0.30620944,0.003921433,0.07587649,0.34118295,0.79524004,2.1466954,2.6732666,0.17154136,0.4422355,0.3746702,1.4858073,1.0402583,2.2516887,0.12917002,0.22872184,Medullary_cords,414.40318531594323
GATTGACACTCTGCTC-1,1,5,63,6072,20237.0,6072,4355.7666,Medium-Low,4,5,1,4,6,3,4,7,4310.406477352223,0.45056120886630463,0.2008277326822281,0.28727077988171157,-0.02898598089814186,0.8791487928945381,0.14706295728683472,0.43804373078981224,-0.07365348935127258,0.6989034934178873,-0.3626664876937866,0.04887957310489418,-0.07981027662754059,0.6750450898966982,0.12279522,0.09761068,0.18261273,0.1599416,0.186508,0.0107416855,0.23979004,0.08591236,0.5261014,2.2179048,2.8032885,0.050196256,0.3634258,0.91024935,2.0409532,1.036978,2.2462533,0.20078503,0.61217105,Medullary_cords,0.0
GATTGCTCCAGTTGCA-1,1,63,27,6389,23525.0,6389,4247.9536,Medium-High,3,1,2,0,5,0,5,6,5157.798852223688,0.0,-0.40986064076423645,0.02448918799652531,-0.16258230805397034,0.39067529541479157,-0.16856426000595093,0.3732355236930723,-0.1748058795928955,0.35553372255310534,0.026415538042783737,0.8897979021445491,0.3163926303386688,0.08849478212177611,0.048960857,0.0014902928,0.09143335,0.58348036,0.27463508,0.0,0.0,0.21703689,0.9801411,1.5309222,2.646817,0.28667265,0.7001221,0.31252536,1.0139136,1.7505306,1.8296313,0.17712656,0.22063619,Medullary_cords,498.48269779401573
GATTGGGAAAGGTTGT-1,1,66,80,5953,20090.0,5953,4254.2124,Medium-Low,5,6,4,1,2,1,1,1,3398.4980506100046,0.6931471805599453,-0.09266377240419388,0.6262410957648459,-0.20962922275066376,0.2662207631616147,-0.18499407172203064,0.32773750774789323,-0.053346216678619385,0.779498235567751,0.0684923306107521,0.7191237680557651,-0.03127865865826607,0.8696677879812713,0.07241552,0.065558635,0.04420761,0.070274234,0.14534374,0.2752595,0.3269408,0.25718743,0.28827414,2.2521632,2.8198583,0.23785211,0.6113277,0.43841508,1.9646295,0.85490376,1.8831503,0.17272618,0.6021631,B_cell_zone,0.0
GATTTGCGCTAACACC-1,1,75,51,5788,18271.0,5788,4274.502,Medium-Low,3,4,0,0,5,1,0,6,5111.471412421281,0.45056120886630463,-0.31186002492904663,0.09340910706761293,0.010484084486961365,0.9561503672982603,-0.46038830280303955,0.01046469789088393,0.07687286287546158,0.6863911852885632,-0.13731136918067932,0.4693320458963204,0.27002206444740295,0.148994348832377,0.06572797,0.0,0.09663229,0.2621457,0.15721066,0.0,0.41828337,0.25146008,0.67996824,1.8594687,2.7929559,0.41781637,0.454733,0.2919717,1.2032478,1.4284929,2.0109143,0.0,0.19599111,Medullary_cords,275.0018181758077
GCAAACCCTACATTAT-1,1,48,82,5696,18161.0,5696,4155.418,Medium-Low,2,10,0,2,0,4,2,4,1267.162578361593,0.8675632284814613,0.24216116964817047,0.19729292994464226,-0.36545196175575256,0.04704387483613068,0.33109933137893677,0.07389817690277402,-0.7390708327293396,3.091872478611385e-06,0.26014989614486694,0.1650168545383913,-0.3107141852378845,0.09468359366903392,0.08437896,0.0,0.4491668,0.32928437,0.09822315,0.0,0.03894669,0.2201647,0.78138494,2.0336914,2.6986675,0.25732625,0.66807485,0.6322481,1.4814863,1.0435842,2.9140067,0.46316743,0.38189182,Medullary_cords,238.40302011509837
GCAAACCTTGGCCATA-1,1,57,67,7196,27666.0,7196,4453.8174,High,1,2,0,3,2,1,6,3,2696.6646065093078,1.0114042647073518,-0.09671075642108917,0.6111777753685771,0.10324733704328537,0.5871751396384951,-0.08223424106836319,0.6657344110301138,0.06845404207706451,0.7192744904738531,-0.06792992353439331,0.7213387130309425,0.024799035862088203,0.8965046809593171,0.0151839815,0.17620718,0.16935307,0.094424926,0.04340346,0.18450561,0.3169218,0.45156825,0.5495053,2.1007848,2.999552,0.17457274,0.45531657,0.3755815,1.5700822,0.9184221,2.1913345,0.39405692,0.47641096,Medullary_cords,138.00362314084367
GCAAACGTCGCCAGGT-1,1,47,117,5147,17148.0,5147,3781.3489,Medium-Low,2,10,5,2,0,4,2,4,2268.772796028725,0.0,0.24055832624435425,0.20036669038862504,-0.019098233431577682,0.9202098277706174,-0.045449160039424896,0.8115082919017801,0.39207780361175537,0.0321221145029478,0.08419977128505707,0.6582201425258607,-0.0005284156650304794,0.9977888539503463,0.06294467,0.08202029,0.29695594,0.17011462,0.0,0.0,0.3879645,0.2689357,0.61798674,2.3047724,2.692741,0.17229931,0.3655721,0.380213,1.6226487,0.9586942,2.9340663,0.5941472,0.48264426,Medullary_cords,137.00364958642524
GCAAAGGGCGTTAGCC-1,1,66,20,6263,21353.0,6263,4316.181,Medium-High,3,1,2,0,5,0,0,6,5758.485391142362,0.45056120886630463,-0.49666208028793335,0.005241512986778495,0.05252425745129585,0.7828145037529792,-0.0084507055580616,0.964649068907344,-0.061199940741062164,0.7480105183535914,-0.25155553221702576,0.17993278230229068,0.08939242362976074,0.6385264641272467,0.09424592,0.0,0.0744676,0.4028934,0.19160911,0.23678397,0.0,0.22796091,0.9170195,1.9518471,2.6069646,0.19205886,0.51216877,0.31058002,1.5400592,1.4554403,1.933059,0.19205886,0.38445324,Medullary_cords,237.9012400135821
GCAAATATTACGCTTT-1,1,35,41,6847,25727.0,6847,4463.0815,High,4,9,1,4,3,6,4,7,3254.980337882243,0.0,-0.36065053939819336,0.050243226497584004,-0.048978086560964584,0.79716397017196,-0.08094589412212372,0.6706771178819662,0.30400553345680237,0.10241127353851626,-0.23111757636070251,0.219141607418612,-0.4287698566913605,0.018071086541267326,0.10480444,0.06701238,0.054577593,0.13028823,0.26921427,0.20097697,0.17312616,0.07189986,0.52902627,2.1460772,2.853554,0.123149365,0.45428264,0.78379935,1.9854611,0.8673217,1.883477,0.08209958,0.46873522,B_cell_zone,0.0
GCAACACACTAGAACT-1,1,46,16,7292,32346.0,7292,4128.2827,High,2,7,0,2,3,6,2,4,5048.262770498382,0.0,-0.2985166311264038,0.10907905554910481,-0.09759771823883057,0.6078967986979366,0.20467235147953033,0.27794888330727247,-0.2576110363006592,0.16932836222559994,-0.21714599430561066,0.2490589936016031,0.1307275891304016,0.4910980258179269,0.08882334,0.0,0.32798892,0.12864402,0.21560681,0.14396775,0.09496915,0.23216087,0.559189,2.3805866,2.70553,0.43454295,0.57423764,0.36245143,1.3560865,1.0325768,2.8596458,0.6397393,0.4012918,Medullary_cords,365.0986168146902
GCAACAGCAGTATGCG-1,1,46,106,6570,24674.0,6570,4327.4434,Medium-High,0,10,7,4,0,4,4,0,1567.322557739791,1.5607104090414068,-0.036978647112846375,0.8461757077208298,0.013293847441673279,0.9444146356384012,-0.2648891508579254,0.15717870891728464,-0.0748063400387764,0.6944137678134162,-0.27251559495925903,0.14513137734947015,0.12087392807006836,0.5246059016434697,0.16096383,0.0,0.093731135,0.21510549,0.20952973,0.19660524,0.124064624,0.18095762,0.7314056,2.3584623,2.81946,0.15927042,0.5296028,0.6504451,1.9000347,1.109312,2.291201,0.08506294,0.17012589,Medullary_cords,0.0
GCAACCACCAGACCGG-1,1,14,92,7137,28976.0,7137,4441.932,High,0,5,7,7,4,3,8,2,2887.5570990025462,1.3296613488547582,-0.5269501805305481,0.0027729703576414937,0.08673635125160217,0.6485708524350505,0.25336816906929016,0.17671077590090867,-0.18378379940986633,0.33096772782462763,-0.34426966309547424,0.06247272680709452,0.11304143071174622,0.5520065019871127,0.1474843,0.0889041,0.15266031,0.31169403,0.24824113,0.01773319,0.03328298,0.40106723,0.8785416,2.0528963,2.7800894,0.1767973,2.038392,0.56512773,1.7673984,1.1863394,1.9056005,0.14824794,0.2433871,Medullary_cords,137.92751719653333
GCAACCACGGCCGCGT-1,1,43,29,6597,23370.0,6597,4391.5684,Medium-High,1,7,0,3,3,6,0,3,4105.420928479807,1.3296613488547582,-0.28088098764419556,0.1327015563063457,0.09318572282791138,0.6242898681162456,-0.3994130492210388,0.028768595686897942,-0.029567524790763855,0.8767423068913516,0.053619932383298874,0.7783947433777253,0.22986510396003723,0.22171916073706618,0.077249356,0.0023259397,0.18720783,0.21543032,0.17928432,0.0057484377,0.3327538,0.35199752,0.81033033,1.9391632,2.7704396,0.121823005,0.5763285,0.18754376,1.4643365,1.3115095,1.872117,0.45010695,0.43771195,Medullary_cords,276.3494165001982
GCAACGGCTAGTTATG-1,1,43,113,6190,24019.0,6190,3914.2595,Medium-High,2,10,5,2,0,4,2,4,1822.8422861015706,0.0,-0.25331538915634155,0.17680401514075472,0.3206024765968323,0.08410915113333399,-0.0381806343793869,0.8412375763404175,0.08276434987783432,0.6637046282895583,-0.07717341184616089,0.6852271571054511,0.09768493473529816,0.6075745758605559,0.049715746,0.0034450132,0.290858,0.15598239,0.23362516,0.009570155,0.25680357,0.4469718,0.59105635,2.2244976,2.572948,0.23846254,0.57232153,0.33977386,1.3790638,0.94555557,2.8801277,0.23846254,0.48098812,Medullary_cords,478.17360864020924
GCAAGAATTCCTTGGC-1,1,44,36,6360,21804.0,6360,4349.1045,Medium-High,3,9,2,0,3,6,5,6,3651.3104496878927,0.8675632284814613,-0.07455682754516602,0.6953846302642311,-0.16033361852169037,0.3973501106734618,0.14942403137683868,0.43064267738667034,0.1074889749288559,0.5718241446886013,0.24994942545890808,0.18282196098993375,0.34577643871307373,0.0612590075664479,0.12306308,0.00094110327,0.073604055,0.4398033,0.13159145,0.000283052,0.23071392,0.24409519,0.9339471,2.0178533,2.8253977,0.04718913,0.5500765,0.38566256,1.6254859,1.492683,1.8976618,0.09437826,0.36120695,Medullary_cords,365.65831044842946
GCAAGATGTGTTCGCG-1,1,11,105,5894,19296.0,5894,4296.095,Medium-Low,5,12,4,1,4,3,1,1,3439.5839864727827,1.0114042647073518,0.18444369733333588,0.3292040530615435,-0.008969825692474842,0.9624789593486556,-0.07454030215740204,0.6954489478585295,-0.21004493534564972,0.2652520360796307,-0.18986357748508453,0.3149371328432665,0.2404998540878296,0.20047944300743217,0.10568414,0.17449602,0.15057637,0.061302304,0.20385158,0.2965906,0.007498981,0.14109726,0.745905,2.2305496,2.8938243,0.14109726,0.6566331,0.47997186,1.7405059,0.91818786,2.0997922,0.10438829,0.6011534,Medullary_cords,137.0
GCAAGTGCACAGAGAA-1,1,24,42,6438,21763.0,6438,4432.2295,Medium-High,1,3,0,3,1,5,0,3,3582.5215979809527,0.6365141682948128,-0.2676301896572113,0.1527690218675965,-0.13606849312782288,0.4734019515161167,0.09308881312608719,0.624651961714498,-0.3175036609172821,0.08732080423820061,-0.20813065767288208,0.2697319210961005,0.1194339320063591,0.5295936002756857,0.07722074,0.0,0.061157364,0.11805518,0.2252206,0.17233087,0.3460153,0.34195766,0.43958575,2.2400134,2.9486866,0.12874085,0.5833709,0.28431538,1.695178,0.9359023,2.1396546,0.3795781,0.40852588,Medullary_cords,137.92751719653333
GCAAGTGTAAAGCATG-1,1,67,45,6292,21739.0,6292,4264.138,Medium-High,1,4,0,3,2,0,0,3,4563.525172495491,1.0986122886681096,-0.23734037578105927,0.20663710760416515,-0.03507816791534424,0.853995053825217,0.10117989778518677,0.5947221984036848,-0.13917091488838196,0.463277121756937,0.28240931034088135,0.13051758283655404,-0.06805489957332611,0.7208463243972477,0.022934685,0.059204664,0.1610948,0.22995843,0.14375249,0.18830429,0.19475068,0.34546912,0.8164955,1.78744,2.8737688,0.22345538,0.5692419,0.2234554,1.2980349,1.3027099,2.3912046,0.09460959,0.75970376,Medullary_cords,365.0986168146902
GCACAAACCCTAGATG-1,1,65,21,7479,31406.0,7479,4425.332,High,3,1,2,0,5,0,5,6,5633.234594795427,0.45056120886630463,-0.44974955916404724,0.012646488435389406,0.227081298828125,0.22752145131313808,-0.12310928106307983,0.5169086718864832,-0.13417254388332367,0.4796455707340092,-0.2829684913158417,0.129725135571988,0.06438400596380234,0.7353539683291804,0.04882338,0.058837954,0.13100448,0.39933935,0.09779236,0.035719253,0.22848321,0.21563739,1.0899173,1.6959543,2.6385062,0.3106864,0.6851498,0.36041385,1.2263982,1.5970149,2.0029705,0.19231075,0.4144048,Medullary_cords,239.26763257908496
GCACAAACGAGGCGTG-1,1,46,114,6103,24025.0,6103,3798.413,Medium-High,2,10,5,2,0,4,2,4,2030.1182231584446,0.0,0.2044234573841095,0.27854640304175066,0.11895385384559631,0.5312614909633172,-0.0860595703125,0.6511399951982619,0.3551853895187378,0.05409195919831392,0.10156042873859406,0.5933299521956724,-0.1574626863002777,0.4059656774353312,0.059775986,0.00019014771,0.2849363,0.1439969,0.052423168,0.24779388,0.21088366,0.3356825,0.585199,2.2600682,2.5538647,0.0870032,0.67962354,0.49476779,1.6115896,0.782596,3.0369327,0.37660015,0.5497326,Medullary_cords,138.92443989449805
GCACAACCTCGGGCGT-1,1,58,10,6293,22500.0,6293,4283.3115,Medium-High,3,1,6,0,5,0,0,3,5879.204878212699,1.0114042647073518,0.23495349287986755,0.21137421855430943,0.007408800534904003,0.9690053396798904,0.13859082758426666,0.46516153220879697,0.5312632322311401,0.002520499026532183,0.16102735698223114,0.3952839789811803,0.16578836739063263,0.3812709277141015,0.11440733,0.0,0.123431586,0.38157567,0.045657367,0.0,0.334928,0.33728868,0.6448189,2.0897717,2.7123833,0.1589972,0.5870825,0.526433,1.4588785,1.1782372,2.0018892,0.0,0.23156267,Medullary_cords,137.0
GCACAAGTGTCGGAAG-1,1,10,64,6279,24355.0,6279,4101.0996,Medium-High,5,5,4,1,6,3,1,1,3737.833730919555,0.45056120886630463,-0.06441390514373779,0.7352354355854782,-0.24618063867092133,0.1897287372465203,-0.3801521956920624,0.03824415824449295,0.1106201559305191,0.5606091417098544,-0.03229249268770218,0.865480800423925,0.24088291823863983,0.1997415710009414,0.19636601,0.109167084,0.007599973,0.25508136,0.2344112,0.023599166,0.17377514,0.16446099,0.4895795,2.3105283,2.9101715,0.11793734,0.60826504,0.36886805,2.199963,0.9799082,1.7453774,0.1720052,0.21458486,B_cell_zone,0.0
GCACACACTGGTAGCC-1,1,56,94,6772,25178.0,6772,4429.5645,Medium-High,4,10,7,4,0,4,4,7,2195.3555520689583,1.0114042647073518,0.36101576685905457,0.04999396542368063,0.09502393752336502,0.6174378788128186,0.08676447719335556,0.6484641682063972,0.3620865046977997,0.04926884853283912,0.23410934209823608,0.21306717646871226,-0.022104069590568542,0.907701284766693,0.20154925,0.10170992,0.07642218,0.070570774,0.543392,0.0063558803,0.0,0.19851169,0.55304193,2.3575985,2.6771646,0.38413703,0.30397904,0.6129961,2.1080523,0.8015875,2.0047185,0.083618216,0.25063708,B_cell_zone,0.0
GCACACAGCTATTACC-1,1,72,70,5009,15093.0,5009,4017.9683,Low,5,4,3,1,2,1,1,1,4257.254631802049,0.6365141682948128,-0.19562187790870667,0.30020725805310366,-0.11182625591754913,0.5563162768642239,-0.2538127303123474,0.17592680282990317,-0.2854512929916382,0.12624921423056945,-0.2802984118461609,0.1335410576946215,0.49499747157096863,0.005419315543813437,0.07948491,0.0011718256,0.14415862,0.10468688,0.30936277,0.017518409,0.34361663,0.3733487,0.5287046,2.1568427,2.8732142,0.27450013,0.60109663,0.39100966,1.5855925,0.91881984,2.1489468,0.12709607,0.46369284,Medullary_cords,138.0
GCACACGCCCATGGTC-1,1,34,10,5715,19365.0,5715,4150.6387,Medium-Low,5,7,7,1,3,6,1,1,5390.18144407032,1.3321790402101223,-0.25884535908699036,0.16722236349101097,-0.2135450839996338,0.2571867840024639,0.25109100341796875,0.1807650923026543,-0.3636816143989563,0.04820411128498632,-0.2517409026622772,0.17960140111513578,0.11347846686840057,0.5504602958215798,0.24509738,0.2309226,0.0,0.08731256,0.33715427,0.015116306,0.08439696,0.14072372,0.37526324,2.514825,3.0213914,0.0,0.7493057,0.2943347,2.4784915,0.59751904,1.8463459,0.10408844,0.22535992,B_cell_zone,0.0
GCACAGCACGGGCCGA-1,1,72,42,6868,26756.0,6868,4326.6416,High,3,4,2,0,5,0,5,6,5158.171769144567,0.0,-0.3256346881389618,0.07908719676399954,-0.22312892973423004,0.23593369525151212,0.06800893694162369,0.721027398222113,0.27880582213401794,0.13570961563913625,0.06187295913696289,0.7453298124129903,0.04165477305650711,0.8269985404947638,0.056210008,0.0,0.08892805,0.35806584,0.27208272,0.0020396824,0.22267368,0.27371442,1.0062515,1.7974472,2.6256187,0.039695382,0.60643774,0.079390764,1.1485076,1.5308459,2.0449867,0.0,0.30360788,Medullary_cords,414.40318531594323
GCACGCCGATTCCCGC-1,1,72,76,3034,6917.0,3034,3482.5967,Low,2,6,5,2,2,1,2,4,4155.897135396881,0.6365141682948128,-0.3885507881641388,0.033843663996491816,0.42204388976097107,0.02017195752658204,0.37321650981903076,0.04221480488544935,-0.17695553600788116,0.3495550565101658,-0.3129485845565796,0.09221042000245434,0.3801801800727844,0.03822876804021196,0.07022987,0.13549326,0.118233606,0.07329178,0.21482465,0.33941373,0.048513174,0.2816632,0.39752105,2.4071321,2.3028996,0.111802794,0.393466,0.2816632,1.688133,0.8963623,2.6150806,0.6708168,0.375551,Medullary_cords,238.40302011509837
GCACGCCTACTTAGAT-1,1,55,39,4429,12184.0,4429,3852.8027,Low,2,9,5,2,5,0,2,4,3940.2346376833957,0.0,0.3636265695095062,0.04824054693019025,-0.16837146878242493,0.37379037301770873,0.011624401435256004,0.9513863064626974,0.15291105210781097,0.41983876853821545,-0.09605970233678818,0.6135908105217467,0.18602167069911957,0.3250100803723429,0.055723462,0.0,0.19836931,0.05702215,0.20858294,0.27824232,0.2020599,0.37997872,0.4408689,2.1383023,2.5859368,0.0,0.467581,0.44946352,1.3669636,0.87578696,2.82434,0.0,0.57131577,Medullary_cords,479.00104384019875
GCACGTGGTTTACTTA-1,1,64,106,5740,29890.0,5740,3081.993,High,2,13,5,2,7,1,3,4,3352.5442577242734,0.410116318288409,-0.21397428214550018,0.25620899679977,0.12418937683105469,0.5132093889454482,0.3302152752876282,0.07471931208160892,-0.023249972611665726,0.9029382316334161,-0.35743576288223267,0.05247995774832446,0.17599529027938843,0.3522182154152547,0.033195402,0.0,0.3012081,0.098727226,0.19806756,0.0,0.3688017,0.35194764,0.44882643,1.8896582,2.260423,0.20834379,0.23118033,0.3424835,0.90458184,0.79961294,3.0434067,0.21645755,0.35352924,Medullary_cords,276.3494165001982
GCACTAGTCGCGCTAT-1,1,13,43,7177,28849.0,7177,4320.7305,High,2,8,0,3,1,5,0,3,4308.502524079567,0.45056120886630463,0.07200843095779419,0.705327342408417,0.1238677129149437,0.5143097099784274,-0.2984420955181122,0.109171778578912,-0.15349189937114716,0.4180538729534023,-0.05471257120370865,0.7739939673860035,-0.19616523385047913,0.29884014140281145,0.008523538,0.07438498,0.18137215,0.22540574,0.21659508,0.11087423,0.18284428,0.37922484,0.80023295,1.9337019,2.7907054,0.46440196,0.65038246,0.24327418,1.3242939,1.4058573,2.515645,0.45744252,0.52703726,Medullary_cords,688.0029069706028
GCACTCCCACAGTCCC-1,1,1,47,6231,23799.0,6231,4141.2314,Medium-High,3,8,2,0,1,5,5,6,5254.190137404622,0.0,-0.20807623863220215,0.269859987919751,-0.17847278714179993,0.34537179798954626,0.23667201399803162,0.20795615833445402,-0.3414086103439331,0.06482897797994758,0.08208475261926651,0.6663072206684464,-0.07468653470277786,0.6948798758259301,0.0468181,0.00080182386,0.015359975,0.6523718,0.24637482,0.038273394,0.0,0.23359928,1.0874505,1.4419615,2.3330348,0.08770002,0.6056717,0.3354587,0.9192854,1.6335288,1.5397928,0.0,0.2185978,T_cell_zone,631.129146847141
GCACTGCCTACCTTTA-1,1,66,68,3637,8094.0,3637,3904.6733,Low,5,4,0,1,2,1,1,1,3625.0342067351585,1.0114042647073518,0.2097085565328598,0.26603571571727097,0.10874961316585541,0.5672967858522276,-0.3266303539276123,0.07812146764575868,0.21452251076698303,0.25496359184624745,-0.06325283646583557,0.7398427468828856,0.30061760544776917,0.10648956546281141,0.051583096,0.0,0.034337617,0.2941626,0.15481684,0.3246086,0.1404913,0.19361672,0.78133374,1.8195957,2.7341151,0.20111433,0.79665256,0.15555412,1.46994,1.6106341,2.1366847,0.0,0.13407622,Medullary_cords,137.0
GCACTGTGCAAATGTA-1,1,9,33,7337,30127.0,7337,4409.03,High,3,8,2,0,1,5,5,6,5137.483041334541,0.0,-0.5717380046844482,0.0009648370405822941,-0.22300267219543457,0.2362058039276335,-0.08968690782785416,0.6374166321966159,0.1979215294122696,0.29444810972543084,0.013625089079141617,0.943031820049554,-0.0003629624843597412,0.9984811889020648,0.027529951,0.0024828431,0.10028111,0.40318963,0.20685968,0.15658802,0.10306875,0.18585986,1.0412331,1.4186821,2.6201806,0.07166104,0.5059805,0.27224368,0.86453277,1.6665787,1.830119,0.07166104,0.37373644,Medullary_cords,479.00104384019875
GCAGACCCAGCACGTA-1,1,39,103,5400,17862.0,5400,3987.8728,Medium-Low,2,0,0,2,0,4,2,4,1039.7177501610713,1.0114042647073518,-0.49901267886161804,0.004998928950429995,-0.2083653211593628,0.2691801281803516,-0.323956698179245,0.08073546461333231,0.25070908665657043,0.18145140488848613,0.1834181547164917,0.3319474497376753,0.12439216673374176,0.5125162983190046,0.10575385,0.11513856,0.25160685,0.25149935,0.102079295,0.0,0.173922,0.28036237,0.7183481,2.079192,2.7610033,0.093916446,0.6311935,0.27789274,1.3965639,1.1034933,2.5318387,0.3334713,0.19932666,Medullary_cords,275.98007174431996
GCAGATCCATAAGACT-1,1,51,85,6564,23552.0,6564,4276.1646,Medium-High,2,10,0,2,0,4,0,3,1571.0404195946073,0.8675632284814613,0.23496903479099274,0.21134313543581285,0.06309867650270462,0.7404551470147388,0.31246888637542725,0.09273720103150487,0.010337315499782562,0.9567636555070842,-0.04597511887550354,0.8093664666307692,-0.19124095141887665,0.31137361732647817,0.12369666,0.003586891,0.39339685,0.08728457,0.15260802,0.0,0.23942693,0.36333597,0.47507077,2.2136507,2.7527473,0.27478284,0.4659468,0.5064156,1.4331647,0.85580605,2.606074,0.33665305,0.44887075,Medullary_cords,138.92443989449805
GCAGATCCTCGCAAAT-1,1,23,13,7432,34920.0,7432,4288.599,High,0,11,7,4,1,6,4,0,5466.309998527343,0.6365141682948128,-0.2772974371910095,0.13792712078981567,0.1192808747291565,0.5301250794902852,0.23815639317035675,0.2050344482919568,-0.021460164338350296,0.9103791251501633,-0.595116913318634,0.0005226133063629204,0.09763762354850769,0.6077493589101284,0.18490735,0.07023926,0.05217429,0.26815897,0.32546502,0.0,0.099055074,0.15647782,0.5564942,2.1539686,2.8587866,0.14468579,0.47715643,0.62464166,1.9603689,1.0531161,2.1059444,0.0,0.2506087,Medullary_cords,0.0
GCAGATTAGGGATATC-1,1,37,61,4417,13225.0,4417,3755.3774,Low,2,9,5,5,0,7,3,4,1862.5536233891362,0.6365141682948128,0.1401260495185852,0.4601831551143929,0.24233393371105194,0.19696358033148564,-0.1632245033979416,0.38878094995688917,0.0019277911633253098,0.9919333119564093,-0.17733246088027954,0.3485129989916455,-0.1498865932226181,0.4292008059935169,0.002951642,0.0638682,0.07737028,0.1710511,0.34467384,0.14105141,0.19903347,0.45396584,0.59951663,1.8972797,2.7830582,0.4414921,0.5520338,0.2559431,1.1664695,1.2075753,2.9273443,0.14078821,0.44479242,Medullary_cords,138.0
GCAGCACACAGCCCAG-1,1,38,42,5770,18007.0,5770,4294.3887,Medium-Low,5,9,7,1,3,6,1,1,3166.010107374896,1.3296613488547582,-0.0009811604395508766,0.9958943635695112,0.08223730325698853,0.6657226792651885,0.26235562562942505,0.16133496808182093,0.32705649733543396,0.07771092033102374,-0.21093730628490448,0.26318032169138095,-0.15986885130405426,0.3987377433986112,0.1229358,0.09221584,0.017593637,0.14452511,0.3041516,0.25662223,0.061955724,0.14858797,0.64596653,2.2595003,3.0282476,0.25901145,0.20379971,0.22084697,1.9083589,0.8349236,1.92109,0.11042348,0.3453486,Medullary_cords,0.0
GCAGCCTATATCACAT-1,1,35,113,6218,20605.0,6218,4393.3755,Medium-High,1,0,0,3,0,4,0,3,1757.8876528379167,1.0114042647073518,-0.14674656093120575,0.4390407352091986,-0.11451268196105957,0.5468093580505632,0.04792311042547226,0.8014456626528398,-0.2079022079706192,0.27026980683967583,-0.12238108366727829,0.5194100637893017,-0.05586600303649902,0.7693557785411755,0.033330485,0.058354456,0.13244736,0.0971641,0.15889324,0.18067698,0.33913335,0.56051457,0.610204,2.2154222,2.8060853,0.26849678,0.6370234,0.28260952,1.7163655,1.0461558,2.1069105,0.22462916,0.739273,Medullary_cords,138.00362314084367
GCAGCGGTGGGCATTA-1,1,7,31,6305,23227.0,6305,4159.553,Medium-High,3,8,2,0,1,5,5,6,5401.9161415186745,0.0,-0.321211040019989,0.08348918370089524,0.05186096206307411,0.7854933540593924,0.20430348813533783,0.27883470789954173,-0.24914386868476868,0.18428322572635622,-0.13743285834789276,0.46893520289528756,0.17309370636940002,0.36033898594781877,0.009763148,0.07676993,0.21293983,0.3990945,0.069229744,0.19856593,0.033636868,0.19801846,0.82311517,1.6006869,2.458384,0.1342775,0.62445664,0.21192622,0.91073436,1.5692172,1.966058,0.15529744,0.26674214,Medullary_cords,602.8474102125678
GCAGCTATGGACAGGT-1,1,13,113,6453,22009.0,6453,4411.5273,Medium-High,5,12,4,1,4,3,1,1,3453.3751606218516,0.6365141682948128,-0.08623885363340378,0.650459030945706,0.11348241567611694,0.5504463343837747,0.03342588245868683,0.8608042919218198,-0.01349799707531929,0.9435623648223013,-0.12998917698860168,0.4935707468012078,0.007510112598538399,0.9685817071850488,0.07116105,0.067299984,0.0,0.26852524,0.21717125,0.16960087,0.20624158,0.22311991,0.5662645,2.0895197,2.953158,0.046820704,0.72639096,0.28862956,1.7324476,1.2967275,1.9021602,0.18728282,0.57667875,Medullary_cords,137.55726080436466
GCAGCTGTCAACGCAT-1,1,71,87,5752,18562.0,5752,4274.652,Medium-Low,0,6,1,4,2,1,4,0,3953.4402739892253,1.0114042647073518,0.1867368370294571,0.3231201685366845,-0.2169710397720337,0.24944992216798487,-0.17325766384601593,0.35987717385322954,0.0006599724292755127,0.997238358856842,-0.09481128305196762,0.6182289598923926,0.34117591381073,0.06502362270680152,0.073325865,0.0024260578,0.19620584,0.06301166,0.064578556,0.24267632,0.3577757,0.22077562,0.553723,2.1842346,2.690462,0.053870082,0.42708978,0.45385563,1.9131075,0.7352685,1.8794123,0.29052788,0.884947,B_cell_zone,0.0
GCAGGAACTTAGATCT-1,1,53,15,7090,29636.0,7090,4201.5244,High,2,7,5,2,5,0,2,4,5336.939385078305,0.0,-0.16065582633018494,0.3963897284351478,-0.24036653339862823,0.20073669068540761,-0.3864547312259674,0.03490157009995796,-0.006112974137067795,0.9744244779244362,0.3980371654033661,0.029374910948802624,0.14479024708271027,0.44523260856576685,0.056593277,0.0,0.25464913,0.16577058,0.11659392,0.21912104,0.18727207,0.30471295,0.52204853,2.3259127,2.5749185,0.275512,0.7013285,0.519987,1.2738104,1.0675752,2.9436917,0.27432093,0.37442747,Medullary_cords,552.6988330003963
GCAGGACTATAGAATA-1,1,35,37,4988,15273.0,4988,3980.674,Low,5,7,6,5,3,6,3,5,3528.501381606645,1.2424533248940002,-0.42050179839134216,0.020680966239207264,-0.22377467155456543,0.23454527833107955,-0.11598535627126694,0.5416302375298842,0.318005234003067,0.08679472111582244,-0.06949950754642487,0.7151627498964124,-0.21326924860477448,0.2578164747360288,0.075417034,0.006226503,0.0,0.21358833,0.3950209,0.27082926,0.038917996,0.18886878,0.52506274,2.1876593,2.7585201,0.23054142,0.4709984,0.33517033,1.7260658,1.0985054,1.694389,0.0,0.6148266,B_cell_zone,137.0
GCAGGTAGAGTATGGT-1,1,18,94,6488,23567.0,6488,4325.088,Medium-High,1,5,3,7,4,2,8,2,2430.3219951273945,1.0114042647073518,-0.5410106182098389,0.002021923131216961,-0.38288962841033936,0.03676208131271954,0.022623363882303238,0.9055423908286246,0.4503287672996521,0.012518630589987104,0.013019140809774399,0.9455615580517823,0.18445995450019836,0.32916067617128825,0.040622637,0.06780683,0.014792425,0.29044133,0.3575974,0.0,0.22873935,0.51055336,0.5857642,1.8389425,2.9862816,0.37769753,1.4364061,0.31885415,1.350346,1.0770605,2.161462,0.0,0.19580303,Medullary_cords,363.38547026539186
GCAGTGTGGCTATAGG-1,1,59,83,4994,14036.0,4994,4132.421,Low,3,6,2,0,2,1,5,6,2538.6019774671254,0.45056120886630463,-0.3417600393295288,0.06453587800977538,0.2719718813896179,0.14596745021611773,0.35272911190986633,0.055895759049935184,-0.06655419617891312,0.7267660698988704,-0.26779472827911377,0.15250717861493265,0.3138352036476135,0.09124276094994405,0.04875708,0.0,0.035314087,0.38104934,0.3146804,0.0,0.2201991,0.27513942,0.789033,1.7342803,2.702457,0.20175606,0.55670774,0.110739864,1.0023733,1.6360165,2.1255956,0.13450404,0.46201974,Medullary_cords,276.84652788142387
GCATACGAGGTCTTTA-1,1,38,14,3085,8022.0,3085,3368.706,Low,5,7,6,5,3,6,3,5,5094.016588115905,0.6365141682948128,-0.2389344871044159,0.20351424520515182,0.15679731965065002,0.40797735770893584,0.0643114298582077,0.7356417148741367,0.16993804275989532,0.36929577727402485,-0.40773072838783264,0.025316418786867818,-0.29103025794029236,0.11868947948501092,0.13930799,0.007974845,0.10209441,0.13446918,0.43759462,0.09446186,0.08409711,0.22368392,0.08993394,1.9438131,2.9634247,0.20235136,0.29567283,0.20235136,1.6598294,0.62607574,1.4156605,0.0,0.53960365,B_cell_zone,137.92751719653333
GCATAGAGCACTCAGG-1,1,37,59,3443,9218.0,3443,3417.7148,Low,2,9,5,2,0,7,3,4,1999.3101310201978,0.0,0.07736252248287201,0.6844950920424919,0.26348164677619934,0.1594781483025593,-0.04478015750646591,0.8142345501020882,0.10017873346805573,0.5983918709305818,-0.09576975554227829,0.6146667320640713,-0.22181575000286102,0.238774099895376,0.038131677,0.12662092,0.20410398,0.10478995,0.44178095,0.0,0.08457248,0.18367231,0.65976644,2.262771,2.640937,0.091836154,0.35359102,0.3646695,1.4546928,0.8447336,2.9843569,0.0,0.122448206,Medullary_cords,275.0
GCATCCCTAACTTTGA-1,1,16,42,6279,20993.0,6279,4330.082,Medium-High,2,11,2,0,1,5,0,3,4119.351648014527,0.6931471805599453,-0.24715521931648254,0.18792553479804935,-0.11996754258871078,0.52774268497316,-0.23859593272209167,0.20417474076577966,0.25239235162734985,0.17844022691639833,0.2588963806629181,0.16713571280190986,0.09447163343429565,0.6194933346139607,0.07057144,0.00017897638,0.23961513,0.30287114,0.13251962,0.19120492,0.063038774,0.42892832,0.7649616,2.166951,2.699798,0.328119,0.55767035,0.34836024,1.2302951,1.2273443,2.646742,0.4320147,0.50940406,Medullary_cords,633.1413744180678
GCATCGGCCGTGTAGG-1,1,49,103,1204,2798.0,1204,2111.5603,Low,2,10,5,2,0,4,2,4,1674.0731764173274,0.45056120886630463,-0.15866175293922424,0.4023545741127938,0.2124977856874466,0.2595829708284724,0.2552853524684906,0.17334738504074876,-0.17038200795650482,0.3680278157000839,-0.2940695583820343,0.11471497952259499,0.3485768139362335,0.0590523692676951,0.10201493,0.0,0.78490436,0.0,0.11308074,0.0,0.0,0.19004801,0.16893156,1.5736132,1.8754442,0.38009602,0.38009602,0.38009602,0.9170385,0.0,3.2094932,0.0,0.0,Medullary_cords,239.00209204105306
GCATGAGGGACGCGGC-1,1,30,90,5823,18115.0,5823,4349.3,Medium-Low,3,0,2,0,4,2,5,6,967.6052914282766,0.0,0.22070026397705078,0.24120473513058935,-0.11598216742277145,0.5416414270558855,-0.23080739378929138,0.2197780513425485,-0.23742195963859558,0.2064764912114151,0.11313705891370773,0.5516680032443166,-0.20011211931705475,0.28902765086588184,0.0035664854,0.08718986,0.111605704,0.3624277,0.23626496,0.0139927445,0.18495251,0.10989073,0.8616008,1.4773624,2.4865544,0.10989073,0.7023415,0.4987318,0.78176785,1.5946863,1.9103491,0.10989073,0.55137014,Medullary_cords,497.90159670360566
GCATGCTAATAACGAT-1,1,67,95,6181,22774.0,6181,4077.6267,Medium-High,1,6,3,5,2,1,3,5,3507.536172301007,0.0,0.4112328290939331,0.023968066174139862,-0.30175912380218506,0.10510207504790839,-0.05722813680768013,0.7638883972638756,-0.016203656792640686,0.9322730726794024,-0.5543720126152039,0.00147847591192117,0.12313320487737656,0.5168265926753465,0.034559768,0.09260313,0.11108183,0.109844126,0.26157936,0.12798639,0.2623454,0.3126635,0.7527378,2.1887252,2.6294723,0.17224735,0.4726028,0.30813956,1.7472262,1.1045341,2.4104638,0.091007344,0.41085276,Medullary_cords,239.26763257908496
GCATTCAAGGCAACGC-1,1,28,108,7698,34939.0,7698,4536.985,High,4,0,1,4,0,2,4,7,1824.9046550436547,0.6365141682948128,-0.4682593047618866,0.009062228737308425,-0.06303694099187851,0.7407004348326743,0.06950397044420242,0.7151452142814102,-0.20302261412143707,0.2819248045618834,-0.2801171839237213,0.13380300037858028,0.2092156857252121,0.2671867010783606,0.2774611,0.0,0.0,0.16376051,0.39298093,0.0,0.16579738,0.22845712,0.38203827,2.362857,2.7959578,0.062928766,0.20755331,0.92831445,2.0737615,0.7618605,1.7268369,0.0,0.2587424,B_cell_zone,0.0
GCATTCGAAATGAACA-1,1,28,14,6184,20723.0,6184,4263.481,Medium-High,1,11,0,3,3,6,6,3,5232.937416021713,0.9556998911125343,0.11148616671562195,0.5575252188838875,0.15177586674690247,0.42333929163454,-0.23102352023124695,0.21933446293191217,0.008772694505751133,0.9633030087516136,-0.3498358130455017,0.05808084932124793,-0.35134875774383545,0.05693002128603851,0.021332657,0.058330394,0.24320222,0.06391076,0.070118114,0.256446,0.28665984,0.3320436,0.6111071,2.1171646,2.65019,0.18289924,0.4922292,0.47841588,1.5278584,0.95161605,2.4782448,0.59220105,0.67453134,Medullary_cords,239.00209204105306
GCATTGACTTGCGGAA-1,1,50,4,7878,39928.0,7878,4243.2715,High,4,7,3,4,3,0,4,7,5958.619387072814,0.6931471805599453,-0.3505971431732178,0.05749947842454281,-0.20679791271686554,0.2728796705644865,0.09104954451322556,0.6322912510765273,-0.4076213240623474,0.02535951936684221,-0.09478365629911423,0.6183317629871073,0.09328441321849823,0.6239212092800377,0.1077036,0.09488558,0.14285275,0.22060803,0.3361214,0.0,0.097828664,0.16804503,0.5745546,2.018562,2.6392107,0.055879794,0.5958609,0.64064866,1.7088143,0.9246621,2.3102806,0.15740258,0.19018741,Medullary_cords,497.80016070708535
GCATTGTAATTCATAT-1,1,41,21,4199,11710.0,4199,3835.1243,Low,0,7,6,5,3,6,3,0,4625.901209494211,0.6931471805599453,-0.0032635554671287537,0.9863443233275179,0.12170776724815369,0.5217281791712342,-0.051753174513578415,0.7859289032846958,-0.11510439217090607,0.5447256409557022,-0.14456069469451904,0.4459622290504865,-0.16623449325561523,0.37997279999421435,0.05103126,0.0,0.07662274,0.082076564,0.18480293,0.4358272,0.16963938,0.07716622,0.23361531,1.9454317,2.5293055,0.15433244,0.3560223,0.69600564,1.6658075,0.68248594,1.8774738,0.15433244,0.79131395,Medullary_cords,137.55726080436466
GCATTTCCAAGGCTCC-1,1,33,111,5990,19410.0,5990,4335.3667,Medium-Low,1,0,7,3,0,4,0,3,1692.668898515005,1.0986122886681096,-0.543819010257721,0.0018951876514782349,-0.30568674206733704,0.10043161998820947,0.04668610543012619,0.8064733130239484,0.05259629711508751,0.7825237031556119,-0.1535465121269226,0.417886270039574,0.08201085776090622,0.666590438868927,0.11543233,0.0068065296,0.050778523,0.23880039,0.12217006,0.2530585,0.2129536,0.53691775,0.51502955,2.268306,2.8826272,0.24436864,0.58416367,0.38420722,1.5650599,1.0985703,1.8296194,0.3848463,0.56650496,Medullary_cords,137.55726080436466
GCCAACCATTTCCGGA-1,1,26,106,6683,25489.0,6683,4334.661,High,0,0,7,1,0,2,1,0,1897.7080913565185,1.3296613488547582,-0.6325875520706177,0.00017626899327645212,0.07398303598165512,0.6976190644569168,0.07065818458795547,0.710614871010233,-0.18293818831443787,0.33323617511578724,-0.29013219475746155,0.11988317601804392,0.1185002475976944,0.5328397226616994,0.16699183,0.0,0.0639408,0.01797136,0.26648486,0.18165337,0.30295783,0.27728078,0.4748134,2.3677726,2.846381,0.07240295,0.3881066,0.578464,2.0968385,0.79537004,2.0316858,0.1654879,0.26202518,B_cell_zone,0.0
GCCAAGAATACTTCTG-1,1,46,10,8171,38032.0,8171,4478.6196,High,1,7,4,3,3,6,6,3,5454.3077470931175,0.6931471805599453,-0.22023573517799377,0.2422217783800227,0.0659715086221695,0.7290687509144788,0.40353477001190186,0.027012934934345884,-0.6239024996757507,0.0002295985648039291,-0.6734777688980103,4.5245008010978075e-05,0.5109534859657288,0.003909254472759089,0.036871027,0.13921714,0.16877766,0.11126114,0.09536168,0.116460145,0.33205122,0.30947205,0.5183497,2.1399617,2.9914703,0.3258865,0.6516423,0.26965502,1.5814596,0.9532355,2.059424,0.5521963,0.45639488,Medullary_cords,137.0
GCCAATAGGGCATCTC-1,1,25,103,6158,20635.0,6158,4322.0757,Medium-High,1,0,3,6,4,2,7,5,1867.9726978732854,0.6931471805599453,-0.2777203619480133,0.13730272618692407,-0.030611392110586166,0.8724253952423641,-0.0756881833076477,0.6909862873873517,-0.30790457129478455,0.09786435536102792,-0.11479563266038895,0.5458124772801997,0.10477468371391296,0.5816267355516551,0.09718091,0.0,0.03521764,0.20654398,0.3365028,0.0033603108,0.32119435,0.18414173,0.7147254,2.0916204,2.9344072,0.049398266,0.3451199,0.30980706,1.723117,0.97560114,2.1622167,0.29638958,0.63808167,Medullary_cords,238.76766950322232
GCCACAATTTAAGGAC-1,1,45,39,6192,22266.0,6192,4204.014,Medium-High,3,9,0,0,3,7,0,6,3475.7804878904535,0.45056120886630463,-0.07529675215482712,0.6925069376665387,-0.2185407280921936,0.24595699944155827,0.1615898758172989,0.39361316896770243,0.06476017087697983,0.733863129511831,-0.04224561154842377,0.8245821533990211,0.14152169227600098,0.4556819740329927,0.08754532,0.078650475,0.02036827,0.3679354,0.19836444,0.0,0.24713613,0.42144895,0.7853452,2.1390343,2.767243,0.17285357,0.7265104,0.30246955,1.5566638,1.545955,2.019121,0.0,0.30303586,Medullary_cords,276.0018115882575
GCCACTCAGAGCGCGA-1,1,59,95,6210,26071.0,6210,3716.3782,High,2,10,3,2,0,1,2,4,2560.9256139138442,0.0,0.1094270572066307,0.5648705907607751,0.27466171979904175,0.14186510156511054,0.004975706338882446,0.9791814527303325,0.3259707987308502,0.07876017157473429,0.26858532428741455,0.15125354188562928,-0.004911098629236221,0.9794517170067607,0.06710113,0.0,0.32509816,0.09780783,0.04997258,0.33118287,0.12883747,0.42119476,0.4851635,2.0674703,2.6112552,0.04058719,0.40105203,0.20749554,1.3616453,0.78316,2.5750403,0.4470538,0.58568114,Medullary_cords,275.0018181758077
GCCAGGAAAGAACACT-1,1,71,35,7572,29912.0,7572,4534.8633,High,3,4,2,0,5,0,0,6,5379.569220671856,0.0,-0.3554302155971527,0.05391471394585764,0.13647618889808655,0.47206489783301864,0.22295893728733063,0.2363001097565608,0.16568158566951752,0.3815820201197792,-0.3946980834007263,0.03088962556848576,0.00967579334974289,0.9595281842168735,0.034396015,0.0,0.06742262,0.34727108,0.186574,0.02344485,0.3408914,0.2604626,1.0196965,1.7211154,2.6117682,0.24427484,0.4291282,0.30017346,1.1328906,1.5555222,1.8706965,0.072108515,0.6494327,Medullary_cords,363.38547026539186
GCCAGGAGTAACCGAT-1,1,21,89,6858,25316.0,6858,4460.947,High,1,5,4,6,4,2,7,1,2037.0056455493686,1.3296613488547582,-0.4227105379104614,0.01995513302093447,-0.021787261590361595,0.909018687649181,0.1600300669670105,0.3982560976043632,0.11618155241012573,0.5409420039689142,-0.1652841418981552,0.3827412055406834,0.2430785894393921,0.19554835684315644,0.10491412,0.070108846,0.13928768,0.033150896,0.075402185,0.026965708,0.5501706,0.2756197,0.5187945,2.3432019,2.9238834,0.2953456,1.2711347,0.36917704,1.7998842,0.832394,1.8896639,0.08323327,0.44079533,Medullary_cords,138.0
GCCAGGCGTTCGCATG-1,1,9,89,6563,21804.0,6563,4485.3447,Medium-High,3,5,0,3,6,3,0,3,3473.5356626929856,0.6365141682948128,-0.48997962474823,0.005986733807932613,0.03564705699682236,0.8516529555504616,0.220236673951149,0.24221972015152526,-0.18669039011001587,0.3232427039836585,-0.41755807399749756,0.02168200019399104,-0.1786462664604187,0.3448954229090079,0.023404486,0.0042788964,0.23172298,0.21141995,0.16549931,0.1941417,0.16953264,0.32472816,0.7016982,1.832547,2.7076685,0.081365064,0.7591122,0.6882343,1.3275367,0.99823916,2.177808,0.0,0.8123353,Medullary_cords,238.90793205751876
GCCATATTGCACACAG-1,1,22,90,6741,25270.0,6741,4393.231,High,3,5,0,0,4,2,0,3,1920.6105799979339,0.6365141682948128,-0.4267762303352356,0.018673997854536863,-0.29530027508735657,0.11313403822223794,0.18344970047473907,0.33186285511542557,0.13503263890743256,0.47680791171311493,-0.2516861855983734,0.17969917253568604,0.1324847936630249,0.48523907076310646,0.122467406,0.16135201,0.06420469,0.43000734,0.13999952,0.0,0.081969015,0.35649052,0.8157454,1.9844689,2.8636096,0.17071462,0.83852756,0.65376186,1.4732046,1.30463,2.1188743,0.0,0.2083227,Medullary_cords,238.40302011509837
GCCATCGAGCTGCGTG-1,1,53,47,6066,23373.0,6066,3897.5198,Medium-High,2,2,5,3,5,7,6,4,3345.9736998368653,0.0,-0.13176393508911133,0.4876382540581643,-0.1752224862575531,0.35437031159998583,-0.014364348724484444,0.9399462659979811,-0.23961518704891205,0.2021907009489725,-0.3921704888343811,0.03207784955582466,0.14098095893859863,0.4574231441917978,0.0,0.11189286,0.27154332,0.05937133,0.25141641,0.0,0.30577615,0.30673745,0.5474061,2.077081,2.609206,0.07728195,0.56027174,0.39816922,1.3727293,0.9334805,2.8683307,1.1708698,0.73625064,Medullary_cords,496.9557324349926
GCCATCGATGCTGCAT-1,1,32,110,6686,23297.0,6686,4522.7446,Medium-High,1,0,0,3,0,4,0,3,1676.4405745507354,1.0986122886681096,-0.3761310577392578,0.04050790215802079,-0.3304431438446045,0.07450699105373569,0.11113891750574112,0.5587608589005437,-0.013213209807872772,0.9447512930907298,-0.24755841493606567,0.18718303557039823,0.07435180246829987,0.696182744080529,0.07099825,0.15222423,0.02485105,0.21388106,0.23773424,0.17265892,0.12765223,0.72972983,0.78442436,2.0305493,3.0126498,0.13393335,0.8717898,0.5877278,1.6254065,1.1290076,1.9366215,0.0,0.57099664,Medullary_cords,238.40302011509837
GCCATTAGCCTCAAAC-1,1,55,13,8101,37151.0,8101,4465.6514,High,1,1,0,3,5,0,6,3,5550.07792738084,1.0114042647073518,-0.20525510609149933,0.27655309384153237,-0.25504183769226074,0.173772066788107,-0.11160203069448471,0.557113212293758,0.0023954149801284075,0.9899766652777477,0.016136448830366135,0.9325533491148823,0.42522570490837097,0.019154316981458402,0.024959516,0.0019681654,0.20596258,0.09466186,0.14693448,0.16130659,0.36420682,0.23412281,0.39050692,2.1508648,2.753166,0.5235315,0.6454568,0.24515954,1.3523827,1.0103534,2.7650912,0.68824285,0.59456563,Medullary_cords,276.3494165001982
GCCCACCAAGGCTGTC-1,1,12,38,6268,26956.0,6268,3721.2927,High,2,11,0,2,1,5,2,4,4641.426181681661,0.6365141682948128,-0.3540949821472168,0.05488696258528188,-0.3045787215232849,0.10173306549317075,-0.1891794353723526,0.31671650949518,0.13748669624328613,0.46875939814481105,-0.125489741563797,0.5087730539718921,0.16298380494117737,0.38949034118493525,0.038154304,0.05698233,0.3245328,0.056743585,0.29454932,0.14836273,0.080674924,0.45508814,0.5797863,1.995492,2.422608,0.15776607,0.47286016,0.3408752,1.1909306,0.7358902,3.2871034,0.2965213,0.3545416,Medullary_cords,364.6601157242179
GCCCAGTTGGTATGCC-1,1,22,38,5939,18459.0,5939,4329.6304,Medium-Low,2,11,0,3,1,5,0,3,3938.95671466443,0.6931471805599453,-0.6298061013221741,0.00019200581329200286,-0.0282133799046278,0.8823475216133831,0.0006274469196796417,0.9973744607106435,-0.001957755535840988,0.9918079325675578,0.3067627549171448,0.09917981156634502,0.16257750988006592,0.3906894689673832,0.025341123,0.059058953,0.16501674,0.2081645,0.14685823,0.15640458,0.23915592,0.22135815,0.75527734,2.0504985,2.7785883,0.38087466,0.6430089,0.14587504,1.534114,1.3346057,2.7862608,0.10823286,0.73468703,Medullary_cords,240.0
GCCCATGGGTGCAATG-1,1,0,88,7425,30394.0,7425,4472.4497,High,1,12,3,0,6,3,0,3,4551.01329376217,0.0,0.1584913730621338,0.40286657655455205,-0.2018684446811676,0.2847279576332594,-0.3544548749923706,0.05462355759907505,0.09097670763731003,0.632564798240923,-0.10308583080768585,0.5877631960570532,0.07073962688446045,0.7102955689099487,0.04073471,0.0014477452,0.058215115,0.14084324,0.28898984,0.122749,0.34702036,0.328952,0.56182814,2.1257195,2.8375752,0.3189175,0.6937127,0.6305061,1.3966395,1.0446059,2.1733527,0.07111308,0.7378546,Medullary_cords,364.3295211755424
GCCCGACTTCTTCCCG-1,1,49,25,5900,20281.0,5900,4086.796,Medium-High,2,7,5,3,3,6,6,4,4531.939209654075,0.0,-0.10211426764726639,0.5913061508541733,0.13181298971176147,0.4874747973278407,0.19951602816581726,0.29049630026867357,-0.09863348305225372,0.6040748117184717,-0.371393620967865,0.04331127911498636,0.16023357212543488,0.39764858156593574,0.0064590476,0.058221076,0.2860174,0.14340915,0.014863555,0.0015885942,0.4894411,0.2912405,0.705271,2.1464958,2.8144124,0.23609707,0.36402917,0.33631012,1.4521558,1.1729664,2.7744899,0.9270257,0.64535296,Medullary_cords,497.90159670360566
GCCCGAGAGTCTAAAT-1,1,62,10,1639,3108.0,1639,2779.232,Low,5,1,6,5,5,0,3,1,6090.286364367443,1.0114042647073518,0.3152275085449219,0.08973879037998524,0.03315341845154762,0.8619280975310263,0.09443465620279312,0.6196310498418233,0.18810750544071198,0.31951698697392283,0.14333991706371307,0.4498532022441652,0.06727726012468338,0.7239118884406597,0.14270575,0.0,0.1838648,0.0,0.0,0.0,0.6734294,0.0,0.31983185,1.9039739,2.7346406,0.0,0.0,0.53971624,1.2938621,0.9685397,2.0086336,0.0,0.0,Medullary_cords,138.0
GCCCGATCTGTGGTCG-1,1,53,63,5789,18178.0,5789,4240.908,Medium-Low,2,2,0,2,2,7,0,3,2487.620750838037,0.0,-0.2271469682455063,0.22738340982141086,0.0410592183470726,0.8294357837390247,-0.08462817966938019,0.6565866184001536,0.34110724925994873,0.06508114581096182,-0.08530750870704651,0.653999512717595,-0.3461298644542694,0.0609770102257077,0.06551262,0.0,0.2192715,0.252014,0.19035347,0.0,0.27284837,0.37051636,0.6489342,2.276794,2.5654845,0.2571513,0.58221203,0.21918425,1.6732247,1.1645688,2.6758587,0.2908427,0.39064074,Medullary_cords,477.1687332590014
GCCCGATGCCCAGTTC-1,1,73,19,6220,23431.0,6220,4122.742,Medium-High,5,1,4,1,5,0,1,1,6334.961483702959,0.45056120886630463,0.14366266131401062,0.4488227577609239,0.04984484240412712,0.793650489151849,-0.022147228941321373,0.907521830985783,-0.3350830674171448,0.07028414810964574,-0.28333789110183716,0.1292035780341469,0.28633904457092285,0.12502315302715022,0.12507945,0.15599136,0.057111915,0.22814481,0.2867145,0.0031353617,0.14382263,0.16891952,0.47088227,2.14928,2.7845826,0.0,0.43796468,0.44207883,1.7575456,0.9860108,2.0837579,0.08885911,0.3932639,Medullary_cords,137.0
GCCCGCGCGTAAACGG-1,1,49,41,5815,20756.0,5815,3985.1677,Medium-High,2,9,5,2,3,7,2,4,3493.4367033052135,0.0,-0.10983559489250183,0.563409739881962,-0.3212048411369324,0.08349548106470407,0.2574405372142792,0.16962073834864852,0.22296717762947083,0.2362823391364587,-0.2569442093372345,0.17047388997139298,0.030086252838373184,0.8745966668315414,0.087002434,0.0,0.2820499,0.26066202,0.21379131,0.0,0.1564943,0.32642618,0.6706603,2.3775988,2.4808204,0.14746866,0.5358931,0.25924295,1.2867049,1.044907,2.8267994,0.19662488,0.29046422,Medullary_cords,497.24139007126104
GCCCGCGCGTTTGACA-1,1,20,40,6020,19515.0,6020,4348.751,Medium-Low,3,11,0,0,1,5,0,6,3945.0456271125686,0.0,-0.5843690633773804,0.0006967636248536403,0.007629096508026123,0.9680841912565082,-0.20311591029167175,0.28169899007325244,0.011181765235960484,0.9532353831818259,0.23968848586082458,0.20204853414823734,0.30572396516799927,0.10038811772663998,0.05086385,0.003229634,0.21809669,0.3284311,0.3323124,0.0022571855,0.06480913,0.4046776,0.8807345,1.9550021,2.770914,0.103428796,0.60932845,0.35971683,1.1883025,1.3213532,2.2707636,0.103428796,0.3041182,Medullary_cords,364.00137362378183
GCCCGTAATACCTTCT-1,1,27,79,5582,16577.0,5582,4342.736,Medium-Low,1,3,0,3,4,2,6,3,1455.5892277699777,0.6931471805599453,-0.20289549231529236,0.2822326775176701,-0.19172151386737823,0.3101362542874264,0.21026472747325897,0.2647407874332615,-0.1577012985944748,0.4052456196867283,-0.05314844846725464,0.7802958050142709,-0.12625758349895477,0.5061624308649666,0.06615544,0.00057001435,0.1740434,0.183552,0.07714564,0.0,0.49853352,0.21693294,0.7302479,2.0424366,2.900127,0.25237373,0.42938498,0.25237373,1.4914309,1.2052591,2.0634995,0.6921385,0.25085345,Medullary_cords,138.42326394071193
GCCCGTTCACACAATT-1,1,77,39,6805,28538.0,6805,4063.1665,High,2,4,0,2,5,0,2,4,5761.833128440982,0.0,-0.56294184923172,0.001201169259257041,0.05444717779755592,0.7750622558917061,0.016631290316581726,0.9304899058170653,-0.18586239218711853,0.3254319164985662,0.011996109038591385,0.9498337188965696,0.11369653046131134,0.5496895551645958,0.043270834,0.00042203016,0.16465001,0.233846,0.29926372,0.014588056,0.24395937,0.46521366,0.6273077,1.9687479,2.7728064,0.31740707,0.4563691,0.16491152,1.1467375,1.0555313,2.6958864,0.15020867,0.52611613,Medullary_cords,363.7169228947149
GCCCTAAGTGCAGGAT-1,1,76,74,4168,14611.0,4168,3220.8423,Low,2,6,5,2,2,1,2,4,4652.442369336776,0.7963116401738131,-0.36063629388809204,0.050252968704191374,0.05136866122484207,0.7874831643864051,0.3263196349143982,0.07842186526440006,-0.25512686371803284,0.17362370081230394,-0.26982614398002625,0.14930098063157934,0.46205705404281616,0.010153040635732297,0.03372731,0.10253653,0.23282829,0.11152793,0.4107374,0.013732285,0.09491019,0.24732533,0.5601956,2.0469337,2.3718479,0.30333167,0.4773103,0.33505777,1.1851754,0.8862307,2.8394163,0.21559922,0.42157465,Medullary_cords,237.9012400135821
GCCCTAGCCGTCGCGA-1,1,54,16,7343,29672.0,7343,4450.1523,High,2,7,0,3,5,0,0,3,5313.515032443213,0.6365141682948128,0.048248667269945145,0.8001237603586104,-0.13106697797775269,0.4899636282344165,-0.2467634081840515,0.188649034752653,0.20776055753231049,0.2706036722690392,0.21602413058280945,0.2515727821900182,0.3375599980354309,0.0681071610880778,0.02178752,0.044981137,0.17638531,0.19275443,0.23954688,0.095135935,0.22940882,0.3031414,0.7271979,1.9765544,2.8829875,0.5367895,0.6483996,0.44871882,1.3060569,1.1818957,2.4519584,0.21340835,0.29891336,Medullary_cords,497.9317222270539
GCCCTGAGGATGGGCT-1,1,68,74,5222,17388.0,5222,3851.5154,Medium-Low,2,6,5,2,2,1,2,4,3720.65061514784,0.45056120886630463,0.42523306608200073,0.019152012779444373,-0.04628007486462593,0.80812523264746,-0.09609343856573105,0.6134656746574793,0.15150108933448792,0.4241890314490124,-0.14068420231342316,0.4583802037634802,0.041972894221544266,0.8256973076925788,0.045111425,0.07379879,0.10500017,0.25196454,0.2242374,0.20965442,0.0902333,0.24894457,0.64436173,2.1664257,2.8666193,0.1524997,0.46600732,0.28711164,1.4339767,1.2686152,2.5648983,0.0,0.5962385,Medullary_cords,364.9465714320385
GCCGAAATTCCTACGT-1,1,35,45,7028,28072.0,7028,4388.592,High,0,9,7,4,3,6,4,0,2981.849258430077,1.0114042647073518,-0.15814442932605743,0.40391030486384044,0.029585793614387512,0.8766667260292151,0.20469239354133606,0.2779008042660519,0.05733896419405937,0.7634440396312496,-0.5514876842498779,0.0015835749116766852,-0.2266024351119995,0.22852976150378332,0.2365958,0.09566825,0.16044174,0.14323285,0.05678227,0.038623754,0.2686553,0.18690574,0.46027628,2.5002394,2.9835432,0.07617895,0.5634533,0.5490538,2.2665923,0.908665,2.0556486,0.07617895,0.45935833,B_cell_zone,0.0
GCCGACCCACGACTGC-1,1,62,30,6945,26194.0,6945,4364.3184,High,3,1,2,0,5,0,0,3,4919.700194117524,0.45056120886630463,-0.4045560657978058,0.026591702185713318,-0.22092589735984802,0.240711758440813,-0.3783574104309082,0.039241657268655396,-0.15284685790538788,0.42003629143703197,-0.12797750532627106,0.5003390554296031,0.5390196442604065,0.0021161602859612215,0.036335025,0.0,0.1729826,0.30788168,0.1516376,0.15244046,0.17872262,0.49251735,0.9464812,1.7496924,2.5598183,0.37444925,0.7019428,0.3035302,1.2190678,1.4688373,2.7382042,0.16169204,0.45142984,Medullary_cords,364.90683742566404
GCCGATTGGCCAAGCT-1,1,41,61,4818,12728.0,4818,4210.7666,Low,5,9,4,1,0,7,1,1,1892.3385003746027,1.0986122886681096,0.011289536952972412,0.9527851533226107,0.09909556806087494,0.6023730090812046,-0.27290305495262146,0.14453769600908947,0.3420743942260742,0.06427457529905665,-0.05686189979314804,0.7653573310075711,-0.14906692504882812,0.4317576435702191,0.08630965,0.10812891,0.06185921,0.21168995,0.0,0.30462554,0.22738667,0.0,0.7361399,2.1507008,2.9001198,0.28989667,0.5587228,0.36237085,1.9049709,1.2921888,1.8804419,0.0,0.3506689,B_cell_zone,0.0
GCCGCATTAGTCCGGC-1,1,35,17,4214,13028.0,4214,3642.4626,Low,5,7,6,5,3,6,3,5,4900.301317266113,1.0114042647073518,-0.20689938962459564,0.2726391651319975,-0.017796417698264122,0.9256331994871042,0.37724989652633667,0.03986752956427324,-0.15093764662742615,0.4259344038194426,-0.22955037653446198,0.22237007472425072,-0.12935054302215576,0.4957144098377867,0.20201282,0.00043611944,0.08602276,0.15651777,0.11863439,0.0,0.43637612,0.07120124,0.6281921,2.2638278,2.8103096,0.116281845,0.21360373,0.3560062,1.7320173,0.83809817,2.058147,0.0,0.09493499,Medullary_cords,137.55726080436466
GCCGCTAGATACGCAG-1,1,2,96,6168,20918.0,6168,4306.6816,Medium-High,1,12,3,6,6,3,3,5,4346.797671849933,0.410116318288409,0.20153403282165527,0.28554346798373564,0.40281954407691956,0.027311157042963462,-0.21581676602363586,0.25203925418675416,-0.0203997939825058,0.9147910240209678,-0.14736515283584595,0.4370926252224046,0.0614260770380497,0.7471094696771636,0.04664854,0.05602518,0.041450016,0.16979401,0.17636564,0.14772443,0.36199218,0.26542214,0.72173434,2.0628932,2.6632724,0.46049294,0.5028102,0.48902094,1.5436006,1.1692737,2.3309228,0.097682126,0.45545864,Medullary_cords,413.0012106519786
GCCGCTTGTGAGAAAC-1,1,36,40,4868,14064.0,4868,4102.5645,Low,4,9,1,4,3,6,4,7,3313.0629332990343,0.6365141682948128,-0.2920932471752167,0.1172879729242075,-0.015953417867422104,0.9333166805916423,-0.024257153272628784,0.8987545105519116,0.3142397701740265,0.09080378760819549,-0.2581583559513092,0.16839221901278217,-0.46821555495262146,0.00906956206635219,0.1751103,0.0004837381,0.06876203,0.05582609,0.6128022,0.056410044,0.030605623,0.0671484,0.3059702,2.2190602,2.5672765,0.0671484,0.2685936,0.6088485,2.132565,0.62454337,1.8473004,0.0,0.35812482,B_cell_zone,0.0
GCCGGAAACACATCTT-1,1,3,53,7416,30671.0,7416,4406.2666,High,3,8,2,0,1,5,0,6,4834.682719682854,0.0,-0.49898064136505127,0.005002169641030323,-0.16951727867126465,0.370499843001779,-0.0032917624339461327,0.9862263081118304,0.2153504490852356,0.25309032729347014,0.08904647082090378,0.6398312458041727,-0.09868262708187103,0.6038937233010363,0.0,0.034716424,0.09177676,0.30308154,0.11969374,0.20510942,0.24562214,0.21912661,0.8816493,1.4592505,2.573002,0.19110271,0.62519705,0.26662233,0.97342485,1.4382818,2.2600007,0.14110687,0.56033933,Medullary_cords,275.0018181758077
GCCGGGTTAGGGTCGC-1,1,41,59,4475,11454.0,4475,4102.5444,Low,5,9,4,1,0,7,1,1,2027.9351567542785,0.6365141682948128,0.22081336379051208,0.24095754428856175,-0.013206331059336662,0.9447800119001999,-0.1539224535226822,0.4167335465943521,0.31766578555107117,0.08715049190881544,-0.02388850413262844,0.9002855370983531,0.06300501525402069,0.7408272920991241,0.19943447,0.011425144,0.07513727,0.27235252,0.14571668,0.033219,0.262715,0.23533952,0.46434987,2.2727444,2.7923954,0.31378603,0.6809538,0.28705406,1.9331284,0.80277705,1.6705525,0.15689301,0.48733413,B_cell_zone,0.0
GCCGGTCGTATCTCTC-1,1,70,54,5590,18007.0,5590,4120.7974,Medium-Low,2,4,0,3,2,1,6,3,4491.267304447599,0.6365141682948128,-0.2527737319469452,0.17776289152066158,-0.12777885794639587,0.5010099227131746,-0.1644953489303589,0.38504783325288106,-0.11849594116210938,0.5328547167746626,0.2361898124217987,0.20891138721797786,0.15557034313678741,0.41170170162873776,0.070894755,0.0,0.28327996,0.13211708,0.23966084,0.27404734,0.0,0.27653977,0.55218685,2.0461717,2.8449514,0.11042843,0.4052527,0.3524024,1.239219,0.87361175,2.5788214,0.37351948,0.36156228,Medullary_cords,634.0544140686981
GCCGGTTTGGGCGGAT-1,1,2,30,6252,22305.0,6252,4221.464,Medium-High,3,8,7,1,1,5,0,1,5876.326488547075,1.0114042647073518,-0.6428804397583008,0.00012751630496831613,-0.29383909702301025,0.11501284013686687,0.058751385658979416,0.7577874921924002,0.07398402690887451,0.697615203487615,-0.20688951015472412,0.27266257395303106,0.12242638319730759,0.5192542857362104,0.12971507,0.09555244,0.028024452,0.40017197,0.2608323,0.0,0.08570371,0.31962487,0.5388645,2.1492183,2.6359124,0.1263132,0.71349335,0.31495082,1.7296454,1.1909654,2.0504045,0.09260279,0.20378207,Medullary_cords,138.0
GCCGTCGGTTTCGGGC-1,1,71,41,6527,23367.0,6527,4306.877,Medium-High,3,4,2,0,5,0,5,6,5108.4828471866285,0.45056120886630463,-0.2549701929092407,0.17389715267167122,-0.30477404594421387,0.10150272727488117,0.06826206296682358,0.7200303697527302,0.4279836416244507,0.018306900629765824,0.036262527108192444,0.8491204773491148,0.3564372658729553,0.05319045813436759,0.06684261,0.085417025,0.22217265,0.39301577,0.15538165,0.0,0.07717042,0.27129677,0.98523885,1.9135687,2.644594,0.210895,0.554883,0.28819424,1.4049771,1.4902635,2.1015954,0.33272615,0.44746763,Medullary_cords,552.4608583420187
GCCGTGGAAGAAATGT-1,1,39,115,6434,22851.0,6434,4262.122,Medium-High,3,0,2,0,0,4,0,3,1862.6156339943032,0.410116318288409,0.12236200273036957,0.519475686993734,-0.1813366562128067,0.3375583828358367,-0.08724265545606613,0.6466514401231279,-0.1571044921875,0.40704795059517096,0.06030438840389252,0.7515820670951496,-0.0491834431886673,0.7963311826455512,0.0582621,0.12839885,0.12636071,0.28785348,0.24246798,0.0,0.15665685,0.24500759,0.7603668,2.0783424,2.7938793,0.29330376,0.4006203,0.42607638,1.3836281,1.1956089,2.3485954,0.09074683,0.4944096,Medullary_cords,480.0010416655364
GCCTACGTTCTGTGCA-1,1,68,82,3981,9788.0,3981,3896.6406,Low,1,6,3,6,2,1,7,5,3617.629196034331,0.6931471805599453,0.052253469824790955,0.7839078412676304,-0.14113520085811615,0.45692612309048647,-0.3455328345298767,0.06145397201439041,0.052793703973293304,0.7817269834540431,0.3430997133255005,0.06342802699967028,0.3712053894996643,0.0434257840314523,0.061956313,0.26714107,0.15639143,0.109085634,0.10403624,0.0,0.30138934,0.22710836,0.62200433,2.2852192,2.714361,0.26396945,0.46729654,0.087989815,1.5976185,0.97419876,2.611489,0.35195926,0.35105446,Medullary_cords,138.42326394071193
GCCTAGCGATCTGACC-1,1,20,42,5608,16804.0,5608,4276.288,Medium-Low,3,11,0,0,1,5,0,3,3830.859955675749,0.45056120886630463,-0.5426413416862488,0.001947468085564206,-0.07609754800796509,0.6893972279072731,0.01952352374792099,0.9184388141469498,0.30026987195014954,0.1069149421597639,0.1461055725812912,0.44106434076986,0.2060907483100891,0.27455949383998873,0.09425022,0.0,0.20488848,0.2974303,0.21043706,0.0,0.19299397,0.3752494,0.94478256,2.1218743,2.7852027,0.05836677,0.33146578,0.31273094,1.4614388,1.310833,2.3096666,0.11673354,0.36068928,Medullary_cords,238.76766950322232
GCCTATAGTGTCAGGG-1,1,29,91,5149,14376.0,5149,4256.8027,Low,3,0,2,0,4,2,5,6,1097.1326264403954,0.0,0.12148433923721313,0.5224985141808167,-0.06360369920730591,0.7384495269785377,-0.1100151315331459,0.5627682970249178,-0.06289500743150711,0.7412644603787281,-0.09106533229351044,0.6322319645438256,0.11937377601861954,0.5298024566087145,0.019034753,0.15681699,0.09374752,0.26646575,0.12965757,0.28478014,0.049497284,0.3158865,0.77017754,1.712401,2.4435534,0.33004218,0.5998547,0.28396818,1.0950754,1.2830352,1.6586483,0.0,0.4666355,Medullary_cords,414.40318531594323
GCCTATGCTGGGCCTT-1,1,18,114,6912,26465.0,6912,4442.7666,High,4,12,1,4,4,3,4,7,2990.4273942030427,0.0,-0.06265735626220703,0.7422091494459279,-0.06099105253815651,0.7488431305743303,0.04797111451625824,0.8012507113072818,0.1143321543931961,0.5474458306214748,-0.17738385498523712,0.3483710580499232,0.060499437153339386,0.7508037625466156,0.21278554,0.10117852,0.14389959,0.1174244,0.41188043,0.012831502,0.0,0.080137625,0.5634133,2.289174,2.7225494,0.080137625,0.3904997,0.6703567,2.10487,0.78101856,2.0956879,0.080137625,0.2006683,B_cell_zone,0.0
GCCTATTCCGATATAG-1,1,24,30,5280,16049.0,5280,4188.422,Medium-Low,5,11,4,1,1,6,1,1,4329.769624356474,0.0,-0.3341461718082428,0.07112150989515606,0.1850520670413971,0.3275832053123625,-0.02675923891365528,0.8883728509636124,0.03312994912266731,0.8620249115654178,0.04178020730614662,0.8264854143675986,0.16294912993907928,0.3895925973279981,0.15203483,0.13704595,0.14284147,0.04245981,0.0,0.0,0.5256179,0.28279218,0.58443135,2.474569,2.9239478,0.24217838,0.70770955,0.18163379,2.1717367,1.0528568,1.6814744,0.24217838,0.31056124,B_cell_zone,0.0
GCCTATTTGCTACACA-1,1,8,50,7260,30213.0,7260,4416.1323,High,3,8,2,0,1,5,5,6,4444.31603286715,0.0,-0.621954619884491,0.00024335942084024727,-0.07578814774751663,0.6905981293655723,-0.04665276035666466,0.8066089455096436,0.09324251115322113,0.6240777239509794,-0.04561091586947441,0.8108494422199869,-0.0819336399435997,0.6668864410426183,0.03970675,0.0,0.11456468,0.50707877,0.31228572,0.0,0.02636404,0.16274881,0.9636168,1.4978224,2.6175172,0.20647074,0.7202258,0.35628924,0.79748076,1.6171029,2.141763,0.0,0.29492432,Medullary_cords,364.00137362378183
GCCTCAGGTACCGGTC-1,1,76,20,7408,32822.0,7408,4263.5024,High,1,1,3,5,5,0,3,5,6529.155305244316,0.0,0.05763633921742439,0.7622520916050665,-0.06848756968975067,0.719142508810202,0.1968262940645218,0.2971821790987062,-0.3870786130428314,0.03458393814671935,-0.48997825384140015,0.005986895480870194,0.27524811029434204,0.1409820068489171,0.048271403,0.05171495,0.16375288,0.12785076,0.3925932,0.0058320826,0.2099847,0.30655327,0.47522104,2.0904992,2.7625172,0.22571096,0.44738266,0.42190775,1.5068983,0.8693687,2.4653122,0.39110953,0.42973262,Medullary_cords,365.3833603217311
GCCTCATCTGGAAATA-1,1,41,95,6367,21621.0,6367,4440.892,Medium-High,3,10,2,0,0,4,5,6,601.2096140282522,0.0,-0.3446277976036072,0.06218255821679725,-0.09731678664684296,0.6089351945368188,-0.29204729199409485,0.11734830780502825,0.032391440123319626,0.8650723511138804,0.19946551322937012,0.29062097670640463,-0.07375401258468628,0.6985116111607662,0.07020574,0.0,0.020750562,0.4854487,0.07100064,0.0,0.35259444,0.4263821,1.0998714,1.7336829,2.588728,0.3210175,0.83046484,0.3939289,1.128754,1.6478958,1.7633669,0.09504641,0.39394322,Medullary_cords,275.0018181758077
GCCTCCGACAATTCAC-1,1,60,98,4922,15236.0,4922,3905.9705,Low,1,13,5,5,7,1,3,5,2724.147756638762,0.6365141682948128,0.1477321982383728,0.43593892970188225,0.3098735809326172,0.09562691735754816,-0.12970814108848572,0.4945135041746846,0.1398908793926239,0.4609439256665527,0.5389122366905212,0.0021213504785935846,-0.08781243860721588,0.6444940329385808,0.049103756,0.0009767014,0.13838053,0.17787269,0.10360759,0.22379676,0.30626196,0.27831665,0.48480582,2.103976,2.733497,0.4087432,0.471826,0.3988689,1.6029556,1.0512278,2.1985867,0.33578607,0.4477148,Medullary_cords,476.80604023019674
GCCTCTATACATAGCA-1,1,55,75,4365,11403.0,4365,3969.1145,Low,2,6,0,2,2,1,2,4,2224.7743705823295,0.6365141682948128,-0.09182122349739075,0.6293960498755483,0.15114803612232208,0.42528221893186013,-0.2807607650756836,0.1328744819451043,-0.1310374140739441,0.4900623917262104,-0.05559821426868439,0.7704319240049325,-0.23989272117614746,0.20165277261446798,0.12900348,0.008794336,0.4395335,0.30456164,0.0,0.049920928,0.0681861,0.26693434,0.6756289,2.212832,2.604006,0.15741365,0.42811894,0.28404203,1.480483,1.1093737,2.4087605,0.4106704,0.60688245,Medullary_cords,137.0
GCCTGCTACACTGAGA-1,1,8,106,5909,19046.0,5909,4320.7783,Medium-Low,5,12,4,1,4,3,1,1,3800.865296218744,0.45056120886630463,0.10454048216342926,0.582476015578339,0.22527097165584564,0.23134912176768438,-0.1378379613161087,0.467613207710487,-0.4099854826927185,0.024441395964125,-0.3705805540084839,0.043807617237167536,0.2988702952861786,0.10863989588069267,0.15738697,0.11758262,0.052313212,0.30631074,0.02855165,0.0,0.33785483,0.23223278,0.84023404,2.2755308,2.9590747,0.10551044,0.7372829,0.5087402,1.6987216,0.95569825,1.9417285,0.0,0.18999201,Medullary_cords,137.0
GCCTGTCCCGGTGCAT-1,1,73,63,4721,12226.0,4721,4139.3022,Low,3,4,0,3,2,1,0,3,4531.987312427077,1.3296613488547582,-0.3883078396320343,0.033964939283497454,-0.35164889693260193,0.05670386493055432,-0.20731604099273682,0.2716531174431469,0.20394524931907654,0.27969675322918963,-0.07763126492500305,0.6834552467419492,0.19360090792179108,0.3053266663493854,0.04201046,0.00075276406,0.11317995,0.25357652,0.23155424,0.29159102,0.06733506,0.22415054,0.73731995,2.0295067,2.7959409,0.07471684,0.42002478,0.22415054,1.67645,1.1916763,2.0706935,0.0,0.5673764,Medullary_cords,363.7169228947149
GCCTTCAGCCCTACCG-1,1,16,50,5663,18772.0,5663,4089.0762,Medium-Low,2,8,0,2,1,5,2,4,3712.31302559469,0.45056120886630463,0.27068546414375305,0.1479594472173437,-0.31821054220199585,0.08658007910190452,-0.38599714636802673,0.03513602939746026,-0.44417402148246765,0.01393408218233769,-0.6463556289672852,0.00011400608250383134,0.28757786750793457,0.12332692545501361,0.15143341,0.0,0.35027376,0.148538,0.019909615,0.0,0.32984528,0.32637,0.62761194,2.063218,2.67409,0.10675907,0.59305817,0.30418465,1.3147777,0.83678204,2.7656755,0.18133299,0.26138926,Medullary_cords,275.0018181758077
GCCTTGTATATGCAGT-1,1,17,15,5622,20086.0,5622,3990.2659,Medium-Low,5,11,7,5,1,5,3,1,5619.249949948837,0.6365141682948128,-0.04519498720765114,0.8125438212241876,-0.19487884640693665,0.3020831388806093,-0.07778158783912659,0.6828738495032719,-0.06429119408130646,0.7357219510438056,-0.05041045695543289,0.791359842415118,0.06351523846387863,0.7388007141204511,0.1878219,0.003037225,0.053418856,0.32134637,0.3023202,0.0,0.13205542,0.0,0.52877367,2.1053717,2.8365562,0.16471942,0.37494767,0.13688013,1.6478208,1.1525338,1.7347723,0.10100922,0.33479324,Medullary_cords,138.0
GCCTTTGTCAGTGGAC-1,1,64,10,398,510.0,398,1259.3187,Low,5,1,6,5,5,0,3,1,6207.691036126073,0.8675632284814612,0.264081209897995,0.15849571988378738,-0.021328508853912354,0.9109267667512801,0.2507888376712799,0.18130793986053537,-0.14540044963359833,0.4432962423310997,0.12132491916418076,0.5230485001181452,0.14132200181484222,0.45632456965935264,0.69883907,0.0,0.14731386,0.0,0.15384705,0.0,0.0,0.0,0.0,1.7727647,2.8021178,0.0,0.0,0.0,0.50427866,0.0,0.60513437,0.0,0.0,Medullary_cords,137.0
GCGAAACGATCGGGAG-1,1,54,100,6501,21673.0,6501,4480.0483,Medium-High,0,10,7,4,0,4,4,0,2087.5310776129777,1.5607104090414068,0.2559874951839447,0.17212697694090434,-0.006763705983757973,0.9717029669092403,0.043913472443819046,0.817769546706625,0.2547338902950287,0.17431016812654176,0.07741047441959381,0.68430951007622,0.29345735907554626,0.1155074830374838,0.11525388,0.0,0.04682228,0.17818324,0.32483608,0.20135675,0.1335478,0.35795313,0.65203327,2.145455,2.8392289,0.22401375,0.34004307,0.5717059,2.032304,0.8388299,2.1470718,0.18971324,0.18971324,Medullary_cords,0.0
GCGAAACTTAACTGGA-1,1,44,82,5936,18868.0,5936,4381.6353,Medium-Low,5,10,4,1,0,4,1,1,829.0482495005945,0.6931471805599453,-0.157321035861969,0.4063934758284035,-0.09436295926570892,0.6198981084806002,-0.06347706913948059,0.7389522613842286,-0.03514475375413895,0.8537208587879911,-0.42401954531669617,0.01953497470843155,-0.09118591248989105,0.631779233536161,0.09863206,0.09163566,0.17774278,0.11598964,0.09603276,0.045205455,0.37476164,0.14349629,0.6128173,2.3244276,2.8193717,0.10631659,0.5007239,0.17211522,2.0989532,1.0792925,2.1012418,0.10631659,0.61935145,Medullary_cords,0.0
GCGAAGAATCTGACGG-1,1,66,84,7029,26392.0,7029,4435.664,High,1,6,3,6,2,1,7,5,3365.607523167251,0.6365141682948128,0.16840429604053497,0.3736958627549669,-0.15497776865959167,0.413507196410578,-0.28790634870529175,0.1228800227111402,-0.2997978925704956,0.10749434072900832,0.2723042368888855,0.14545597154012063,-0.0953451544046402,0.6162437375413307,0.044460643,0.04199468,0.051684562,0.056629345,0.1317199,0.19407362,0.47943723,0.18982163,0.45042515,2.2673388,2.8164535,0.2213452,0.3939783,0.42098114,1.6413634,0.9074279,2.0821872,0.24097382,0.78676504,Medullary_cords,138.42326394071193
GCGAAGCCATACCCGT-1,1,31,61,4929,14460.0,4929,4053.8027,Low,1,3,3,6,1,2,7,5,2038.419976354235,0.6365141682948128,0.25390398502349854,0.17576618105505998,0.12241394817829132,0.5192970455663146,0.15609002113342285,0.41012195798452644,-0.018854951485991478,0.9212230824830876,-0.26242324709892273,0.16122302606921673,0.29741543531417847,0.11045495451927483,0.06817667,0.0,0.1286751,0.08198043,0.17933194,0.0,0.54183584,0.34004807,0.4571764,2.2496667,2.664538,0.19714107,0.45509964,0.3375532,1.6752009,0.7017714,2.4267912,0.0,0.5296789,Medullary_cords,137.92751719653333
GCGAATGGACTAGCGA-1,1,75,73,5171,17478.0,5171,3763.972,Medium-Low,2,6,5,2,2,1,3,4,4551.231591558487,0.45056120886630463,-0.2594667673110962,0.16616918688202215,0.16259385645389557,0.3906411832612318,0.19955956935882568,0.29038886309886675,-0.19896893203258514,0.2918484049020954,-0.2358626276254654,0.20956124031251477,0.324205219745636,0.08048969607469422,0.0,0.0,0.10265486,0.041197933,0.31229687,0.17308562,0.3707647,0.124915436,0.47405538,1.8325448,2.7138586,0.30381346,0.3511368,0.16966602,0.9496777,0.7595365,2.0924106,0.22622137,0.6728065,Medullary_cords,240.0
GCGACATGTAAACATC-1,1,37,107,6424,21776.0,6424,4418.8354,Medium-High,3,0,2,0,0,4,0,3,1313.7705279081274,0.6365141682948128,-0.4147757887840271,0.022664432118869534,-0.019759953022003174,0.9174544292887483,0.26138946413993835,0.1629404352026851,0.0051668304949998856,0.9783819634691038,-0.2245941460132599,0.23279120681444776,0.17514462769031525,0.3545875656549434,0.04262257,0.0,0.11147598,0.23356126,0.12112016,0.19490507,0.29631492,0.37935257,0.90431833,1.896732,2.6930428,0.12867706,0.57997423,0.41285676,1.160691,1.2311132,1.979919,0.2573541,0.60165054,Medullary_cords,276.3494165001982
GCGACCCAACCATCTG-1,1,59,33,6858,26801.0,6858,4286.0684,High,1,1,4,3,5,0,6,5,4545.770011780182,1.0114042647073518,-0.25832605361938477,0.16810612281722054,-0.10400532186031342,0.5844187065648213,-0.2658481001853943,0.15562573824132153,-0.15334375202655792,0.4185087156871912,-0.42704686522483826,0.018591190393311308,0.07741227000951767,0.684302561194648,0.05609927,0.054653957,0.14530256,0.04799567,0.06458911,0.3363242,0.29503527,0.25051132,0.4352133,2.2235456,2.9877186,0.21658574,0.6006012,0.37637976,1.4384527,0.65519613,2.039467,0.35801464,0.6822037,Medullary_cords,137.55726080436466
GCGACGATAGTTGTAC-1,1,48,54,4906,14304.0,4906,4008.5369,Low,2,9,0,0,3,7,2,3,2628.9132735790276,0.6365141682948128,0.08978264778852463,0.6370559793108876,-0.1508512645959854,0.42620233851292993,-0.3610870838165283,0.0499454074215479,-0.2605501711368561,0.16434430041821452,0.051140300929546356,0.7884066106191331,0.1557624638080597,0.41111728627208527,0.00843223,0.086770386,0.21193807,0.26541057,0.29163954,0.010224726,0.12558453,0.22174352,0.8054185,1.8741515,2.5584137,0.3081444,0.4728493,0.34237552,1.2620566,1.2818097,2.6630712,0.50133663,0.48001835,Medullary_cords,364.9465714320385
GCGACGGTAGTCTCCT-1,1,73,71,4095,10260.0,4095,3892.1821,Low,2,4,5,3,2,1,0,3,4352.427483600387,0.45056120886630463,-0.06661377102136612,0.7265307714005501,0.029688984155654907,0.8762398312693919,-0.11425331979990005,0.5477238804780891,-0.2063407599925995,0.27396484618928574,-0.2682923674583435,0.15171721097801277,0.25310006737709045,0.17718475441490333,0.06752885,0.0026666354,0.19451115,0.16648625,0.24407217,0.062143855,0.26259112,0.25593764,0.4671483,2.1313481,2.6723278,0.0,0.3903451,0.30529565,1.6690128,0.9777482,2.453448,0.17009892,0.6430515,Medullary_cords,138.0
GCGAGAGGCCATGTAA-1,1,21,113,6304,21362.0,6304,4337.2075,Medium-High,5,12,7,1,4,2,1,1,2665.756177897746,1.3296613488547582,-0.5734326839447021,0.0009243068593910602,-0.0760747566819191,0.6894856646244144,0.1764548122882843,0.3509422595976925,0.24405847489833832,0.1936968348410415,-0.39836975932121277,0.02922740227934951,-0.26309487223625183,0.1601142123836673,0.12775299,0.10858701,0.0017600397,0.36850482,0.30209428,0.032776292,0.058524594,0.2631657,0.9315342,2.1578882,2.792201,0.2399989,0.45958832,0.30166316,1.6545923,1.1633008,1.8474015,0.09599956,0.37515908,Medullary_cords,138.42326394071193
GCGAGAGTTGCGTCCA-1,1,33,107,7195,28710.0,7195,4528.2495,High,4,0,1,4,0,4,4,7,1438.9763722869116,0.6365141682948128,-0.6575028300285339,7.884399149543316e-05,-0.2585564851760864,0.1677135639406256,0.1641501784324646,0.38605971883847867,-0.026288174092769623,0.8903260637696794,-0.43851423263549805,0.015351145017100208,0.1628151386976242,0.3899878808376321,0.15035272,0.22175364,0.15466662,0.14768228,0.16444947,0.0,0.1610952,0.21573421,0.49756077,2.1620142,2.6201859,0.14079702,0.3589644,0.9298837,1.9290004,0.95275354,1.7381428,0.13216329,0.1379191,B_cell_zone,0.0
GCGAGCGCATGCTCCC-1,1,37,109,5201,14711.0,5201,4220.7646,Low,3,0,0,0,0,4,0,3,1451.2218989527412,1.0114042647073518,-0.2749585807323456,0.14141753323709183,-0.12772077322006226,0.5012061701840312,0.058549415320158005,0.758595611448671,0.15116934478282928,0.4252161951249167,-0.09474772959947586,0.6184654619338513,0.03717232868075371,0.8453796134509514,0.037163056,0.0053287814,0.13940026,0.23068404,0.18513602,0.22250152,0.17978634,0.34850842,0.8323541,2.0478961,2.753664,0.3442952,0.5797352,0.49765378,1.0518781,1.2068602,2.0485256,0.4580499,0.37261355,Medullary_cords,240.00208332429116
GCGAGGCCCGAGCAGA-1,1,37,47,8010,36501.0,8010,4503.916,High,1,9,3,6,3,6,7,5,2824.261496391579,0.6365141682948128,-0.017401525750756264,0.9272789786432188,0.20169420540332794,0.2851526785916469,-0.006383104249835014,0.973294695458158,0.04949137568473816,0.7950828278455777,-0.3220217823982239,0.0826686893730856,0.02940830960869789,0.8774010488751863,0.016290156,0.081170924,0.04135206,0.061541926,0.16005415,0.18332134,0.4562695,0.37815467,0.54093015,2.2620687,2.8804183,0.21449052,0.6823694,0.24901009,1.7196472,0.91254723,2.1152608,0.12107298,0.76766646,Medullary_cords,137.92751719653333
GCGAGTTCTGCAAAGA-1,1,35,63,5122,16543.0,5122,3890.5537,Medium-Low,1,9,5,5,0,7,3,5,1758.2118757419425,0.8675632284814613,0.11807700991630554,0.5343143120344485,0.3094789385795593,0.09607222897308597,-0.034868430346250534,0.8548588448018902,0.1596214324235916,0.3994775731983686,-0.09089681506156921,0.6328648985417932,-0.03049670346081257,0.872899516667226,0.06144107,0.0,0.09393853,0.16890702,0.3623234,0.0025417744,0.31084815,0.19813992,0.51972413,2.1356761,2.8399162,0.05910322,0.3274465,0.17730966,1.3965812,1.0484506,2.4365044,0.0,0.34299088,Medullary_cords,240.00208332429116
GCGATTCTGGAAGCAG-1,1,10,74,6079,23316.0,6079,3926.364,Medium-High,2,5,3,2,6,3,2,4,3489.1238155158667,0.6365141682948128,-0.3585856854915619,0.051671019562238255,-0.03958544135093689,0.8354736861998651,-0.3446028232574463,0.06220275875154116,0.24549531936645508,0.19100393129121468,-0.024938644841313362,0.8959251684449514,-0.29669782519340515,0.11135852446837557,0.10093091,0.002231928,0.23609813,0.23314774,0.18974294,0.0,0.23784837,0.36596805,0.5613507,2.2113602,2.7123752,0.12203503,0.6370245,0.3517992,1.3891993,0.88559073,2.7058997,0.0,0.30056283,Medullary_cords,239.26763257908496
GCGATTGTTAACGTTA-1,1,37,77,4454,11801.0,4454,4048.6,Low,5,2,4,1,0,4,1,1,766.1416318149014,0.0,0.27132129669189453,0.1469724314899521,-0.10950510948896408,0.56459135803972,-0.10155259817838669,0.5933585875933651,-0.15589916706085205,0.4107017298072993,-0.49937233328819275,0.004962671678336431,0.05511889606714249,0.7723591715087844,0.27419367,0.0017409401,0.12398584,0.01836662,0.025674246,0.020246478,0.5357922,0.28200617,0.4790948,2.5674424,3.0007446,0.0,0.5121705,0.4779927,2.1102064,0.614037,2.041452,0.15344289,0.20459053,B_cell_zone,0.0
GCGCAAATATATTCAA-1,1,58,28,7680,35399.0,7680,4275.398,High,2,1,0,2,5,0,2,3,4774.537883397722,0.45056120886630463,-0.23177793622016907,0.21779082611638956,-0.3340871334075928,0.0711745338757703,-0.31166958808898926,0.0936200186070147,-0.02679987996816635,0.8882043676445867,-0.3790256977081299,0.03886782821942962,0.0692579448223114,0.716112109783455,0.089920476,0.00055501313,0.3185677,0.1182679,0.037554964,0.14603737,0.28909656,0.36652353,0.5677128,2.4377682,2.7945747,0.27164224,0.3732541,0.28199986,1.5672401,0.8376699,2.6214867,0.45653546,0.54281735,Medullary_cords,137.0
GCGCAAGAGCGCGCTG-1,1,40,100,5084,14784.0,5084,4099.4053,Low,2,10,0,2,0,4,0,3,860.5655117421335,0.6931471805599453,-0.5528857707977295,0.0015318474721455456,0.052988771349191666,0.7809399183563982,-0.5893099308013916,0.0006112328994541984,0.14952492713928223,0.43032794453695367,0.4452246129512787,0.013683440614770772,0.019654538482427597,0.9178933131937751,0.047308523,0.0028755018,0.18923742,0.18978517,0.0993866,0.0,0.47140682,0.42375037,0.70915276,2.2181535,2.6242874,0.27848458,0.5491677,0.30069628,1.3772621,1.5340618,2.7329588,0.40623957,0.43096977,Medullary_cords,275.98007174431996
GCGCATCCAGTCAGCA-1,1,29,95,6152,20783.0,6152,4253.4233,Medium-High,3,0,2,0,0,2,0,3,1180.9491945041498,0.8675632284814612,-0.40873396396636963,0.024923973286164025,0.11590360850095749,0.5419171212158909,-0.11660518497228622,0.5394573599313945,-0.03133423626422882,0.8694381699700996,-0.10038010776042938,0.5976529726430952,0.16282591223716736,0.3899560896263427,0.012883291,0.0012078242,0.24145985,0.12532733,0.055373095,0.2840088,0.27973974,0.3633051,0.88911295,1.7236362,2.7375426,0.23158528,0.6292072,0.19642143,1.182197,1.4590473,2.1976192,0.46472305,0.61796856,Medullary_cords,276.3494165001982
GCGCCGTTCCACGATA-1,1,41,65,3338,7460.0,3338,3773.6826,Low,0,2,7,4,0,7,4,0,1623.1121341423088,1.0986122886681096,0.11950338631868362,0.52935251019703,-0.25335320830345154,0.17673720157492306,0.11142650246620178,0.5577374366785453,0.06867992132902145,0.7183854684375145,-0.13577666878700256,0.4743602081096848,-0.07645127177238464,0.688025195651485,0.04023369,0.27107924,0.058584914,0.14111818,0.4327557,0.0,0.056228288,0.16289687,0.32409924,2.1226828,2.9236064,0.2125893,0.37548614,0.48178083,2.0261455,0.91637355,1.9760997,0.2125893,0.1417262,B_cell_zone,0.0
GCGCCTCCCACTCCGA-1,1,48,110,6022,22116.0,6022,4005.4307,Medium-High,2,10,5,2,0,4,2,4,1931.310435947572,0.0,0.4086495637893677,0.024956795992769523,0.1935153752565384,0.3055445329279516,-0.07801400870084763,0.6819752757563503,-0.099798783659935,0.5997870784209296,-0.29091569781303406,0.11884125963366544,0.015428577549755573,0.9355058487156123,0.076139376,0.08560888,0.4418437,0.10537825,0.2218235,0.0,0.06920635,0.34406626,0.5118575,2.2421844,2.6349535,0.17378527,0.539801,0.4547201,1.618012,0.78032243,3.0214343,0.5657488,0.39784008,Medullary_cords,364.3295211755424
GCGCGATGGGTCAAGT-1,1,2,44,5591,18606.0,5591,4091.688,Medium-Low,3,8,2,0,1,5,5,6,5268.769970306163,0.0,-0.4356054961681366,0.01612480755276395,-0.2088303118944168,0.26808890339103714,-0.03191085904836655,0.867056479353867,0.07924136519432068,0.6772372243412047,0.09882237762212753,0.6033788894471008,-0.20455244183540344,0.2782366471900223,0.034018543,0.0,0.0332699,0.5339313,0.3653765,0.0,0.03340375,0.1434237,1.1538713,1.4288977,2.553782,0.1075378,0.6434999,0.29002565,0.8628759,1.6801765,1.7745245,0.0,0.14338374,Medullary_cords,478.0345175821512
GCGCGGTCTAGTAACT-1,1,68,60,5758,20407.0,5758,4000.376,Medium-High,2,4,3,2,2,1,2,4,4077.2942008150453,0.45056120886630463,-0.2383257895708084,0.20470282711437673,-0.29653987288475037,0.11155814628474979,-0.34047380089759827,0.06561368405287321,0.032388098537921906,0.8650861444304535,0.12399215251207352,0.5138838999379888,0.129913792014122,0.49382354241697546,0.05794264,0.07975012,0.19116776,0.12982787,0.29374754,0.003075373,0.24448873,0.24108343,0.50542295,2.1364021,2.7377038,0.24827151,0.44669363,0.24924679,1.527698,0.9681494,2.497189,0.099698715,0.28364033,Medullary_cords,365.1985761198967
GCGCGTCATTGGTACA-1,1,57,83,5418,16609.0,5418,4176.2446,Medium-Low,3,6,2,0,2,1,5,6,2301.9498256912552,0.6365141682948128,-0.22869548201560974,0.2241446758563986,0.3378843069076538,0.06782604795448363,0.27464067935943604,0.1418968625828893,-0.08048199862241745,0.6724601571269972,-0.32024452090263367,0.08447545578593166,0.20211921632289886,0.28411739386025614,0.018536532,0.0017598061,0.11345514,0.27651137,0.36383295,0.19121797,0.03468625,0.2324029,0.65821916,1.7513208,2.5960498,0.0,0.7293416,0.058913097,1.229341,1.4860573,2.2872474,0.11782619,0.49319702,Medullary_cords,477.6703884479338
GCGCTAAGTATGCATG-1,1,2,86,5857,20815.0,5857,4026.7083,Medium-High,2,12,3,2,6,3,2,4,4313.539729734734,1.0114042647073518,0.06401032209396362,0.7368359078102388,-0.1542399376630783,0.4157614490227887,-0.30064690113067627,0.10645378652461329,0.12938731908798218,0.4955908385698325,-0.2070348858833313,0.27231824588476655,-0.18808551132678986,0.3195746076585157,0.07233105,0.08807055,0.21763243,0.114239074,0.30514085,0.0,0.20258601,0.13321783,0.5430404,2.1899385,2.696399,0.09808583,0.78755856,0.24478608,1.313441,0.91555476,2.767227,0.0,0.3084049,Medullary_cords,238.76766950322232
GCGCTAATTGAATAGA-1,1,34,70,5681,18364.0,5681,4201.2305,Medium-Low,5,2,4,1,4,2,1,1,1328.2228728643397,1.0042424730540764,0.11285867542028427,0.5526536758274977,-0.16332970559597015,0.38847112962416713,-0.12038905173540115,0.5262828191475697,0.12883901596069336,0.497434802665654,-0.3980824649333954,0.029354784639483815,0.18208034336566925,0.33554710673153654,0.19466747,0.13218202,0.09423142,0.119328536,0.1046864,0.0066973665,0.34820682,0.31073874,0.36791947,2.2608135,2.9746258,0.1753865,0.49174345,0.22972757,1.9372354,0.91838604,1.8796337,0.0,0.33762735,B_cell_zone,0.0
GCGCTATGCCGAGGCA-1,1,43,47,6924,27762.0,6924,4375.5845,High,0,9,7,4,3,7,4,0,2885.355610665694,0.6365141682948128,0.0013553667813539505,0.9943285298442772,-0.021482743322849274,0.9102852083651236,0.01103946566581726,0.9538298790669274,0.07574410736560822,0.6907691269804809,-0.28386786580085754,0.12845799459214363,0.02970799058675766,0.8761612062025351,0.13959801,0.07035292,0.008246332,0.11346974,0.22064392,0.3397631,0.10792596,0.10627466,0.53417164,2.384393,3.1425679,0.10627466,0.45939526,0.22163782,2.1411707,1.0106511,1.7401966,0.0,0.43719304,B_cell_zone,0.0
GCGCTGATCCAGACTC-1,1,17,87,5739,17645.0,5739,4335.1846,Medium-Low,3,5,2,7,4,3,8,2,2516.1180417460546,0.45056120886630463,-0.7691376805305481,6.832451579896277e-07,-0.30951061844825745,0.0960364238443744,-0.16003498435020447,0.3982414117036075,0.34240755438804626,0.06399854263664947,0.11794958263635635,0.5347586585348609,0.1055648922920227,0.5787652658635439,0.04169938,0.09696205,0.19375746,0.28096643,0.11256528,0.23939784,0.034651626,0.33113223,0.80722487,1.6793544,2.660799,0.094718456,1.4193863,0.4258507,1.1673969,1.3520848,2.0123749,0.22449622,0.5163417,Medullary_cords,240.00208332429116
GCGCTGCTTTGCATTT-1,1,28,94,5677,17680.0,5677,4290.159,Medium-Low,3,0,2,0,4,2,5,6,1266.216411203077,0.0,-0.4274955987930298,0.018454558221910042,0.2620055675506592,0.16191534864099563,-0.31111863255500793,0.09423224292069997,-0.1543380171060562,0.4154613978881889,0.061289358884096146,0.7476541893934262,-0.007049490697681904,0.9705078458218829,0.06411231,0.0,0.10626851,0.3906055,0.11559639,0.0,0.32341725,0.16810355,1.0492611,1.7722292,2.50668,0.30124286,0.69988376,0.3572774,1.0363754,1.4521072,1.9072634,0.0,0.20082858,Medullary_cords,239.77072381756702
GCGCTTAAATAATTGG-1,1,57,89,7436,29988.0,7436,4480.505,High,3,6,0,0,2,1,0,3,2277.2353852862907,0.6365141682948128,-0.20907378196716309,0.26751868348098934,-0.0072004827670753,0.9698764382621798,0.2901194095611572,0.119900233878134,0.41865089535713196,0.02130582829114562,-0.12028321623802185,0.5266491891213918,0.021273372694849968,0.9111561261359171,0.06975954,0.05043807,0.06808595,0.21585718,0.19849943,0.22888467,0.16847515,0.44178823,0.62836903,2.183368,2.8702402,0.31174257,0.68828726,0.49371642,1.5649803,0.9027001,2.3315148,0.0719497,0.4075312,Medullary_cords,238.40302011509837
GCGGACCGCGTTGTGG-1,1,51,43,4844,13217.0,4844,4084.252,Low,2,9,5,2,5,7,2,3,3467.2843840677388,0.6365141682948128,-0.12031091749668121,0.5265532839823648,-0.2756083011627197,0.14044154907546524,0.09059493243694305,0.6339993750955656,0.40893349051475525,0.024846519063449986,-0.39750295877456665,0.02961310290263906,0.11207465082406998,0.5554340522562002,0.161861,0.16214707,0.31378627,0.23033096,0.13187474,0.0,0.0,0.41991723,0.61887825,2.5090213,2.8150396,0.2560538,0.63415307,0.30082756,1.6321161,1.0697267,2.5038505,0.28170675,0.24750283,Medullary_cords,632.5693637855061
GCGGAGAAACTTCGCA-1,1,55,33,6608,32334.0,6608,3569.782,High,2,9,5,2,5,0,2,4,4299.078622216625,0.0,0.007369102910161018,0.969171336030689,0.0833633542060852,0.6614138497368971,0.10861579328775406,0.5677766052260841,0.05721226707100868,0.7639520323104253,-0.17386139929294586,0.3581796886199813,0.2725815773010254,0.14503015212608325,0.02416089,0.04772755,0.3057991,0.139022,0.27632764,0.0,0.20696273,0.25631654,0.4729724,2.07336,2.4572265,0.18774953,0.4005801,0.35861856,1.1084317,0.8024899,2.9575653,0.4757802,0.15577747,Medullary_cords,364.3295211755424
GCGGAGAGGGAGAACG-1,1,46,78,5865,18443.0,5865,4303.8657,Medium-Low,5,2,5,1,0,4,1,1,1179.913556155704,0.6931471805599453,0.17096690833568573,0.36636126119810647,-0.5037049651145935,0.00454323974102194,0.17738698422908783,0.34836241678322527,-0.5624196529388428,0.0012166635993700386,0.003892062231898308,0.9837147833948071,-0.10292582213878632,0.5883460534994353,0.06293847,0.07893868,0.16540024,0.14898764,0.063702665,0.19089662,0.28913572,0.30663913,0.5430988,2.1963823,2.7748919,0.29193905,0.38375404,0.30843315,1.7401065,0.96126556,2.5340152,0.10830907,0.26444006,Medullary_cords,137.00364958642524
GCGGCAAAGTATTGCC-1,1,59,27,7085,30003.0,7085,4144.7812,High,2,1,0,2,5,0,2,4,4895.091929678134,0.8675632284814613,-0.30703574419021606,0.09886410172467552,-0.5921573042869568,0.0005662546929101616,-0.33800432085990906,0.06772224797207219,0.019708510488271713,0.9176686026643386,-0.22397172451019287,0.23412268406654826,0.28995805978775024,0.12011565928241001,0.10550131,0.0,0.1562519,0.28608078,0.20913175,0.0028972512,0.24013703,0.30098277,0.5313603,2.3717904,2.716033,0.29432282,0.47880304,0.22850487,1.7424983,1.1409825,2.5876346,0.1438327,0.46551457,Medullary_cords,137.0
GCGGCTCTGACGTACC-1,1,38,38,4909,14702.0,4909,4034.7732,Low,5,9,3,1,3,6,1,1,3442.0117663947635,1.0114042647073518,-0.0948081985116005,0.6182404375575108,-0.13650017976760864,0.4719862801968365,0.16195842623710632,0.3925206851281,0.31964603066444397,0.08509062828271706,-0.27439436316490173,0.14226906643736,0.12186961621046066,0.5211705014977721,0.22712724,0.19025102,0.0,0.32540143,0.022343481,0.0,0.23487678,0.23708867,0.30989647,2.3632483,2.9244046,0.12973204,0.5403445,0.3019547,1.9252036,0.91845506,1.5377312,0.0,0.2594641,B_cell_zone,0.0
GCGGCTTTAGCAAGTT-1,1,70,78,4626,12785.0,4626,3996.699,Low,1,6,3,6,2,1,7,5,3894.645811880716,0.6931471805599453,0.027534805238246918,0.8851584603720923,-0.14592158794403076,0.44164611341281224,-0.09422443807125092,0.620414210111846,-0.18849067389965057,0.31851418453466257,-0.3094971477985382,0.09605164736919679,0.2364923059940338,0.2083118046837006,0.07446613,0.0,0.06283677,0.08890924,0.12206064,0.35043725,0.30129,0.26216978,0.5252388,2.2359483,2.811076,0.3343985,0.48538786,0.21668619,1.7090433,1.0192745,2.3784695,0.30197874,0.6115236,Medullary_cords,137.55726080436466
GCGGGAACCAGGCCCT-1,1,18,48,6418,22929.0,6418,4309.0576,Medium-High,3,3,0,0,1,5,5,6,3649.5755917640618,0.6365141682948128,-0.0838889479637146,0.6594062806656958,-0.1217675730586052,0.5215220744542574,-0.09528915584087372,0.6164518462913254,0.04670029506087303,0.8064155977738952,-0.24926452338695526,0.18406384167526757,0.3043999969959259,0.10194417248019333,0.13743451,0.0017572348,0.12681946,0.52710706,0.13291092,0.0,0.07397085,0.2525693,0.8926287,1.9913232,2.6390479,0.31871465,0.6718725,0.19506921,1.328875,1.4304633,2.2245667,0.18098886,0.10453095,Medullary_cords,364.00137362378183
GCGGGCAGACGGGTGA-1,1,75,69,5171,18845.0,5171,3572.5544,Medium-Low,2,4,5,2,2,1,3,4,4620.761192704076,0.45056120886630463,-0.15751823782920837,0.40579797572172416,-0.296085923910141,0.11213333727863417,-0.12370744347572327,0.5148583787095768,0.0021703888196498156,0.9909182205792995,0.001649659126996994,0.9930971034698747,0.12824708223342896,0.4994293674502823,0.025419079,0.06557765,0.2329557,0.081738874,0.25633746,0.18460879,0.15336245,0.19684675,0.46700078,1.9639816,2.670683,0.1596403,0.30327362,0.26268795,1.5027568,0.62955,2.8553522,0.49752757,0.56619203,Medullary_cords,365.0
GCGGGCATTACGATGC-1,1,31,119,7347,30032.0,7347,4412.8315,High,1,0,0,1,0,4,0,3,2292.612701700835,1.3862943611198906,-0.4405622184276581,0.01482515147890754,-0.21119362115859985,0.26258722196884166,0.05799142271280289,0.7608295328096237,0.08945953845977783,0.6382734588725415,-0.32537326216697693,0.07934227690342578,0.13433168828487396,0.4791198596799703,0.08921906,0.062292326,0.14720207,0.127599,0.20729981,0.1767122,0.18967548,0.20911798,0.54905653,2.2529778,2.7727504,0.20751357,0.24149606,0.46592012,1.7622653,0.93648875,2.1110742,0.07185599,0.41177523,Medullary_cords,138.42326394071193
GCGGGCGAGCCTTACC-1,1,55,51,5135,15963.0,5135,4015.9248,Medium-Low,2,2,5,2,2,7,2,4,3261.228756159249,0.0,-0.13397972285747528,0.48028292605900363,0.21050536632537842,0.26418178473880166,0.07054523378610611,0.7110577846023125,-0.33450520038604736,0.07079971524334604,-0.35127800703048706,0.05698343543479619,0.46340039372444153,0.00990786322108096,0.06651507,0.0025159814,0.3699366,0.09977797,0.23889305,0.018025156,0.20433627,0.2974019,0.40960127,2.15059,2.3905904,0.22312686,0.28899753,0.599606,1.5382159,1.031111,2.8369129,0.5115929,0.29750246,Medullary_cords,414.77222664976017
GCGGTAACCCAAATGA-1,1,7,23,7523,33291.0,7523,4355.825,High,3,8,2,0,1,5,5,6,5813.956742185136,1.2424533248940002,-0.6895790100097656,2.496476822785823e-05,-0.23098839819431305,0.21940650773383305,0.16603690385818481,0.3805474243627211,-0.06605794280767441,0.728727031353281,-0.3051588237285614,0.10105012271099166,-0.1907525658607483,0.31263427162471963,0.111416586,0.12789837,0.0,0.4941177,0.084393874,0.0,0.18217349,0.24003467,0.84762627,1.9407487,2.7149022,0.2421005,0.5385265,0.3267387,1.5019776,1.420589,1.5432193,0.13133231,0.20994313,Medullary_cords,138.0
GCGGTCCCTAGACGCA-1,1,13,45,6197,21171.0,6197,4310.918,Medium-High,3,8,0,0,1,5,0,3,4210.137527444917,0.45056120886630463,0.08136679232120514,0.6690608592517417,0.16553668677806854,0.3820043964853285,-0.32936716079711914,0.07551366584755212,-0.24393954873085022,0.19392089821908384,0.030000407248735428,0.8749516943527521,-0.2902520000934601,0.11972342039949592,0.08318783,0.075507924,0.09655781,0.22699843,0.2437295,0.19145846,0.08255995,0.39336893,0.75792384,1.9398254,2.6472888,0.20703155,0.68325233,0.55315864,1.5504832,1.1734991,2.3202696,0.16627546,0.30427822,Medullary_cords,630.7154667518469
GCGGTCTTGCTTTCAC-1,1,72,82,5024,14325.0,5024,4150.217,Low,1,6,3,6,2,1,7,5,4093.8838527735493,0.6365141682948128,-0.215486541390419,0.25278327903898545,0.05818400904536247,0.7600583000836618,0.03343233838677406,0.8607776670096755,-0.1072143092751503,0.5728127072015982,0.012613896280527115,0.9472536808502642,0.3515012562274933,0.05681502447864638,0.06414821,0.0,0.0,0.19034983,0.28843853,0.0,0.4570634,0.1323746,0.745217,2.2680614,2.967171,0.20738012,0.53508055,0.1985619,1.8173919,1.1300969,2.0788307,0.1323746,0.41042015,Medullary_cords,0.0
GCGGTGAACTGCGCTC-1,1,20,94,7348,29416.0,7348,4471.471,High,1,5,3,6,4,2,7,5,2195.2478220009693,0.45056120886630463,-0.5493602752685547,0.0016651991365828724,-0.38332268595695496,0.03653191298668845,0.0790734514594078,0.6778847261944441,0.5437030792236328,0.0019002795976736132,0.13630469143390656,0.4726270904420486,0.14972083270549774,0.4297172000053024,0.02730875,0.040579192,0.053759295,0.112715885,0.1777427,0.18908544,0.39880872,0.39215216,0.5249205,2.0358837,2.9167805,0.17458926,0.80478895,0.16104499,1.5148227,0.9970572,1.9487121,0.20285335,0.6675536,Medullary_cords,275.0018181758077
GCGGTTCCCTATCATG-1,1,47,49,5191,14213.0,5191,4311.3765,Low,5,9,0,1,3,7,1,1,2893.155543692734,1.0114042647073518,-0.12483467161655426,0.511005518481809,-0.2586666941642761,0.1675260441797411,0.010639987885951996,0.9554989369628386,0.23388350009918213,0.21352167038628986,-0.4407823085784912,0.014769528636451567,0.09185516834259033,0.629268818036961,0.10259913,0.09711405,0.0,0.233867,0.10269625,0.27334923,0.1903743,0.449587,0.64951175,2.306458,2.7579727,0.13318315,0.7027247,0.49465305,2.0296113,1.3568301,1.8209208,0.13318315,0.2779324,B_cell_zone,0.0
GCGTAAATGGCCATAA-1,1,34,102,7425,29303.0,7425,4524.1646,High,3,0,7,0,0,4,5,6,1076.4432172669397,1.0114042647073518,-0.6434794068336487,0.00012509082865853137,-0.17344088852405548,0.35936150854436555,0.6013163924217224,0.00044067170635833663,-0.21811345219612122,0.24690456046924672,-0.674983561038971,4.2863369301378546e-05,0.00958898477256298,0.9598909957171364,0.05881901,0.0,0.0,0.32002157,0.29642147,0.16235283,0.16238512,0.39816067,0.8846636,1.8515533,2.6042113,0.22658512,0.6987555,0.48736843,1.4445362,1.4663899,1.83036,0.22023427,0.4693609,Medullary_cords,238.40302011509837
GCGTCCAGCTCGTGGC-1,1,3,35,5042,14517.0,5042,4116.8354,Low,3,8,2,0,1,5,5,6,5556.838399665767,0.6365141682948128,-0.6917026042938232,2.3017232642204197e-05,-0.08782316744327545,0.6444534367106673,0.23225656151771545,0.21681533062744388,0.048816170543432236,0.7978207459598291,-0.4005012512207031,0.02829629860464985,0.1215277910232544,0.5223486578738844,0.06031582,0.0,0.09549007,0.30450514,0.10907319,0.0,0.43061584,0.10826644,0.76149863,1.6307683,2.485166,0.0,0.4367369,0.48761332,0.9749293,0.9877814,1.8578866,0.13101159,0.08734106,Medullary_cords,238.76766950322232
GCGTCCCTAAGACATA-1,1,64,42,5101,15148.0,5101,4113.52,Low,5,4,4,1,5,0,1,1,4441.414752080693,1.0114042647073518,-0.48784053325653076,0.006243563571309847,-0.03127935528755188,0.8696649098039255,0.160405695438385,0.3971351609834987,-0.11530178040266037,0.5440313654914948,-0.30076825618743896,0.10630567100774277,-0.1800413280725479,0.3410789924404372,0.11192258,0.24825762,0.0,0.26685682,0.37296298,0.0,0.0,0.12673402,0.68666166,2.333083,2.9944158,0.0,0.33639735,0.35868514,2.0314927,1.1225163,1.8093779,0.0,0.084489346,B_cell_zone,0.0
GCGTCGAAATGTCGGT-1,1,17,65,5793,18487.0,5793,4275.8994,Medium-Low,1,3,4,6,6,3,7,1,2971.538658674997,0.6365141682948128,-0.27220115065574646,0.14561447719462967,-0.10752051323652267,0.571710682722236,0.14761076867580414,0.4363204227464606,0.028688106685876846,0.880381835983795,-0.5101195573806763,0.003978095005463642,-0.10736829787492752,0.572258384911539,0.14027205,0.0035626688,0.1501369,0.091274545,0.1719955,0.04265657,0.4001017,0.18332021,0.53597766,2.2780194,2.9234324,0.0,0.67471874,0.10809976,1.7209435,0.781715,1.8497455,0.45726487,0.47720373,Medullary_cords,137.55726080436466
GCGTCGCCAGGGTGAT-1,1,54,62,4661,12640.0,4661,4064.2786,Low,2,2,0,2,2,7,0,3,2622.301660755299,0.0,-0.3587818443775177,0.051534017099426864,-0.06657721102237701,0.7266751669268153,-0.05332132801413536,0.779598595756774,0.34296080470085144,0.06354220347865122,-0.09083876013755798,0.6330830059700663,-0.2170836329460144,0.2491982909840513,0.07648597,0.0016794589,0.20748028,0.13282941,0.0,0.28783378,0.29369104,0.43955952,0.23493063,2.1885095,2.8907173,0.07285648,0.6226328,0.48914427,1.4186449,0.9617115,2.2362332,0.382881,0.44953793,Medullary_cords,496.47255714691823
GCGTCGTAACATGGTC-1,1,74,76,2499,5750.0,2499,3148.9055,Low,2,6,5,2,2,1,2,4,4390.309897945702,0.8675632284814613,-0.3906499147415161,0.03281032356281335,0.31035086512565613,0.09509044191950962,0.33250778913497925,0.07260438497556054,-0.1425091028213501,0.4525116132306748,-0.23176799714565277,0.2178111146902912,0.3152923882007599,0.08966917005305167,0.083938465,0.0,0.07969122,0.029563837,0.08159252,0.0,0.725214,0.18742123,0.39054132,2.2310953,2.6068304,0.12596887,0.37790662,0.12596887,1.4880865,0.66774845,2.2263284,0.25193775,0.1679585,Medullary_cords,138.42326394071193
GCGTCTCTGCATTGGG-1,1,39,41,4648,13225.0,4648,4005.3906,Low,5,9,7,1,3,6,1,1,3237.5313125898874,1.3296613488547582,-0.0030503992456942797,0.9872361572615242,0.12760576605796814,0.501594851688471,0.07988326251506805,0.6747640480997527,0.1863531470298767,0.3241332712150656,-0.027422253042459488,0.885624831475889,0.06487739831209183,0.7333987203793797,0.10084274,0.10771644,0.010261563,0.10193657,0.13189787,0.2979589,0.24938583,0.25594312,0.5991781,2.2170959,3.0664837,0.070394106,0.4300026,0.2559431,1.6344297,0.7872704,1.7743721,0.0,0.38511136,Medullary_cords,137.92751719653333
GCGTGGTACTGGGTTA-1,1,35,95,5428,16547.0,5428,4224.4604,Medium-Low,3,0,2,0,0,4,5,6,600.800299600458,0.0,0.17569158971309662,0.35306302285033253,-0.2188737392425537,0.2452201605216848,0.02724193036556244,0.8863720942498567,-0.20600691437721252,0.2747590775126143,-0.13423770666122437,0.4794302787458842,0.06531715393066406,0.7316574040420447,0.037591927,0.0002492679,0.059716787,0.3354586,0.20958403,0.21696958,0.1404298,0.29188666,0.8672122,1.6655462,2.6166441,0.25718755,0.7663035,0.1292822,1.0406628,1.4348658,1.7200117,0.31627655,0.34291676,Medullary_cords,601.4000332557357
GCGTGTATGTCGTATT-1,1,3,61,5245,16000.0,5245,4217.125,Medium-Low,4,5,1,4,6,5,4,7,4585.2077379329285,0.0,0.3720535337924957,0.04291174371077297,0.12730616331100464,0.5026081056012479,-0.21040189266204834,0.26442205912478944,0.03027402050793171,0.8738202082797905,0.004841696470975876,0.9797420397038452,0.11827300488948822,0.5336312099839604,0.19192591,0.17570601,0.09001777,0.14887594,0.3854921,0.0,0.007982198,0.10137062,0.19800317,2.1491032,2.5036566,0.06069148,0.35476527,1.0859088,1.5970328,0.79833543,1.8499107,0.12138296,0.13516083,Medullary_cords,138.06158046321215
GCGTTATATTTGGAAC-1,1,31,13,6372,23076.0,6372,4310.918,Medium-High,0,7,7,4,3,6,4,0,5230.63103267665,0.9743147528693494,-0.2600697875022888,0.16515169031738314,0.1724545806646347,0.3621425384244325,0.03092685341835022,0.871121506104699,-0.18043725192546844,0.34000054967688137,-0.3047841489315033,0.10149082391314547,-0.3443606495857239,0.06239890744063848,0.14537731,0.22794193,0.123405285,0.2010779,0.22150138,0.018390637,0.062305544,0.24604693,0.41682836,2.3509762,2.9614804,0.13500556,0.5102837,0.55058616,2.1950245,0.9920841,1.8104272,0.15604322,0.2680601,B_cell_zone,0.0
GCTAAACCTGAGGTGA-1,1,23,23,7039,26101.0,7039,4514.716,High,3,11,2,0,1,6,5,6,4821.95364971502,0.0,-0.3742033839225769,0.0416305224795951,0.3326316773891449,0.07249142661842692,-0.05332764983177185,0.7795731035491127,-0.5620647668838501,0.001227292818077178,-0.45880401134490967,0.010767982447439704,0.16855977475643158,0.37324842667307445,0.01291895,0.0,0.07978055,0.2380233,0.19756204,0.12843485,0.34328032,0.36804962,1.0268047,1.6523693,2.630894,0.19724357,0.71011525,0.2859632,1.035952,1.4620135,1.948989,0.08108939,0.52345335,Medullary_cords,239.26763257908496
GCTAACTGAAGTCTGA-1,1,58,88,7631,31992.0,7631,4473.072,High,1,6,0,3,2,1,0,3,2396.0075125090907,0.6365141682948128,-0.2785378098487854,0.1361017121108253,0.07204313576221466,0.7051916152686016,0.3281654417514801,0.07665034347743303,0.24755974113941193,0.18718059670265486,-0.15459594130516052,0.4146729164088173,0.12393157184123993,0.514091174496473,0.036072314,0.0025678598,0.083479084,0.14350852,0.037267756,0.2671018,0.43000266,0.37193316,0.6174656,2.0699549,2.9175496,0.23809591,0.5753529,0.44511583,1.4834764,1.2276736,1.7703552,0.23338383,0.71810526,Medullary_cords,238.76766950322232
GCTAAGTAAAGGCGAT-1,1,27,13,6660,27239.0,6660,4057.1326,High,2,11,0,2,3,6,0,4,5328.281242577197,1.0986122886681096,-0.027157090604305267,0.8867237059355483,0.26793166995048523,0.15228949881070375,-0.1161402016878128,0.5410870231997383,0.0032363515347242355,0.9864581422120277,-0.5545769929885864,0.0014712434694039516,-0.21086624264717102,0.26334491397749205,0.082239255,0.064467415,0.27836525,0.18528749,0.06012747,0.13375975,0.19575332,0.50435024,0.5118904,2.233476,2.669702,0.18608631,0.58933336,0.4707629,1.610523,1.002167,2.8490057,0.1376425,0.34959123,Medullary_cords,239.0
GCTAAGTAGTTTCTCT-1,1,34,80,4177,10012.0,4177,4010.1982,Low,2,0,0,1,4,2,1,3,729.5430076424556,0.8675632284814612,0.1504720151424408,0.4273797711530336,0.26125696301460266,0.1631614965239323,0.051631104201078415,0.7864222429555793,0.20051245391368866,0.28804396559059975,-0.046129439026117325,0.8087382948233816,0.07905340194702148,0.6779620553203888,0.07348562,0.0,0.24705404,0.3450265,0.33443385,0.0,0.0,0.22383878,0.8846059,1.955063,2.7369442,0.31042594,0.48362845,0.17317437,1.0480251,1.0284572,2.5276403,0.17317437,0.34634873,Medullary_cords,138.00362314084367
GCTAATACCGAATGCC-1,1,21,47,6061,19555.0,6061,4359.6465,Medium-Low,3,3,0,0,1,5,0,3,3479.7657967167847,0.6931471805599453,-0.6085167527198792,0.0003598873632990798,-0.3222915530204773,0.08239704781331808,-0.01836557313799858,0.9232616785609815,0.24541357159614563,0.19115643880578226,0.14698658883571625,0.43828426455964115,0.27470332384109497,0.14180231451810413,0.05073623,0.0,0.28289485,0.36025834,0.14705677,0.004998826,0.15405498,0.27794594,0.8331765,1.7461405,2.872179,0.2945686,0.66612834,0.3956023,1.3032722,1.5003026,2.3562043,0.20651096,0.44006008,Medullary_cords,138.0
GCTACAATCGAGGATA-1,1,62,104,6581,26012.0,6581,4072.9067,High,5,13,3,1,7,1,1,1,3078.67909987384,0.0,-0.07061134278774261,0.7107985403994863,0.0225746501237154,0.905744883711281,0.21285958588123322,0.2587535367673505,-0.09686063230037689,0.610622846128558,-0.2657220661640167,0.1558292133891971,0.15068155527114868,0.42672900343597975,0.12486979,0.0,0.22481784,0.0897027,0.13418083,0.19929683,0.22713196,0.1632429,0.3046924,2.2226014,2.7145855,0.08132623,0.46364617,0.3679924,1.7840044,0.78165334,2.3851619,0.16265246,0.27711576,Medullary_cords,238.40302011509837
GCTACACTGTCCGAAC-1,1,2,20,7174,32059.0,7174,4312.2324,High,4,8,1,4,1,5,4,7,6363.605974602764,0.5623351446188083,-0.4238988161087036,0.019573417511773335,-0.35845574736595154,0.05176193017903508,-0.005747567396610975,0.9759528187202152,0.05307162180542946,0.7806056943836028,-0.24260945618152618,0.19643912427370752,0.20200490951538086,0.28439559725621183,0.23233348,0.0,0.25170204,0.09102369,0.18300258,0.0145285465,0.2274097,0.08256345,0.4954784,2.1312978,2.5722346,0.12847383,0.3681761,0.89350367,1.8635943,0.7679287,1.8226728,0.2036216,0.28269264,B_cell_zone,0.0
GCTACAGTACGGACCG-1,1,40,14,6432,23992.0,6432,4186.514,Medium-High,1,7,3,6,3,6,3,5,5099.230628241872,0.6365141682948128,-0.20740003883838654,0.2714546079850091,0.25664249062538147,0.17099400516555732,-0.1006854921579361,0.5965331808927354,0.21613094210624695,0.25133272911952736,-0.28662195801734924,0.12463427481753557,-0.20492571592330933,0.27734147942182374,0.08498386,0.11788984,0.07124798,0.095495045,0.075204544,0.0140351,0.54114354,0.23867303,0.40150854,2.29621,2.910705,0.16288711,0.4209017,0.3400625,1.8175209,0.87310845,1.9409666,0.0,0.6171933,Medullary_cords,0.0
GCTACGACTTATTGGG-1,1,43,69,4197,10058.0,4197,4132.419,Low,4,2,1,4,0,7,4,7,1438.0681485938,0.0,-0.22911815345287323,0.2232660968533514,-0.29510292410850525,0.11338645094737344,-0.09697636216878891,0.6101944902647027,0.07777401059865952,0.6829031514060379,-0.1628376990556717,0.389921310076437,-0.02138124406337738,0.9107074015744879,0.20265852,0.0,0.21837766,0.27145094,0.05371289,0.0,0.25379997,0.13684507,0.45334378,2.036599,2.7155812,0.17256494,0.25884742,1.0559235,1.8107692,0.8629031,2.1253827,0.0,0.2300866,Medullary_cords,137.0
GCTACTATAGTAGAGT-1,1,50,94,5820,22405.0,5820,3744.0166,Medium-High,2,10,0,2,0,4,2,4,1496.2813906481629,0.45056120886630463,-0.1692611277103424,0.37123397596432245,0.21991802752017975,0.24291900965602325,0.1150948777794838,0.5447591165200995,0.09595654904842377,0.613973497120242,-0.32636404037475586,0.0783788805308522,-0.1291048228740692,0.4965404529492025,0.12069493,0.0,0.31983367,0.3395252,0.0,0.0057224315,0.2142238,0.3398583,0.5357149,2.0987208,2.3395302,0.17200491,0.5850751,0.23064286,1.1919467,1.0356432,2.6815257,0.0,0.36333364,Medullary_cords,239.26763257908496
GCTAGACCGTCTACTG-1,1,42,104,5607,18340.0,5607,4146.5957,Medium-Low,5,10,0,1,0,4,1,1,1201.7229297970478,1.0114042647073518,-0.29974591732025146,0.1075582885373655,0.04338181018829346,0.819939806643399,-0.24306407570838928,0.19557587278619784,-0.11060213297605515,0.5606734055229083,0.16520582139492035,0.38296987563835055,0.3069817125797272,0.09892652858135692,0.09162422,0.08622558,0.08922981,0.15815498,0.288774,0.0,0.28599143,0.2903042,0.5353012,2.3124282,2.8976727,0.16320337,0.6105115,0.23876056,1.86185,1.0995865,2.2892003,0.10880225,0.41211528,Medullary_cords,0.0
GCTAGAGTAGAGATGT-1,1,56,96,6544,22734.0,6544,4392.6294,Medium-High,0,10,7,4,0,4,4,0,2225.5698146766817,1.3296613488547582,0.3221924304962158,0.08249677819352513,0.28094521164894104,0.13260924535368937,0.023398030549287796,0.9023230522975475,0.19149596989154816,0.310716607320452,0.19904692471027374,0.29165540830974185,0.02977687120437622,0.8758762732210914,0.15057626,0.0,0.09188269,0.2489233,0.29275644,0.022798125,0.19306326,0.17573419,0.5443863,2.0471382,2.8353436,0.29449058,0.7260625,0.61393005,1.9749572,1.0713413,2.0518968,0.18227634,0.51978457,Medullary_cords,0.0
GCTAGCAACGCACCTA-1,1,76,98,4751,13197.0,4751,4040.6423,Low,1,6,3,5,2,1,3,5,4603.531253288067,0.0,-0.05926208198070526,0.7557452230667056,0.3654220998287201,0.047063259725235534,0.3566354215145111,0.053048856034423546,-0.4660435914993286,0.00943997157766486,-0.5674883127212524,0.0010733803649067123,0.2666410207748413,0.15434998031387215,0.07833685,0.0,0.17186718,0.061088014,0.06824682,0.2413508,0.3791104,0.24480057,0.4120623,2.2642963,2.7158253,0.14104103,0.57890165,0.35260257,1.4338146,0.61809343,2.4968336,0.0,0.5992436,Medullary_cords,276.0018115882575
GCTAGCAGGGAGTGGG-1,1,15,101,6074,21363.0,6074,4135.489,Medium-High,1,12,3,5,4,3,3,5,2896.4794147378298,0.0,0.0748506411910057,0.6942414398511767,-0.0708870217204094,0.7097178159880526,-0.2851487994194031,0.12666899842020024,-0.1685830056667328,0.3731815997782435,0.011823683977127075,0.9505539000525124,0.11937302350997925,0.5298050695035313,0.08475798,0.0038040837,0.2015537,0.18372406,0.2164529,0.0,0.30970725,0.21515356,0.48134226,1.9922557,2.8182998,0.13058683,0.6621356,0.45446435,1.4234157,1.0322237,2.1468017,0.48048806,0.17411579,Medullary_cords,477.6703884479338
GCTAGCGATAGGTCTT-1,1,66,24,6646,25447.0,6646,4299.009,High,3,1,2,0,5,0,5,6,5536.8613852976305,0.0,-0.43947383761405945,0.015102785134734568,0.15422041714191437,0.41582118192416173,-0.20299643278121948,0.2819881948477368,-0.060513440519571304,0.7507478940162028,0.07559774070978165,0.6913375386506123,0.34104570746421814,0.06513273559028193,0.03883909,0.0017038058,0.07257954,0.41681185,0.13704301,0.3330227,0.0,0.17729345,1.0395242,1.4153538,2.3963275,0.15951923,0.6924013,0.3666535,1.0246539,1.4990237,1.6922525,0.08286573,0.45572323,Medullary_cords,414.77222664976017
GCTAGCTTGAATAGCT-1,1,52,44,5910,19373.0,5910,4186.2266,Medium-Low,1,9,5,3,5,7,6,3,3462.636278906579,0.45056120886630463,0.034023214131593704,0.858341471528867,-0.34647130966186523,0.06070553817389087,0.07379623502492905,0.6983470328003148,0.15981903672218323,0.3988866358013132,-0.20321473479270935,0.28145992131857234,0.08524534106254578,0.6542361045889585,0.026178638,0.051737923,0.20493434,0.012997177,0.0,0.30037475,0.40377718,0.42295322,0.4169702,2.3605428,2.6266851,0.20809777,0.57423025,0.29674777,1.4233527,0.8129144,2.7328322,0.9811287,0.7332805,Medullary_cords,689.0029027515051
GCTAGGCACCACGGAG-1,1,54,84,5364,16960.0,5364,4053.0076,Medium-Low,2,6,5,2,0,4,2,4,1935.920711186282,0.45056120886630463,-0.0275669414550066,0.8850253076891009,0.26882317662239075,0.15087783903700214,-0.22585350275039673,0.23011275867280195,0.15029142796993256,0.42794105793935655,-0.16233250498771667,0.39141359290655303,0.05545451119542122,0.7710095867245716,0.020505156,0.0,0.30277127,0.21592046,0.27280936,0.04814597,0.13984776,0.21793619,0.340623,2.0211234,2.555304,0.17381945,0.43794182,0.6231911,1.1573526,0.9194497,2.8391793,0.23175927,0.94240665,Medullary_cords,479.00417534714666
GCTAGTAGAGCTTGTA-1,1,39,65,2780,6410.0,2780,3347.6646,Low,5,2,3,5,0,7,3,5,1587.8491741976,0.45056120886630463,0.03229489177465439,0.8654708967290521,-0.1022733673453331,0.5907253343775476,0.2388649880886078,0.20364971277832358,0.18464218080043793,0.3286747049331957,-0.2402365356683731,0.2009877457210979,-0.13853684067726135,0.46533711301057984,0.06196998,0.16799441,0.07876902,0.20075436,0.11459043,0.0009881487,0.37493366,0.23500791,0.62798464,2.195613,2.657954,0.23500791,0.29448938,0.47001582,1.8853841,1.0956612,2.0719264,0.0,0.5493245,Medullary_cords,0.0
GCTAGTTTCATTGAGG-1,1,17,37,6083,20601.0,6083,4254.783,Medium-High,3,11,2,0,1,5,5,6,4319.0667973533355,0.0,-0.18940293788909912,0.31613452030362255,0.06533128023147583,0.7316014892143426,0.11211510747671127,0.5552904234869912,0.09035608172416687,0.6348975540533522,0.008689616806805134,0.9636503019768846,0.20700323581695557,0.272393186334208,0.03582401,0.07337967,0.08646436,0.45198536,0.09555548,0.0,0.25679106,0.21998957,1.0639443,1.5898671,2.4535782,0.19785447,0.7013071,0.44446033,0.91624963,1.7974339,2.1552043,0.0,0.21572825,Medullary_cords,497.1810535408605
GCTATACGTCTCGGAC-1,1,52,88,4714,13673.0,4714,3904.9897,Low,2,10,5,2,0,4,2,4,1677.0047704165902,0.45056120886630463,0.014530887827277184,0.939251273877022,0.09614844620227814,0.6132616608084199,0.12349791824817657,0.5155761037055714,0.20489026606082916,0.2774264137739813,-0.2051171064376831,0.27688321596760035,-0.2212028056383133,0.24010767081312534,0.02735809,0.0,0.25132865,0.1140754,0.2576718,0.0,0.34956607,0.31850117,0.44424385,2.0772443,2.666919,0.068614006,0.43909568,0.27445602,1.2173568,0.92013496,2.8098812,0.56478274,0.47425342,Medullary_cords,365.0986168146902
GCTATCATACTCATGG-1,1,54,78,4283,10530.0,4283,4007.1633,Low,2,6,5,3,2,4,6,4,2035.979616793842,0.0,-0.2036975920200348,0.28029370140616744,0.07356876879930496,0.6992338290212532,-0.41375797986984253,0.023032828892803486,-0.07077078521251678,0.7101734224955418,0.11135052889585495,0.5580077183212233,-0.09336817264556885,0.6236083950154543,0.031551596,0.0029170283,0.12088542,0.1802816,0.29974714,0.0022852763,0.36233202,0.3645373,0.7271812,2.0700712,2.7199664,0.25038946,0.43306223,0.2519487,1.189079,1.3212398,2.4954562,0.26613593,0.3548479,Medullary_cords,364.6601157242179
GCTATCGCGGCGCAAC-1,1,20,24,7060,31133.0,7060,4056.0603,High,2,11,0,2,1,5,2,4,4904.890008960446,0.8675632284814613,-0.20441018044948578,0.27857830015290935,-0.0033124107867479324,0.9861399175851724,-0.3087505102157593,0.09689829911065738,-0.3013814389705658,0.105559633166134,-0.4527818560600281,0.011989043547888881,0.06510402262210846,0.7325011852972255,0.11488303,0.0,0.22464454,0.28287694,0.31706068,0.0,0.060534757,0.3255315,0.70357203,2.1721683,2.6231194,0.25845063,0.5925317,0.31930462,1.3285555,1.0712101,2.7582953,0.0696395,0.16539562,Medullary_cords,275.0018181758077
GCTCAATCCGTTTATT-1,1,53,35,5642,20367.0,5642,3810.5405,Medium-High,2,9,5,2,5,0,2,4,4066.9856159076835,0.0,-0.0417536236345768,0.8265941569456954,-0.30896908044815063,0.09664986911852869,0.11503610759973526,0.5449659157294385,-0.13966870307922363,0.46166327149653097,-0.22766104340553284,0.22630473937560855,0.38397976756095886,0.036184893776462404,0.054851834,0.0,0.3888461,0.33059084,0.13591617,0.0,0.08979501,0.34115317,0.5516542,2.0101542,2.6348035,0.1631076,0.55508596,0.17102416,1.1630725,1.2476647,2.9137087,0.22635506,0.32065085,Medullary_cords,238.76766950322232
GCTCAATGTAATACCG-1,1,62,58,6875,24446.0,6875,4474.586,Medium-High,5,4,4,1,2,1,1,1,3539.7406684671123,0.6365141682948128,-0.010319875553250313,0.9568365316017752,-0.04718949273228645,0.8044264346107447,0.12798628211021423,0.5003094250727789,-0.3629055619239807,0.04871982208405748,-0.5808344483375549,0.0007642280170201549,0.48504120111465454,0.0065937691181276,0.10453847,0.07650954,0.04353093,0.16503169,0.31682485,0.0,0.2935645,0.26412874,0.6035916,2.3532262,3.0286913,0.3352765,0.6434226,0.3388548,1.7192764,0.8950559,2.0249984,0.32091522,0.29024625,Medullary_cords,137.92751719653333
GCTCATTACTGCATGT-1,1,13,93,6530,23862.0,6530,4434.187,Medium-High,0,5,7,7,4,3,8,2,3013.9001310594217,1.0114042647073518,-0.3512180745601654,0.05702871302769641,-0.10019023716449738,0.5983496501170728,0.3123592734336853,0.09285789240806744,-0.10417645424604416,0.5837971672607206,-0.2515697181224823,0.17990740742139516,-0.0756111741065979,0.6912853634914883,0.20564336,0.0,0.17208399,0.31152365,0.31074896,0.0,0.0,0.37011543,0.63951486,2.1093009,2.7915113,0.08751083,1.9151831,0.837352,1.9323736,1.120403,1.8948509,0.1522046,0.116681114,B_cell_zone,0.0
GCTCATTGATCATATC-1,1,74,48,3964,10064.0,3964,3785.5706,Low,2,4,0,2,5,0,2,4,5116.425510060711,0.8675632284814613,-0.21349917352199554,0.2572915206775627,0.08141571283340454,0.6688730971919529,-0.3435155153274536,0.06308721412409116,-0.13502496480941772,0.47683319191191437,0.10130850970745087,0.5942514889593595,0.01441996730864048,0.9397141566491007,0.06690615,0.12964793,0.07570665,0.31556514,0.22746004,0.0,0.18471405,0.20054218,0.7851774,2.0699134,2.5210009,0.086245306,0.44608152,0.48177668,1.2448131,1.5733769,2.706375,0.0,0.18239395,Medullary_cords,137.92751719653333
GCTCCATGCAAAGCAA-1,1,69,55,6719,26438.0,6719,4188.2324,High,1,4,0,3,2,1,6,3,4352.884675706445,0.6365141682948128,-0.2523074746131897,0.17859121594178595,0.09817801415920258,0.6057542421622225,-0.1688547134399414,0.3724005152014211,-0.2286350429058075,0.22427049723665443,0.29824933409690857,0.10941184881345219,-0.008767254650592804,0.9633257490079561,0.046796985,0.05504518,0.22182593,0.12191651,0.0632496,0.14025435,0.35091138,0.36743033,0.56628436,2.2603083,2.8326185,0.42382315,0.43863493,0.29313117,1.4827559,0.97457445,2.4818573,0.7168546,0.4808171,Medullary_cords,498.89477848540366
GCTCCCAGTCGGTCCA-1,1,43,109,6070,24265.0,6070,3798.9504,Medium-High,2,10,5,2,0,4,2,4,1564.9361009319198,0.0,-0.3210606575012207,0.08364205791299344,0.026623575016856194,0.8889352995793297,-0.20014716684818268,0.28894144820982487,0.027777962386608124,0.8841510433687071,0.08727575838565826,0.646526023265952,0.15199483931064606,0.4226628012656709,0.083003916,0.0,0.41329688,0.20760587,0.091364354,0.0,0.20472895,0.3356099,0.72059894,2.067832,2.4413638,0.33064008,0.525084,0.118288755,1.183025,1.0579016,3.519859,0.2588351,0.35900015,Medullary_cords,275.0
GCTCCGCTCGCTTCAG-1,1,42,112,6359,23673.0,6359,4122.2637,Medium-High,2,10,5,2,0,4,2,4,1720.8547294876462,0.0,-0.3896379768848419,0.03330523837604712,0.17683112621307373,0.3498994133654579,-0.056151919066905975,0.7682072496651059,0.14830856025218964,0.4341306650129717,-0.07513875514268875,0.6931210643538128,0.1632382720708847,0.3887403931485564,0.106466606,0.0026956194,0.34796372,0.1772985,0.36557558,0.0,0.0,0.42382607,0.6615427,2.295233,2.7839198,0.42314392,0.8038733,0.34390393,1.6242828,0.9796816,2.9016533,0.5400904,0.4318743,Medullary_cords,496.9557324349926
GCTCCTGACATACTGG-1,1,56,32,5369,18691.0,5369,3790.8152,Medium-Low,2,9,5,2,5,0,2,4,4416.600163021326,0.0,0.013328218832612038,0.9442711399206066,0.08330733329057693,0.6616279645215387,-0.1122126653790474,0.5549441450417976,0.13682569563388824,0.4709202450921278,-0.3152191638946533,0.08974774774685547,-0.086458720266819,0.6496242972891615,0.050048698,0.073885486,0.25490496,0.13961409,0.23578653,0.00327187,0.24248843,0.4072398,0.52559936,2.3331442,2.5296988,0.21428001,0.49967283,0.3177747,1.5033208,1.0149754,3.0619495,0.42126942,0.4021117,Medullary_cords,276.0
GCTCGACCGAACTGAA-1,1,1,115,5385,18175.0,5385,3960.3442,Medium-Low,5,12,3,5,6,3,3,1,4805.538471389028,0.0,0.20777297019958496,0.270574405343252,0.278655469417572,0.13592947692169785,-0.3173796236515045,0.08745127696849615,-0.2977476119995117,0.11003855614105473,-0.38290655612945557,0.03675306243330558,0.07793143391609192,0.6822944734551407,0.1617807,0.0015548966,0.04718858,0.15631352,0.48012936,0.0,0.15303296,0.3958581,0.57716215,2.3221211,2.9713485,0.09277033,0.7328615,0.40474445,1.9131479,0.9431645,2.1421394,0.0,0.26982963,Medullary_cords,0.0
GCTCGCGGTTCCGCTC-1,1,25,13,6702,25468.0,6702,4327.9175,High,0,11,0,1,3,6,1,0,5391.798586742647,1.3321790402101223,-0.10412900149822235,0.583969482729314,0.2614603638648987,0.16282223571935894,-0.0016419477760791779,0.993129370384877,-0.007873892784118652,0.9670606442178398,-0.6742292046546936,4.404209087567017e-05,-0.210017129778862,0.2653167591389182,0.13652202,0.0811019,0.053698186,0.2657058,0.26199102,0.01828913,0.18269202,0.18629752,0.6892821,2.349607,2.8669899,0.041401017,0.4885829,0.48150164,1.946703,1.2435281,2.0204618,0.31050056,0.336731,Medullary_cords,0.0
GCTCGCTCATGTCCAA-1,1,41,99,5216,14574.0,5216,4251.768,Low,3,10,0,0,0,4,0,3,838.2887330747086,0.6365141682948128,-0.588394820690155,0.0006263399621491283,0.20314261317253113,0.28163437964995147,-0.6115251779556274,0.00033021053671881127,0.051438551396131516,0.7872005980089609,0.40761175751686096,0.025363291023204615,-0.1604187935590744,0.3970961065407279,0.09205003,0.0,0.1372905,0.35967976,0.1814132,0.0,0.22956645,0.6422617,0.64010227,2.1466246,2.6599758,0.13061945,0.7828792,0.17329755,1.32378,1.43064,2.458526,0.39185834,0.41738972,Medullary_cords,238.76766950322232
GCTCGGAATTTAAAGC-1,1,22,84,6188,20018.0,6188,4456.9746,Medium-Low,5,5,4,1,4,2,1,1,1935.3617232961903,1.3296613488547582,-0.3164469003677368,0.08843715951338786,-0.08588805049657822,0.6517917293091987,0.012810083106160164,0.9464344624778651,-0.19773688912391663,0.2949079123045521,-0.18386384844779968,0.3307534776179854,0.24694512784481049,0.18831323876721198,0.12421976,0.18288893,0.048505448,0.28542447,0.28835237,0.0,0.07060903,0.2744938,0.5577745,2.227327,2.9199913,0.20258266,0.8777394,0.39505798,1.6235493,1.1267035,1.9329498,0.0,0.2876803,Medullary_cords,137.05838172107534
GCTCTAAACCCTGACG-1,1,24,58,6182,20637.0,6182,4384.4575,Medium-High,5,3,4,1,1,2,1,1,2660.1400339079896,0.6365141682948128,-0.13505809009075165,0.4767240747769928,0.14145609736442566,0.45589300263666666,0.24194562435150146,0.1977043696920251,0.14500759541988373,0.44454237132364377,-0.2609453499317169,0.1636822256036017,-0.2407427430152893,0.20001136376148293,0.16922997,0.002449856,0.0,0.18702674,0.27782178,0.0,0.36347166,0.21098034,0.41425642,2.3241537,2.957556,0.098780714,0.8445615,0.2956795,2.0510283,0.9627457,1.8436158,0.19756143,0.40263954,B_cell_zone,0.0
GCTCTATGTTACGTGC-1,1,26,40,5345,15848.0,5345,4258.4033,Low,5,3,4,1,1,2,1,1,3602.539382158091,0.0,0.2581884562969208,0.16834084169243443,-0.07012254744768143,0.7127160803922148,-0.022822871804237366,0.9047131389249887,-0.175532266497612,0.35350669811069035,-0.5734766125679016,0.0009232763720975119,0.19892792403697968,0.29194991366809786,0.22408703,0.003048476,0.09955511,0.07665899,0.15433308,0.0,0.44231734,0.19393477,0.462483,2.3984814,2.9514775,0.06114874,0.6425909,0.24459496,2.3862352,0.87113893,2.053039,0.24459496,0.25857973,B_cell_zone,0.0
GCTCTCGGGTACCGAA-1,1,26,58,5800,18783.0,5800,4268.234,Medium-Low,5,3,4,1,1,2,1,1,2515.4021547259595,0.6365141682948128,-0.15215343236923218,0.4221732203685916,0.2917614281177521,0.11772413767683688,0.4163190722465515,0.022115079146346864,-0.10866671800613403,0.5675939898871645,-0.11922785639762878,0.5303092411316754,0.06801298260688782,0.7210114593748798,0.115782715,0.15437002,0.05111373,0.113426216,0.059203647,0.24012902,0.26597467,0.19736108,0.42256558,2.5211697,2.9458869,0.19736108,0.2880001,0.19736108,2.0343096,0.84510374,1.8836039,0.0,0.50094557,B_cell_zone,0.0
GCTCTTTCCGCTAGTG-1,1,64,54,5152,14589.0,5152,4190.9067,Low,2,4,0,0,2,0,0,3,3895.8040248451925,0.6931471805599453,-0.18766292929649353,0.32068294530963937,0.0717247873544693,0.7064369771400708,0.1902279555797577,0.31399196619208253,-0.16389216482639313,0.3868171007467384,-0.32155153155326843,0.08314384083869172,0.15179598331451416,0.4232771188532969,0.07142248,0.0031129657,0.16138713,0.25276762,0.17011033,0.24854295,0.09265651,0.20398633,0.7882154,2.2902641,2.8080144,0.27288777,0.33546284,0.13052875,1.4218551,1.3718884,2.390667,0.13052875,0.6249078,Medullary_cords,138.0
GCTGAATCTTCCAATC-1,1,59,23,7864,34014.0,7864,4551.281,High,1,1,0,3,5,0,6,3,5133.103642047373,1.0114042647073518,-0.3330353796482086,0.0721242836568445,-0.43375951051712036,0.01663239005824433,-0.059361331164836884,0.7553485133326007,0.23444469273090363,0.21239352130375985,-0.13863655924797058,0.465012827051775,0.1952030062675476,0.3012638500550826,0.018357437,0.0044707074,0.18711695,0.046832424,0.0601236,0.10198395,0.581115,0.63551736,0.41607183,2.0952296,2.9189975,0.2657243,0.5827241,0.12224582,1.6222599,0.85740113,1.8882246,0.7335298,0.75482893,Medullary_cords,137.92751719653333
GCTGAGGCGTGAGTAT-1,1,40,64,2943,6388.0,2943,3543.4255,Low,5,2,3,1,0,7,1,1,1668.93289259934,1.0114042647073518,0.1041533350944519,0.5838811171883463,-0.056953758001327515,0.7649888233253176,0.025999894365668297,0.8915216916462031,0.2472897469997406,0.18767756924258922,-0.12480726093053818,0.5110990388432313,-0.1168963611125946,0.5384380367761098,0.17698728,0.460006,0.14827973,0.11531666,0.027530678,0.03604708,0.035832703,0.35462204,0.36697158,2.3416953,2.9039457,0.0,0.47238806,0.35329804,2.1568294,1.0463783,1.7602735,0.0,0.31404272,B_cell_zone,0.0
GCTGCACGGTTTCTTA-1,1,41,73,3968,9769.0,3968,3914.6404,Low,0,2,7,1,0,4,1,0,1092.7053582736748,1.0114042647073518,-0.1031559556722641,0.5875078344931237,-0.475204199552536,0.007959774939961804,0.28181084990501404,0.1313696211463403,0.21066498756408691,0.26381141019934534,-0.3682851195335388,0.045233396650139264,-0.2056380808353424,0.27563827248832395,0.23384385,0.0,0.12010565,0.31633857,0.005352793,0.0,0.32435912,0.37977076,0.31198907,2.2809327,2.9300778,0.35247636,0.49176663,0.40364754,2.0516438,0.9886853,1.9007213,0.0,0.23498425,B_cell_zone,0.0
GCTGCGAAGAATTATT-1,1,74,46,6083,23217.0,6083,3933.515,Medium-High,2,4,0,2,5,0,2,4,5191.161816009977,0.6365141682948128,-0.25419649481773376,0.17525201737395105,-0.06058894842863083,0.7504466651822798,-0.3301016390323639,0.07482536928204142,-0.056398484855890274,0.7672171773274561,0.11568810045719147,0.5426737633371397,0.031345184892416,0.8693929371101236,0.07052116,0.065232225,0.17058772,0.20150457,0.25219992,0.0,0.23995443,0.2760453,0.5626404,2.2848494,2.6184464,0.0895475,0.5440824,0.48516652,1.5106105,1.2289562,3.0860522,0.0,0.4050743,Medullary_cords,138.42326394071193
GCTGCTAAGTAGTCGA-1,1,56,56,5594,23276.0,5594,3439.4192,Medium-High,2,2,5,2,2,7,2,4,3082.3778159077124,0.0,-0.24551017582416534,0.1909762243792583,0.05050079524517059,0.7909941442140183,0.19422093033790588,0.3037502745668326,-0.04820895195007324,0.8002849929149134,-0.15628255903720856,0.4095375372622819,0.037613965570926666,0.8435649013467108,0.06483928,0.0007237308,0.35890847,0.18953477,0.3338181,0.0,0.05217555,0.26280767,0.48929292,2.1363819,2.4262486,0.13403495,0.47257954,0.27039194,1.2091508,0.9131857,2.9133015,0.15504882,0.43298793,Medullary_cords,276.3494165001982
GCTGCTACTGCGTAGC-1,1,51,75,4391,12859.0,4391,3723.1458,Low,2,2,5,2,0,4,2,4,1796.5191343261558,0.0,-0.19279876351356506,0.3073736950262202,-0.1342005729675293,0.4795529590379936,-0.19715292751789093,0.29636512085058114,0.0370088554918766,0.84605153166195,0.15354017913341522,0.41790570365734814,-0.24875608086585999,0.18498957140089592,0.054066177,0.0,0.3637824,0.13149355,0.04488176,0.0,0.4057761,0.42598385,0.5931165,1.8965411,2.4757886,0.14384225,0.5289089,0.33304793,1.1744628,1.1043179,2.8172104,0.2876845,0.19178967,Medullary_cords,413.4077889929023
GCTGCTCTCCGGACAC-1,1,31,63,4584,13068.0,4584,3937.6934,Low,1,3,3,5,4,2,3,5,1914.2322220671138,0.410116318288409,0.22665584087371826,0.22841715993165496,0.11255023628473282,0.5537467191558989,0.21172858774662018,0.2613521488020244,0.03909028321504593,0.8375043712747452,-0.2477990835905075,0.1867408126826418,0.21853995323181152,0.24595871564948485,0.049208783,0.093787156,0.19093136,0.1066058,0.032154545,0.25798398,0.26932833,0.32426655,0.47767466,2.0598514,2.8155923,0.14207827,0.44522884,0.54929566,1.6000471,0.9897725,2.2392702,0.14207827,0.6565927,Medullary_cords,138.42326394071193
GCTGGACCCAAAGTGG-1,1,14,106,6274,22381.0,6274,4256.472,Medium-High,1,12,3,6,4,3,7,5,3129.6889621813857,0.45056120886630463,0.21014611423015594,0.2650166086085759,-0.10872774571180344,0.5673751803973351,-0.0714002475142479,0.70770732474975,-0.002332787960767746,0.9902387082140184,-0.0821414515376091,0.666089940152682,-0.04929288849234581,0.7958874360356814,0.011868982,0.0708562,0.0,0.08955774,0.21919726,0.25000942,0.35851038,0.33608288,0.46225935,2.1248257,2.9077382,0.26450026,0.4588138,0.2183286,1.7005056,1.0182388,1.7058429,0.34431386,0.7563438,Medullary_cords,138.42326394071193
GCTGGCATATTCACCT-1,1,31,31,6245,22135.0,6245,4278.906,Medium-High,3,7,2,0,3,6,5,6,4012.569874780999,0.45056120886630463,0.12829631567001343,0.49926331880107394,-0.007407650351524353,0.969010149175104,0.030340924859046936,0.8735435725238646,0.218384250998497,0.24630373543655043,-0.2631320059299469,0.1600530662054166,0.05359536409378052,0.7784937738763534,0.10510832,0.0,0.100084625,0.53364205,0.0,0.26116493,0.0,0.107087806,1.0454377,1.7006269,2.6620045,0.18639989,0.63792145,0.41507006,1.2394557,1.7623034,1.8612802,0.0,0.26705033,Medullary_cords,239.0
GCTGGCGGCGCATGCT-1,1,54,64,5146,16593.0,5146,3813.0361,Medium-Low,2,2,5,2,2,7,2,4,2530.3853461478943,0.0,-0.17342978715896606,0.35939273959654844,0.016758574172854424,0.9299592147725041,-0.24150359630584717,0.19854998218125194,0.4250462055206299,0.01921057495532506,-0.1071312353014946,0.5731118537203592,-0.27699920535087585,0.13836866401430178,0.04858414,0.0,0.33276746,0.10414561,0.06369139,0.0,0.45081142,0.32247093,0.39530063,2.0820937,2.5110726,0.17688367,0.7469935,0.3936697,1.0351646,0.5355135,3.0560203,0.11792244,0.48581427,Medullary_cords,364.00137362378183
GCTGGGAGCGCGTCAA-1,1,73,33,6314,21504.0,6314,4338.23,Medium-High,3,4,2,0,5,0,5,6,5649.3344740774555,0.45056120886630463,-0.47840186953544617,0.007491657358424284,-0.02992761880159378,0.8752527407149622,-0.16261005401611328,0.39059334109699473,-0.020273879170417786,0.9153150870967998,-0.1544235348701477,0.4151998749782397,0.29406312108039856,0.11472329164128724,0.07366984,0.0796945,0.03177501,0.4159267,0.06527437,0.0,0.33365962,0.24171686,1.0930284,1.8826797,2.632512,0.1299283,0.48785135,0.38373882,1.5079799,1.5698705,1.7047219,0.19093779,0.23688367,Medullary_cords,238.40302011509837
GCTGGTGACTCGTAGT-1,1,11,117,7774,33390.0,7774,4551.649,High,1,12,4,6,4,3,7,5,3800.9527752920058,0.6730116670092565,-0.01107383705675602,0.9536862808207391,0.264966756105423,0.157052619850037,-0.22552263736724854,0.23081444084492034,-0.13341866433620453,0.4821399417860431,-0.25623807311058044,0.1716929171018786,0.12746158242225647,0.5020823518562624,0.038334362,0.033168472,0.013233014,0.06304505,0.051337503,0.21504302,0.5858386,0.22576609,0.4911624,2.094225,2.8500705,0.20876934,0.46702856,0.40723723,1.6536427,0.87077534,1.6389498,0.35675925,0.7904546,B_cell_zone,137.55726080436466
GCTGGTTTAGGCCATA-1,1,60,14,2084,3883.0,2084,3165.8887,Low,1,1,6,5,5,0,3,3,5734.934437288713,1.2424533248940002,0.06122926250100136,0.747893666296063,-0.008882736787199974,0.9628430044820727,0.004171981010586023,0.9825437144004664,0.45252978801727295,0.012042581563522774,0.15465189516544342,0.41450197436144376,0.11175913363695145,0.5565547859968448,0.0,0.0,0.11378759,0.08426287,0.0,0.32017276,0.48177674,0.15925713,0.6868036,1.9583008,2.2903209,0.15925713,0.4777714,0.15925713,1.5720901,1.4548911,1.5939575,0.77265394,1.5078384,Medullary_cords,239.0
GCTGTATTACTGGCCC-1,1,46,38,5543,18158.0,5543,4032.5896,Medium-Low,1,9,0,5,3,7,0,3,3572.3675622757523,0.6931471805599453,0.14551718533039093,0.4429263220446626,-0.1836715042591095,0.3312684273069148,0.20909273624420166,0.2674743246406155,-0.14891476929187775,0.4322331879542384,-0.16598445177078247,0.3807000488710828,0.10899731516838074,0.5664091199490773,0.05251088,0.0029246924,0.23237133,0.24241734,0.24776535,0.023741396,0.19826905,0.49149558,0.67311287,1.8175058,2.6922603,0.2193797,0.5248166,0.25737,1.2680005,1.1731939,2.1861122,0.59072065,0.41013473,Medullary_cords,364.6601157242179
GCTGTCTGTGATCGAC-1,1,1,91,7101,28501.0,7101,4357.4204,High,1,12,3,6,6,3,7,5,4436.331818067715,0.37677016125643675,0.21546775102615356,0.2528256588124481,-0.04784180223941803,0.8017758932583494,-0.27568569779396057,0.14032561411693814,0.17301103472709656,0.3605719769449532,-0.2724846601486206,0.14517885285107462,0.18810860812664032,0.3195140983011517,0.05041562,0.05355557,0.084199056,0.10752725,0.36490867,0.11707807,0.22231579,0.3191249,0.53142315,2.1520274,3.0247717,0.17051394,0.55706894,0.35029912,1.3912678,0.79535127,2.0686092,0.20810935,0.39733595,Medullary_cords,276.3494165001982
GCTGTTGCTACCGAAC-1,1,39,95,5356,15017.0,5356,4319.2456,Low,3,0,7,1,0,4,1,1,496.47255714691823,0.8675632284814613,-0.04305415228009224,0.8212779658083504,0.11746582388877869,0.536447156486776,-0.25085657835006714,0.18118614287909365,0.0904054269194603,0.6347119537098111,0.35195767879486084,0.05647193416352871,-0.19230905175209045,0.3086276242857338,0.09514873,0.0007154963,0.13471068,0.2121841,0.47109854,0.018060459,0.06808194,0.26814958,0.63962984,2.23876,2.4504843,0.2116722,0.5698882,0.43447357,1.56704,1.1783804,2.2433891,0.25519967,0.2680502,Medullary_cords,363.7169228947149
GCTTAATGTAACTAAC-1,1,42,84,5924,18213.0,5924,4444.8086,Medium-Low,0,10,7,4,0,4,4,0,552.6988330003963,1.3296613488547582,0.20077458024024963,0.28740103739070727,-0.06320854276418686,0.7400186875773143,-0.001562582328915596,0.9934614630176305,-0.18421243131160736,0.3298214893141718,-0.21159601211547852,0.26165787071069957,0.08895731717348099,0.6401676650263165,0.20302503,0.00037144922,0.054538693,0.14032061,0.37860364,0.0,0.22314063,0.2020503,0.37799358,2.3896813,2.8946447,0.16412503,0.6541934,0.31240943,2.1287942,0.78126365,2.1022205,0.10941668,0.235199,B_cell_zone,0.0
GCTTACGTAGTTAGTA-1,1,36,112,6421,20977.0,6421,4481.6943,Medium-High,1,0,0,3,0,4,0,3,1669.7763323271772,1.0114042647073518,-0.1261548399925232,0.506511367026843,-0.11959084868431091,0.5290489855709365,-0.3051696717739105,0.10103738448374294,0.013879813253879547,0.9419685477288148,0.0820869654417038,0.6662987402359007,-0.1758236587047577,0.3526954962476538,0.06602007,0.003906797,0.19894327,0.11097128,0.2763249,0.010926843,0.33290684,0.3109901,0.63950485,2.1606228,2.8590226,0.41849017,0.69112796,0.18115264,1.4593377,1.0750512,2.2295835,0.54142857,0.5680236,Medullary_cords,238.90793205751876
GCTTATGAAGCAGGAA-1,1,35,89,5540,16465.0,5540,4319.951,Medium-Low,3,0,2,0,0,2,5,6,365.3833603217311,0.0,0.2593221366405487,0.16641388817143474,0.055337898433208466,0.7714784391132951,0.1108202114701271,0.5598960372890339,0.07332667708396912,0.7001780701703153,0.3374595642089844,0.0681944011523031,0.1966974288225174,0.29750492063754613,0.04383646,0.0039299782,0.09266226,0.5337668,0.29020518,0.03559924,0.0,0.19194952,0.8948182,1.4693372,2.4545202,0.11864655,0.43733546,0.21803606,1.2109679,1.5279057,1.7128584,0.2372931,0.45740545,Medullary_cords,275.0
GCTTCAGTGGGATTAC-1,1,7,113,5205,14934.0,5205,4272.497,Low,5,12,4,1,4,3,1,1,4092.3138931416293,0.34883209584303193,0.2428237348794937,0.1960319144279492,0.33283182978630066,0.07230921974455297,-0.27888017892837524,0.13560097942243546,0.002502954564988613,0.9895267023287084,-0.20778927206993103,0.27053597146381997,-0.12383689731359482,0.5144151822359362,0.21151853,0.16282445,0.046143755,0.31649372,0.2511879,0.011831658,0.0,0.06407398,0.46262294,2.3795733,3.0202758,0.06407398,0.39399022,0.4468305,2.3191366,1.0921241,1.8276892,0.0,0.17086396,B_cell_zone,0.0
GCTTCCCGTAAGCTCC-1,1,75,95,6620,25001.0,6620,4232.0034,Medium-High,5,6,7,5,2,1,3,5,4458.341619929994,0.9743147528693494,-0.06887669861316681,0.7176112803110434,0.35893380641937256,0.05142808046380563,0.348592072725296,0.05904051884424851,-0.49351948499679565,0.005581469805091957,-0.5453344583511353,0.001829706174221214,0.33625394105911255,0.06924843457502995,0.02949355,0.08403897,0.1743902,0.05428983,0.11556299,0.24347667,0.29874778,0.33511126,0.5773058,2.1055794,2.693831,0.16823612,0.64080215,0.35050365,1.6329641,0.7818499,2.25992,0.08411806,0.79287326,Medullary_cords,137.92751719653333
GCTTCCGTCCCTAGAC-1,1,29,77,4721,11830.0,4721,4238.69,Low,5,3,4,1,4,2,1,1,1317.3367071481764,1.3296613488547582,-0.19396694004535675,0.3043954195185738,-0.13064134120941162,0.4913865194032172,0.37679898738861084,0.04012462607192613,-0.061173271387815475,0.748116804884706,-0.009996775537729263,0.9581867268300476,-0.3198641836643219,0.08486599927501033,0.12085467,0.0,0.12813576,0.3685502,0.0977639,0.012810421,0.271885,0.31105077,0.47179455,2.1096745,3.0727046,0.3581931,0.27689928,0.5113644,1.8139155,1.0886649,2.077025,0.3063426,0.5341697,Medullary_cords,0.0
GCTTCGACGTTCAATC-1,1,69,15,6085,24578.0,6085,3940.7246,Medium-High,5,1,3,1,5,0,1,1,6248.466371838773,0.6365141682948128,-0.13491514325141907,0.4771950447274119,0.18804945051670074,0.31966909449971986,-0.20369338989257812,0.28030383718215135,-0.2582593858242035,0.16821981832340913,-0.2767503559589386,0.1387378817141107,0.27359408140182495,0.14348324751290395,0.07051765,0.06188361,0.058297586,0.14345223,0.21408074,0.15343635,0.29833183,0.117098086,0.5031775,2.1968915,2.7564006,0.17068884,0.6403707,0.39097434,1.7304299,0.8893166,2.3019724,0.0,0.5358572,Medullary_cords,137.92751719653333
GCTTGATGATAATCAG-1,1,22,36,5947,19911.0,5947,4265.471,Medium-Low,1,11,3,3,1,5,6,5,4059.766618908038,0.8675632284814613,-0.615839958190918,0.0002914221282923921,0.33194267749786377,0.07312136817433491,0.149227574467659,0.43125586445558617,-0.1016557514667511,0.5929814166558615,0.20547565817832947,0.2760260169402858,0.36910340189933777,0.04472095211803927,0.037716825,0.14569417,0.14802599,0.1325784,0.022939052,0.16171633,0.3513292,0.3902869,0.55668116,1.891498,3.0125558,0.1377917,0.6379028,0.528153,1.5007023,1.1290735,2.2145438,0.37713543,0.5402365,Medullary_cords,275.98007174431996
GCTTGCAGCACAATTG-1,1,19,117,7248,30961.0,7248,4450.4824,High,4,12,1,4,4,3,4,7,3026.959035071337,0.9502705392332347,-0.3283640146255493,0.07646161451851814,-0.1899910420179367,0.31460629960918024,-0.17787708342075348,0.3470106194825974,-0.09705854207277298,0.6098903909005791,-0.18608127534389496,0.3248523088562455,0.08582550287246704,0.6520294578689889,0.18399136,0.08566847,0.11306154,0.1568306,0.3354608,0.05140177,0.07358548,0.097278036,0.27580693,2.1605914,2.7789125,0.06997301,0.48067775,0.9051024,1.9213312,0.7963953,1.7392902,0.20991902,0.4396227,B_cell_zone,0.0
GCTTGGATCGATTAGG-1,1,31,97,7447,29524.0,7447,4484.5347,High,1,0,0,3,0,2,0,3,1042.8441877864593,1.2424533248940002,-0.390775591135025,0.0327492757881655,-0.01791395992040634,0.9251433801340003,-0.02795804664492607,0.8834050557683545,-0.08036045730113983,0.6729276045974447,-0.3862043023109436,0.03502972907242413,0.016532674431800842,0.9309010901317901,0.026769647,0.0002510652,0.12290327,0.17355862,0.13352482,0.2734234,0.2695692,0.34846407,0.74159104,1.8897197,2.9066453,0.21645342,0.59441704,0.35455275,1.2727218,1.1091243,2.0637856,0.27517346,0.6874907,Medullary_cords,238.40302011509837
GCTTTACACAACTGGG-1,1,70,116,5553,23843.0,5553,3341.4001,Medium-High,2,13,5,2,7,1,3,4,4291.061640200476,0.6829081047004717,-0.0007428731769323349,0.996891463938981,0.17665374279022217,0.3503907489140716,0.15995116531848907,0.39849178172579053,0.23549717664718628,0.2102887316752889,-0.4520343542098999,0.012148392800488045,-0.0659090206027031,0.729315830448405,0.039902303,0.0,0.27553758,0.05113505,0.28162622,0.0,0.35179877,0.34657475,0.5625512,2.097046,2.3154123,0.13134521,0.49056846,0.07614294,1.1625903,0.70970833,3.1161542,0.3274128,0.3189361,Medullary_cords,138.42326394071193
GCTTTATTAAGTTACC-1,1,77,79,4007,9984.0,4007,3892.9348,Low,5,6,7,1,2,1,1,1,4712.387186978591,0.6931471805599453,-0.3422674536705017,0.06411450713714849,0.3118882179260254,0.09337791355782445,0.46593180298805237,0.00945937597384219,-0.08154645562171936,0.6683713887296684,-0.17636457085609436,0.3511926143984104,0.4989248514175415,0.005007817247191657,0.1748795,0.0,0.16533983,0.33356383,0.32621685,0.0,0.0,0.17345573,0.353551,2.2755218,2.8829808,0.22423276,0.4845009,0.44846553,1.8896759,0.933928,2.2294004,0.0,0.29897702,Medullary_cords,0.0
GCTTTCAGAGGAGGTG-1,1,33,95,5401,15784.0,5401,4246.7466,Low,3,0,2,0,0,2,5,6,769.0,0.0,0.09486476331949234,0.6180299722512365,-0.17288833856582642,0.3609179325153195,-0.12121333181858063,0.5234336342058783,-0.08288378268480301,0.6632476421202612,-0.3519457280635834,0.056480896637582614,0.03475788235664368,0.855314195985712,0.118818745,0.004915944,0.1750852,0.6093542,0.0,0.0,0.09182589,0.31880066,1.0184776,1.6420262,2.4605124,0.1944619,0.30111182,0.28050062,1.088967,1.7112161,1.8201319,0.24537869,0.3879047,Medullary_cords,476.80604023019674
GGAAACAGAGCTTGGG-1,1,76,26,7469,34797.0,7469,4197.659,High,5,1,3,1,5,0,1,1,6239.702957673546,0.6931471805599453,-0.10129444301128387,0.594302964109678,0.13637837767601013,0.47238549397700663,0.2600734829902649,0.16514546849061057,-0.390688955783844,0.03279134938233062,-0.4314116835594177,0.017297043045599463,-0.021258622407913208,0.9112174866341971,0.07428237,0.1756568,0.14467184,0.15495534,0.19924998,0.0,0.2511837,0.23857805,0.52739805,2.27527,2.8691006,0.09473115,0.6486884,0.28597754,1.7018538,1.062917,2.6464994,0.0631541,0.4332837,Medullary_cords,138.42326394071193
GGAAACTAAATGGGCC-1,1,60,102,5271,16640.0,5271,4013.761,Medium-Low,1,13,3,5,7,1,3,5,2805.991625076597,0.0,-0.15375246107578278,0.4172545630958491,0.18055981397628784,0.33966712654942793,-0.21794036030769348,0.24728910973483945,-0.23101449012756348,0.21935298458493419,0.035436179488897324,0.8525209883889298,-0.24496851861476898,0.19198820920972068,0.03342628,0.0,0.085934624,0.11649018,0.16876715,0.17051923,0.42486256,0.3049104,0.58812124,2.1697812,2.7696717,0.31498387,0.31498384,0.31498387,1.5404177,1.2316098,2.4278162,0.1176511,0.5456954,Medullary_cords,364.9465714320385
GGAAAGGGAATTGAGC-1,1,73,73,4903,14636.0,4903,3916.6016,Low,2,6,5,2,2,1,2,4,4317.697187158914,0.0,-0.18414126336574554,0.33001163671597633,0.2254268079996109,0.2310179389133184,0.2486361712217331,0.18520836645100627,-0.19868865609169006,0.29254263040216183,-0.29456257820129395,0.11407970090445324,0.4005279839038849,0.02828477612378823,0.1600195,0.00068583083,0.15347703,0.17442757,0.38568488,0.0,0.12570512,0.30299386,0.5750164,2.5128124,2.6288683,0.20450026,0.30299386,0.36809483,1.8123848,0.8877062,2.4804835,0.13020194,0.27266702,Medullary_cords,0.0
GGAAAGTCTTGATTGT-1,1,75,43,6510,23372.0,6510,4292.523,Medium-High,3,4,0,0,5,0,0,3,5407.695350146862,1.0114042647073518,-0.2846466898918152,0.12736806439922418,0.24100103974342346,0.19951441976896467,-0.12724953889846802,0.5027997237397749,-0.16295433044433594,0.3895772601199375,0.026530787348747253,0.8893200181998965,-0.02677280455827713,0.8883166121082128,0.07950035,0.06825198,0.12432295,0.20871744,0.20963156,0.17504813,0.13452758,0.3829067,0.6605574,2.3721395,2.8959937,0.121806726,0.5086823,0.24361345,1.7129338,1.2780738,2.3876867,0.15456884,0.43765816,Medullary_cords,137.55726080436466
GGAAAGTGCCCATGCC-1,1,20,90,7574,31873.0,7574,4524.6045,High,5,5,4,7,4,2,8,2,2160.0983773893263,1.0114042647073518,-0.5785301923751831,0.0008112316392888502,-0.32596832513809204,0.07876257450020521,0.038182660937309265,0.8412292555500146,0.25345006585121155,0.1765661683340553,0.003286130726337433,0.9862498706080235,0.16923266649246216,0.3713155989217655,0.08010918,0.20916337,0.04221298,0.20761354,0.11679391,0.0012729295,0.3428341,0.21202654,0.623121,2.2984755,2.8161948,0.29232645,1.2243187,0.5545572,1.814665,1.1753072,1.7651628,0.0,0.26660118,B_cell_zone,0.0
GGAACCGTGTAAATTG-1,1,49,47,5973,21470.0,5973,4080.955,Medium-High,2,9,0,2,3,7,0,3,3114.8653261417257,0.45056120886630463,-0.15905651450157166,0.40116970859503726,-0.14099577069282532,0.4573754031188947,0.1351144164800644,0.4765385611517983,0.23818090558052063,0.20498643840773612,-0.39734581112861633,0.02968346981750124,0.0023596910759806633,0.9901261405217913,0.032117892,0.0031046097,0.18192817,0.21307668,0.37684664,0.0,0.19292605,0.38153177,0.7273084,1.9903626,2.8094623,0.4853173,0.410514,0.23938733,1.3122413,1.263143,2.4925373,0.38317645,0.53050923,Medullary_cords,276.3494165001982
GGAACCTTGACTCTGC-1,1,59,21,6828,25236.0,6828,4400.0747,Medium-High,1,1,0,3,5,0,6,3,5253.662056128087,0.6365141682948128,-0.28749385476112366,0.12344141818888808,-0.2922036647796631,0.11714309895586783,-0.0064989496022462845,0.9728102034168903,0.24377690255641937,0.19422762353328685,-0.16885466873645782,0.37240064363272946,0.061197612434625626,0.7480197972739541,0.06067949,0.06340374,0.27990574,0.1078129,0.107930414,0.0,0.38026768,0.40567955,0.6699085,2.2638297,2.8386154,0.35223773,0.7300413,0.47317797,1.593241,0.9980136,2.3460815,0.6749571,0.4531781,Medullary_cords,238.40302011509837
GGAACGGCCTGCAGCC-1,1,25,15,6907,27252.0,6907,4304.091,High,3,11,0,0,1,6,0,6,5260.975765007856,1.351783994289646,-0.1110420674085617,0.5591057111821548,0.27998796105384827,0.13399000543280878,-0.0076425084844231606,0.9680281115336152,-0.1037197932600975,0.5854563711528676,-0.716924250125885,8.305361398829151e-06,-0.06720522791147232,0.7241960623368466,0.0966403,0.08538788,0.21639147,0.23728105,0.24603043,0.0014807128,0.11678824,0.1926303,0.7376709,1.9911764,2.71041,0.039072342,0.5398601,0.347601,1.4912368,1.1459522,2.1854653,0.27518404,0.4015732,Medullary_cords,137.00364958642524
GGAACTCGTGAATACG-1,1,77,43,6730,31193.0,6730,3796.8816,High,2,4,0,2,5,0,2,4,5605.0367527787,1.0397207708399179,-0.30062514543533325,0.10648035598416591,0.2988172769546509,0.10870564660422195,0.08110690861940384,0.6700586479370023,-0.12652024626731873,0.5052709227131443,-0.043238960206508636,0.820523147131627,-0.031046463176608086,0.8706272121477734,0.106047474,0.004124546,0.34988806,0.10688224,0.15941167,0.029845633,0.24380039,0.22840287,0.34577554,2.326914,2.4531677,0.26288956,0.6374701,0.26288956,1.5827793,0.874012,2.5390418,0.3996711,0.3957249,Medullary_cords,137.92751719653333
GGAACTTTGGCGATTA-1,1,60,110,5346,18842.0,5346,3818.4966,Medium-Low,1,13,3,5,7,1,3,5,3039.8791094384,0.7356219397587946,0.0695941150188446,0.7147910487137585,0.06391201168298721,0.7372259370313009,0.08058424293994904,0.6720670185143716,0.07682713121175766,0.6865683660636593,-0.23763738572597504,0.20605278780083708,0.2241699993610382,0.23369798434006592,0.03223799,0.07192136,0.18825069,0.100228414,0.17434953,0.039924655,0.39308736,0.44732144,0.51824754,2.1765637,2.6100302,0.14364475,0.2872895,0.48285347,1.1987965,0.64921004,2.603856,0.10643606,0.6807596,Medullary_cords,137.92751719653333
GGAAGCTCGCTTACAG-1,1,11,83,5659,18140.0,5659,4217.054,Medium-Low,3,5,2,0,6,3,8,6,3252.105933083976,0.0,-0.5345858335494995,0.002339788223349104,0.06283143162727356,0.7415171450140974,-0.15460053086280823,0.41465889358068253,-0.11964692175388336,0.5288544366920718,0.16815632581710815,0.37441011944486324,0.06843569874763489,0.7193467024576686,0.051064003,0.0030933786,0.187972,0.4918221,0.18841451,0.025603581,0.052030552,0.20047589,0.9728499,1.547936,2.529295,0.0,0.9573723,0.70665634,0.8202058,1.2949181,1.9926095,0.10976815,0.38975465,Medullary_cords,365.0986168146902
GGAAGGACACCGTATA-1,1,73,83,4741,13089.0,4741,4024.7058,Low,1,6,3,6,2,1,7,3,4206.28161206546,0.6365141682948128,-0.24238945543766022,0.1968578170470599,0.00821121409535408,0.9656503140420606,0.13100925087928772,0.4901564853134681,-0.02444988116621971,0.8979542390911376,-0.11633995175361633,0.5403866587778973,0.2927578091621399,0.11641803565786688,0.0710159,0.0031338446,0.14911035,0.13853407,0.3875598,0.05356958,0.19707644,0.25783867,0.4352955,2.0771801,2.7021737,0.14190431,0.48745227,0.14190431,1.640444,0.69695556,2.1995106,0.14190431,0.5517621,Medullary_cords,137.55726080436466
GGAATAACCTCAAGAA-1,1,6,60,7602,33022.0,7602,4475.7812,High,0,5,7,4,6,5,4,0,4290.169343976995,0.6931471805599453,0.20451870560646057,0.2783176432542562,-0.04709286987781525,0.8048192255807805,-0.006914684548974037,0.9710715830627582,0.10568063706159592,0.5783466614001996,-0.050489552319049835,0.791039654306942,0.11451353877782822,0.5468063380616383,0.19572787,0.0,0.07009812,0.24762495,0.276122,0.0,0.21042703,0.15145043,0.6358075,2.246633,2.810196,0.12532601,0.5544473,0.6446899,1.990277,1.0505759,2.0568984,0.29384625,0.23073007,Medullary_cords,0.0
GGAATGCGCTAGCGTG-1,1,32,82,4808,12038.0,4808,4267.3496,Low,5,0,7,1,4,2,1,1,827.9402152329599,1.5607104090414063,0.032093457877635956,0.8663025074311937,0.274838387966156,0.14159862055604006,-0.04717771336436272,0.8044743175698161,0.32235538959503174,0.08233286868546973,0.03947705775499344,0.8359180882701701,0.006595879793167114,0.9724048262338064,0.14651336,0.0032330658,0.12697548,0.12437516,0.15771364,0.0,0.44118935,0.20496821,0.7509132,2.1685023,2.654931,0.075592205,0.6816076,0.55783,1.702615,1.0400581,1.93132,0.15118441,0.20157921,Medullary_cords,138.92443989449805
GGACACAAGTTTACAC-1,1,47,111,6304,24693.0,6304,4011.0266,Medium-High,2,10,5,2,0,4,2,4,1915.4299778378745,0.0,0.3150162696838379,0.08996574912848994,0.05210014432668686,0.7845270903522584,-0.24276812374591827,0.19613754020749052,0.03824049234390259,0.8409918141807976,-0.18303126096725464,0.33298603379725067,0.08248940855264664,0.6647570865409715,0.043795537,0.059650753,0.33677608,0.14488435,0.08067942,0.0028513288,0.33136255,0.5607303,0.4360432,2.3649552,2.6220121,0.2160794,0.3364773,0.2758489,1.3986576,0.9181652,3.1235855,0.7508697,0.39672288,Medullary_cords,276.0
GGACACCTCGGTGTTG-1,1,75,63,5877,20322.0,5877,4126.4517,Medium-High,1,4,3,6,2,1,7,5,4754.176690027412,0.6365141682948128,-0.2800428867340088,0.13391049632871338,-0.25231266021728516,0.1785819886151967,-0.10766178369522095,0.5712025734592886,0.06582478433847427,0.7296489452584686,-0.04075689613819122,0.830673600182887,0.2913963794708252,0.1182053698645748,0.06409693,0.0,0.06835845,0.13050105,0.30395666,0.0,0.43308684,0.43521264,0.44270468,1.9043583,2.8993819,0.23572186,0.46274155,0.24902138,1.120423,0.8868967,1.8653445,0.27135083,0.13339525,Medullary_cords,276.84652788142387
GGACCAACAGGATAAC-1,1,51,67,4958,15444.0,4958,3829.2905,Low,2,2,5,2,2,7,2,4,2125.108232537816,0.0,0.06624869257211685,0.7279730780929704,0.22273670136928558,0.23677970714844646,-0.1591159999370575,0.4009913366275899,0.3926815986633301,0.03183463826862384,0.04264315217733383,0.8229571905232519,-0.22720441222190857,0.2272627050318611,0.047332417,0.0,0.21367718,0.08406472,0.18959923,0.19852953,0.2667969,0.27624732,0.44679788,2.174683,2.525256,0.36358035,0.41950905,0.13491288,1.3766437,0.79968673,2.886991,0.4573349,0.50928074,Medullary_cords,497.87548644214246
GGACCTACGGTAACGT-1,1,17,109,5333,17396.0,5333,4015.2231,Medium-Low,5,12,3,1,4,3,1,5,2901.5445886630796,0.6931471805599453,0.001484808512032032,0.9937868967549105,-0.09392955154180527,0.6215134853417491,0.007777154445648193,0.9674651224331013,0.23686571419239044,0.20757328737618544,-0.29920974373817444,0.1082196330412139,-0.1469860076904297,0.43828609523810663,0.077427186,0.18437926,0.10009991,0.156431,0.208066,0.0,0.2735966,0.15244795,0.6605185,2.3387544,2.7050018,0.056774836,0.45981535,0.36414224,1.8296843,0.74920464,2.4552424,0.22709934,0.16706173,Medullary_cords,0.0
GGACCTCTAGGCCGCC-1,1,58,30,5758,18083.0,5758,4231.63,Medium-Low,2,1,0,3,5,0,0,3,4656.71611760906,0.6365141682948128,-0.14872923493385315,0.4328134408885847,-0.21996545791625977,0.24281483580587424,-0.39620140194892883,0.030200015541726966,-0.18823470175266266,0.31918388118400576,-0.487184077501297,0.006324235338953521,0.11770961433649063,0.5355959203038312,0.054911174,0.06767434,0.1744795,0.19637366,0.08814272,0.027850907,0.39056775,0.3826754,0.5485487,2.4496107,2.7769113,0.25591063,0.54613554,0.43544006,1.8698401,1.0282501,2.6820006,0.44019213,0.64229774,Medullary_cords,0.0
GGACGGCTTGCGCAAC-1,1,7,101,5793,20325.0,5793,4059.981,Medium-High,5,12,3,5,4,3,3,5,3819.1911447320886,0.410116318288409,0.037918370217084885,0.8423145409598887,-0.02627900242805481,0.8903640992410133,0.15079036355018616,0.4263912936287755,-0.20987682044506073,0.26564351422265337,-0.2208779752254486,0.24081640530562662,0.13670209050178528,0.47132489277327627,0.074650116,0.07421161,0.09583553,0.2033411,0.24060456,0.0,0.31135702,0.25741863,0.5130476,2.2267916,2.8313675,0.13565509,0.8286059,0.44292194,1.635795,1.132175,2.2307081,0.0,0.52112633,Medullary_cords,137.92751719653333
GGACGGGCGACCAACC-1,1,67,117,7060,26633.0,7060,4472.7124,High,5,13,3,1,7,1,1,1,4006.742567223405,0.5982695885852573,-0.12526749074459076,0.5095299380623406,0.02286873385310173,0.9045225278097911,0.2731156647205353,0.14421267538684204,0.11892609298229218,0.5313580148871044,-0.42850056290626526,0.01815157275338963,-0.14461453258991241,0.4457910503058653,0.08525044,0.10334701,0.08204808,0.15795198,0.098615184,0.15244985,0.3203374,0.28064555,0.65105766,2.3711672,2.7854898,0.15939921,0.6348905,0.5400777,1.8773583,1.0622343,2.0898724,0.32864958,0.4860533,Medullary_cords,0.0
GGACGTCCATAGTTGG-1,1,14,116,7112,29608.0,7112,4326.6562,High,5,12,3,1,4,3,1,1,3461.0521521641363,0.6931471805599453,-0.1601293832063675,0.39795954669856204,0.06628484278917313,0.7278302195730628,-0.004370911046862602,0.9817114916122069,-0.09230491518974304,0.6275840630334658,-0.11988620460033417,0.5280246175308426,0.1930931806564331,0.306621363328252,0.119793065,0.12668626,0.06439003,0.20029308,0.09938394,0.0,0.38945362,0.2874497,0.6345286,2.136742,2.9170182,0.24768293,0.47738886,0.21000671,1.7555435,1.0054994,1.9339451,0.0,0.13451569,Medullary_cords,138.0
GGACTCGACAGCGCAT-1,1,68,46,6252,23304.0,6252,4091.4888,Medium-High,2,4,0,2,2,0,2,4,4612.279805042188,0.6365141682948128,-0.03731447458267212,0.8447954424361548,-0.009840760380029678,0.9588387358126259,0.1470312774181366,0.43814350252651646,-0.04659358412027359,0.8068496608684464,0.28722286224365234,0.12381126178306069,0.01023347768932581,0.9571975663347634,0.08104743,0.07689528,0.18802324,0.21850142,0.341371,0.0,0.09416165,0.24337356,0.634242,2.0946622,2.6555529,0.33626264,0.29610974,0.3147705,1.4392194,1.3253815,2.6082103,0.17852625,0.19740649,Medullary_cords,497.90159670360566
GGACTCGTGAGTGGTC-1,1,64,38,6133,20689.0,6133,4276.799,Medium-High,1,1,4,3,5,0,7,5,4641.711430065424,0.6365141682948128,-0.46596917510032654,0.009452885137816263,-0.24005219340324402,0.20134412342513078,0.07046905159950256,0.7113565696377258,-0.15940158069133759,0.4001356264031166,-0.22782941162586212,0.2259522082088339,-0.13749611377716064,0.46872864923793534,0.073769696,0.08257082,0.07056909,0.20068976,0.217577,0.025006462,0.3298171,0.1613011,0.57410693,1.999795,3.1105514,0.18311998,0.6742178,0.23240773,1.5636415,1.1743152,1.8364836,0.19715105,0.4901541,Medullary_cords,138.0
GGACTCTTTGACTAAG-1,1,71,83,4784,13503.0,4784,4062.2607,Low,1,6,3,6,2,1,7,5,3968.0816523856965,0.6931471805599453,0.06742846220731735,0.7233154989451721,-0.19286608695983887,0.30720155991077186,-0.18957918882369995,0.31567604010428557,-0.013717113062739372,0.9426476814064091,0.11437097191810608,0.5473089453434089,0.35016632080078125,0.05782790095150689,0.12796393,0.00016130882,0.11838622,0.10481757,0.22220023,0.020495418,0.40597528,0.5080193,0.28572336,2.34425,2.853044,0.3214388,0.53786385,0.13856192,1.6793633,0.73135495,2.474069,0.0,0.37974408,Medullary_cords,137.55726080436466
GGAGAAGTCATTGGCA-1,1,23,41,6610,22903.0,6610,4447.6973,Medium-High,1,11,0,3,1,5,0,3,3700.221885238776,0.6365141682948128,-0.41991478204727173,0.020877485834749014,0.05374209210276604,0.7779023893470576,0.0013634487986564636,0.9942947115566657,-0.17500030994415283,0.35499047546844587,-0.04690086096525192,0.8055999178517457,0.2851827144622803,0.12662188191580104,0.057627555,0.00060656626,0.15952979,0.20165648,0.340888,0.0,0.2396916,0.38336104,0.8647002,2.1845217,2.8344254,0.16904493,0.53007865,0.54285187,1.4102416,1.1546873,2.563033,0.45681965,0.5913854,Medullary_cords,137.0
GGAGACCAATGTGCTT-1,1,22,118,6443,27122.0,6443,3923.2146,High,2,12,7,2,4,2,2,4,2817.438907944589,1.0397207708399179,-0.5798507928848267,0.00078399281942855,-0.10876549780368805,0.5672398427028602,0.3677133023738861,0.04559426186582985,0.07176198810338974,0.7062914113945075,-0.373284250497818,0.04217449038200657,-0.24184340238571167,0.19789970152615957,0.09212541,0.0,0.21893287,0.20444757,0.13878776,0.3304189,0.015287408,0.2906105,0.6063112,2.151794,2.6110485,0.14751993,0.47682637,0.36355278,1.4148836,1.1789484,2.2826958,0.07846863,0.48113298,Medullary_cords,275.98007174431996
GGAGACCATCTACATA-1,1,50,8,7744,33691.0,7744,4442.8438,High,1,7,0,3,3,0,6,3,5691.081619516627,0.7356219397587946,-0.33648139238357544,0.0690486204175855,-0.3269680142402649,0.07779602820552034,0.13615579903125763,0.4731154629455803,-0.18495291471481323,0.32784703718487607,-0.03625587746500969,0.8491478308545655,0.011673752218484879,0.9511801627360594,0.023876501,0.06725913,0.2363529,0.06235298,0.039101493,0.099006176,0.4720508,0.29340565,0.45836997,2.1032515,2.7665884,0.15572646,0.6163367,0.49299306,1.5613568,0.84991866,2.4579344,0.8584832,0.7080242,Medullary_cords,479.00104384019875
GGAGACGACACCTTTG-1,1,43,67,3795,8562.0,3795,3973.7334,Low,4,2,1,4,0,7,4,7,1564.8466378530518,0.0,-0.18825718760490417,0.3191250168650569,-0.20629757642745972,0.27406749793313695,-0.11843079328536987,0.5330815727424879,0.024749957025051117,0.896708418095431,-0.041634757071733475,0.8270804283032995,-0.17768792808055878,0.34753197555052107,0.15662889,0.0,0.24918549,0.07089698,0.0,0.057672776,0.46561587,0.09673857,0.39184806,2.2545986,2.7119737,0.09673857,0.48369285,0.38161653,1.8532099,0.6190859,2.2064877,0.0,0.5806551,Medullary_cords,0.0
GGAGCAACATTTCAAG-1,1,57,103,7346,27247.0,7346,4571.777,High,3,10,0,0,0,4,0,3,2499.703982474725,0.9502705392332347,0.11179394274950027,0.5564310910629768,0.223188579082489,0.23580521264888968,0.015143923461437225,0.9366933668405862,0.15849529206752777,0.4028547955470657,0.03710568696260452,0.8456535157985833,0.003657662309706211,0.9846954451915305,0.010551494,0.04974141,0.069548324,0.24154617,0.25144464,0.1423047,0.2348632,0.27970174,0.9505123,1.7508175,2.849115,0.25484693,0.5317711,0.42124975,1.2156253,1.328333,1.7483337,0.3634687,0.56157255,Medullary_cords,240.0
GGAGCACCAAGAACTA-1,1,26,82,8598,40554.0,8598,4683.3047,High,0,3,4,4,4,2,4,0,1495.0424743130209,0.6365141682948128,0.18538519740104675,0.3266977416417748,-0.20815454423427582,0.26967572020334335,0.04027837514877319,0.8326336490825396,-0.18273234367370605,0.33378980850479517,-0.11922407150268555,0.530322389314759,0.03600327670574188,0.8501870384635244,0.060471132,0.04275971,0.22833031,0.087911285,0.083823,0.118395016,0.37830958,0.32644966,0.5477158,2.167769,2.8011186,0.17444319,0.5972722,0.5003739,1.8012521,0.9501671,2.227382,0.5933705,0.46660292,Medullary_cords,137.0
GGAGCGAGGCCTACTT-1,1,67,69,4444,11536.0,4444,4054.2095,Low,3,4,0,0,2,1,0,3,3711.7287077586907,1.2424533248940002,0.4864006042480469,0.006421674528927559,0.17011840641498566,0.36878035058700037,-0.29160794615745544,0.11792629080559573,-0.0006011184304952621,0.9974846314030078,-0.1960667073726654,0.299087747991235,0.31489840149879456,0.09009257841502168,0.085731976,0.00017413365,0.04931765,0.3426962,0.21325836,0.0,0.30882168,0.2651461,0.74609095,2.2780342,2.833766,0.28731424,0.6471384,0.16014382,1.4475979,1.2329966,2.207238,0.0,0.16761869,Medullary_cords,137.92751719653333
GGAGGATTGAAAGGAG-1,1,7,73,6725,27312.0,6725,4140.6978,High,3,5,3,0,6,3,0,3,3853.281847983612,0.8675632284814613,-0.4965350329875946,0.005254905586882526,-0.07564832270145416,0.6911410859907839,-0.4787524938583374,0.007441777272778708,0.03733149543404579,0.8447254979636535,0.0344063937664032,0.856762292214503,0.29942721128463745,0.10795103156653015,0.06509319,0.05797194,0.09800257,0.19050585,0.40098798,0.14109978,0.046338737,0.33393902,0.5100113,2.1471648,2.6384034,0.2450378,0.6204334,0.38600186,1.3559666,1.002202,2.5480642,0.18529597,0.40094745,Medullary_cords,365.0986168146902
GGAGGCCGAAGTCGTC-1,1,40,116,7406,32136.0,7406,4347.0044,High,3,10,0,0,0,4,5,6,1942.2690338879422,0.6829081047004717,0.01579996570944786,0.9339566982264303,0.06733568012714386,0.7236814424155967,-0.08372806012630463,0.66002056581222,-0.022182956337928772,0.9073732821633848,-0.023528438061475754,0.9017812562198692,0.01655440405011177,0.9308104858008498,0.03670097,0.099995345,0.09079979,0.43572116,0.16287884,0.0,0.17390382,0.24446803,0.95506483,1.6220686,2.6032622,0.13546649,0.6024451,0.56504166,1.0912663,1.6456134,1.9764912,0.0,0.30043635,Medullary_cords,603.0762804156701
GGAGGGCTTGGTTGGC-1,1,32,78,5449,15174.0,5449,4417.568,Low,0,3,7,4,4,2,4,0,995.0824086476456,1.0114042647073518,0.24992458522319794,0.18286689904101114,0.2122674584388733,0.260111906061245,-0.012137943878769875,0.9492413353076359,0.4041205942630768,0.026770651769830917,0.024596285074949265,0.8973463860215863,-0.0278371199965477,0.8839059759871485,0.16659282,0.0,0.08539349,0.20618312,0.18117778,0.36065283,0.0,0.12655707,0.7408615,2.214776,2.9036694,0.168369,0.27345946,0.5681902,1.9536884,1.0427873,1.9740936,0.12655707,0.33748552,Medullary_cords,0.0
GGAGGGTCAAGTAAGA-1,1,62,114,5865,21668.0,5865,3923.536,Medium-High,1,13,5,5,7,1,3,5,3387.0119574633923,0.6365141682948128,-0.07114986330270767,0.7086879306969531,0.21619771420955658,0.2511827392142864,0.2598291039466858,0.16555727105043472,0.1853383481502533,0.3268221785066085,-0.11772283911705017,0.535549762114192,0.39530330896377563,0.030610473322701625,0.03766055,0.00018862261,0.12062493,0.09079739,0.2218758,0.13091277,0.39793992,0.24522798,0.63810986,2.2189355,2.682667,0.09487484,0.34247917,0.37440807,1.7404352,0.9075945,2.4398122,0.09487484,0.42607296,Medullary_cords,240.00208332429116
GGAGTGCCGCCCTGGA-1,1,19,53,6846,23589.0,6846,4551.525,Medium-High,0,3,4,1,1,5,1,0,3314.3815411023515,0.6931471805599453,-0.32198628783226013,0.08270448110473298,0.11937087774276733,0.5298125201682912,0.09134350717067719,0.6311877245061844,0.05129217356443405,0.787792434759928,-0.07603035867214203,0.689657952828772,0.1887333244085312,0.31788014482561594,0.14461477,0.155809,0.117120035,0.07843715,0.19445148,0.23972183,0.06984576,0.12396417,0.4407493,2.3504274,2.899593,0.088360846,0.47002456,0.37744376,1.99598,0.7766579,2.2099762,0.0,0.36096126,Medullary_cords,0.0
GGATACTCATGAATTG-1,1,9,45,6581,22802.0,6581,4406.54,Medium-High,1,8,0,3,1,5,0,3,4563.132695857091,0.6931471805599453,-0.5666744112968445,0.001095343312288316,0.1365213543176651,0.4719168972540587,-0.1307874321937561,0.4908979052853331,-0.12964770197868347,0.49471637083207337,0.16294468939304352,0.3896056935569162,-0.12430386990308762,0.5128180204741186,0.03223772,0.0021037331,0.12329154,0.16085085,0.2639471,0.15352294,0.26404616,0.38821405,0.7308594,2.0484753,2.860132,0.29380974,0.53169703,0.31474894,1.5235775,1.1233313,2.2107244,0.27274093,0.6066856,Medullary_cords,631.129146847141
GGATCAAAGGACGAGG-1,1,6,52,7088,29077.0,7088,4337.663,High,3,8,2,0,1,5,5,6,4564.109770809638,0.0,-0.40549740195274353,0.02620821100722614,-0.13184846937656403,0.48735659164503675,-0.47273266315460205,0.008338331889241275,0.12410871684551239,0.5134851949738577,0.24531175196170807,0.19134651052374202,-0.157560795545578,0.4056695268388961,0.052725684,0.00406377,0.087338716,0.4667352,0.23332454,0.15581207,0.0,0.19020033,1.1691128,1.5827777,2.5067177,0.21323597,0.725804,0.33830073,1.0821631,1.7916439,1.9902822,0.07390104,0.23504727,Medullary_cords,364.3295211755424
GGATCATCCCGTACGC-1,1,17,101,6650,24009.0,6650,4348.9653,Medium-High,1,12,3,5,4,3,3,5,2669.383824031306,0.0,0.0031253304332494736,0.9869226475119153,0.07360698282718658,0.699084821271516,-0.13409271836280823,0.4799093750386325,-0.19792592525482178,0.29443716846716395,0.010765914805233479,0.9549727815316899,0.1552201807498932,0.4127680644238073,0.04448128,0.0022766578,0.09577015,0.12656964,0.23088554,0.10283727,0.39717942,0.49424618,0.6429005,2.2039762,2.9405873,0.24207279,0.8226725,0.3768025,1.5875609,1.0624957,2.30709,0.26116568,0.6473113,Medullary_cords,413.0012106519786
GGATCCGGAATATACT-1,1,34,82,5863,17663.0,5863,4417.5317,Medium-Low,5,0,7,1,4,2,1,1,632.3606565876786,1.2424533248940002,0.14186106622219086,0.45459098774213136,0.3018675744533539,0.10497096443613638,0.10267280787229538,0.5892682136529044,0.1731909215450287,0.36006512165581034,-0.0372835174202919,0.8449226589192635,0.2329224944114685,0.21546302967333875,0.17155404,0.003662602,0.0,0.1900467,0.36081323,0.0,0.27392346,0.42056304,0.67451066,2.259414,2.7628665,0.11215593,0.31896263,0.26288465,1.8474498,1.0782465,1.9455556,0.22431186,0.12620103,Medullary_cords,0.0
GGATCTACCGTTCGTC-1,1,77,31,6513,25204.0,6513,4203.2773,Medium-High,5,4,3,1,5,0,1,1,6100.451212820245,0.5623351446188083,-0.24312615394592285,0.1954582001903256,0.025149744004011154,0.8950490021939379,-0.04402706027030945,0.8173060486334807,-0.17602524161338806,0.3521349650167639,-0.037582311779260635,0.8436949426483198,0.11275191605091095,0.5530318953014711,0.046818398,0.15593776,0.026325632,0.10596315,0.34206447,0.021640534,0.30125004,0.12530887,0.5603259,2.2045505,2.8671494,0.08353925,0.62145305,0.36623517,1.6305383,1.006741,1.9752873,0.08353925,0.48673642,Medullary_cords,137.55726080436466
GGATCTTACTGCCCTT-1,1,65,35,5756,18637.0,5756,4168.8022,Medium-Low,1,1,0,3,5,0,0,3,4875.1050245097285,1.0114042647073518,-0.31818515062332153,0.0866066030725605,-0.34152543544769287,0.0647314281905319,-0.08882970362901688,0.6406493334536916,0.07734136283397675,0.6845769891282215,-0.2130129486322403,0.2584024741079416,0.21493877470493317,0.2540206316399,0.048134,0.0017441045,0.085218295,0.13600956,0.27128488,0.17946655,0.2781427,0.4049875,0.5117792,2.1918695,2.8106384,0.2522352,0.6084484,0.16109557,1.3333874,0.9773524,2.1531837,0.18227926,0.49619728,Medullary_cords,364.3295211755424
GGATCTTGACTCAACC-1,1,51,17,6174,23028.0,6174,4048.7534,Medium-High,2,7,5,2,3,6,2,4,5128.883894182047,0.0,-0.09403913468122482,0.6211048889513688,-0.09110706299543381,0.6320752674848432,-0.12730766832828522,0.5026030130907728,0.15422683954238892,0.41580152881495064,0.2283252477645874,0.2249161739467754,0.16275346279144287,0.3901699064954576,0.06017276,0.0,0.19310354,0.15336052,0.10658107,0.3669993,0.11978282,0.3634976,0.59745383,2.3760178,2.7823007,0.33660746,0.36966938,0.29416227,1.577114,0.9230015,2.7502775,0.66722727,0.5660627,Medullary_cords,829.5444532995203
GGATGAAGATCGCTGA-1,1,42,94,5832,17969.0,5832,4397.2295,Medium-Low,3,10,2,0,0,4,5,6,632.3606565876786,0.0,-0.5405497550964355,0.002043406996314362,-0.26861539483070374,0.15120600639393803,-0.1509820818901062,0.42579661333635005,0.012804402969777584,0.9464581803049621,0.0920015424489975,0.6287202987768529,0.026954762637615204,0.8875623231607411,0.043946825,0.106004454,0.09157282,0.54257154,0.104474545,0.003853132,0.10757677,0.3127179,1.1230772,1.6511462,2.9274702,0.3268788,0.7747935,0.27654287,1.1510403,1.8004302,1.9158334,0.0,0.32312855,Medullary_cords,237.9012400135821
GGATGACGCGAGTTTA-1,1,37,45,5522,18316.0,5522,4036.778,Medium-Low,5,9,3,3,3,6,1,5,2962.1181610462468,1.0114042647073518,0.0724252238869667,0.7036978926528046,0.23543936014175415,0.21040398316595416,0.12909144163131714,0.4965854568918471,0.035800181329250336,0.8510227578833282,-0.1928471475839615,0.3072499787178791,0.054284341633319855,0.7757179199862978,0.07186374,0.16659054,0.074709155,0.14879401,0.026890466,0.21149543,0.2996567,0.21901004,0.5043027,2.3550544,2.8951426,0.108917825,0.3645597,0.20118296,1.8711436,0.9135099,2.1543646,0.0,0.4612671,Medullary_cords,0.0
GGATGCTGGCGTTCCT-1,1,39,19,2862,7269.0,2862,3258.938,Low,5,7,6,5,3,6,3,5,4750.8341372857885,0.6365141682948128,-0.028270455077290535,0.8821111558556364,0.33779674768447876,0.0679018558525229,-0.01939072646200657,0.9189917740763763,-0.022921040654182434,0.904305137466874,-0.2414245754480362,0.19870141430803767,-0.13028161227703094,0.49259071582897473,0.11566498,0.004082317,0.27420473,0.19832273,0.08841773,0.022648437,0.29665908,0.31247967,0.53147876,1.9700265,2.77158,0.21632357,0.21632357,0.21632357,1.5006208,1.0999889,2.1033924,0.21632357,0.56085527,Medullary_cords,138.42326394071193
GGATGTCCTTACCGCA-1,1,35,91,5637,17538.0,5637,4285.744,Medium-Low,3,0,2,0,0,2,5,6,414.77222664976017,0.0,0.12051182985305786,0.5258579533126059,-0.05585944280028343,0.769382136730992,0.002321772277355194,0.990284799957648,-0.03413614258170128,0.8578760091134829,0.2099282145500183,0.2655237962545677,0.10245245695114136,0.5900718388794453,0.019691959,0.0021969555,0.06459281,0.50478244,0.24994698,0.0,0.15878886,0.27088362,1.0621308,1.4328821,2.523004,0.28536892,0.57884383,0.22559845,1.0269634,1.7045426,2.0238268,0.0,0.25366127,Medullary_cords,413.0012106519786
GGATTAAGCTAAGGTC-1,1,7,87,6329,23213.0,6329,4247.0586,Medium-High,3,5,0,0,6,3,0,6,3713.819193229525,0.45056120886630463,0.16095149517059326,0.39550961558840725,0.1898101568222046,0.3150758500115979,-0.28795549273490906,0.12281326459046943,0.12748679518699646,0.5019970877326201,-0.2568586468696594,0.17062127215169184,-0.4068295359611511,0.02567324115377467,0.093913004,0.0020900338,0.41609094,0.29569337,0.19221266,0.0,0.0,0.37160084,0.44396228,1.934464,2.6487157,0.20013584,0.8255541,0.39992785,1.2486366,0.9522113,2.4783838,0.24491444,0.16327631,Medullary_cords,276.0
GGATTAATCATGGACC-1,1,71,75,5382,19372.0,5382,3689.1692,Medium-Low,2,6,5,2,2,1,2,4,4052.8076687649514,0.6365141682948128,0.02300111949443817,0.9039723379294408,0.2461770474910736,0.18973540397050925,0.018331270664930344,0.9234045898814207,-0.09429529309272766,0.6201501967039986,-0.2931378185749054,0.11592274655744798,0.31433385610580444,0.09070193047638905,0.057575107,0.0,0.33231008,0.094911404,0.11398606,0.028595116,0.37262225,0.4121601,0.33298537,2.2206728,2.758496,0.19272958,0.45038205,0.34631556,1.2520827,0.7844708,2.6708076,0.20813292,0.7459831,Medullary_cords,275.0018181758077
GGATTCAGTACGGTGG-1,1,19,33,6220,21782.0,6220,4252.772,Medium-High,3,11,2,0,1,5,5,6,4416.609219752185,0.0,-0.40765321254730225,0.025346950490634877,0.08009704202413559,0.6739411086964151,0.0651853159070015,0.732179311197206,-0.030043108388781548,0.8747750943007913,0.022063421085476875,0.9078703026866661,0.2788937985897064,0.13558108780546108,0.040652025,0.005018942,0.05339094,0.49989668,0.3566396,0.017374335,0.027027547,0.20443332,1.1146678,1.5747111,2.4024253,0.14168105,0.53754413,0.4218112,0.9833873,1.5423446,1.80257,0.094454035,0.21712723,Medullary_cords,414.77222664976017
GGATTCCGCTATACCC-1,1,19,81,5998,19577.0,5998,4314.1333,Medium-Low,3,5,2,7,4,2,8,2,2325.5633726045826,0.0,-0.5555189847946167,0.001438400996527475,0.1041894257068634,0.5837500678078467,-0.07526546716690063,0.6926285257346579,0.0474955216050148,0.8031826752527044,-0.07651824504137039,0.687765527222879,0.16193068027496338,0.3926028711780409,0.04129778,0.09636277,0.19739826,0.43284994,0.20327073,0.0,0.028820554,0.20414722,0.94894403,1.6357725,2.4769933,0.5990018,1.0915499,0.5344321,1.2157141,1.416476,2.0351388,0.20633808,0.37099427,Medullary_cords,238.76766950322232
GGATTGCTGTGACTCC-1,1,60,84,5963,19462.0,5963,4264.481,Medium-Low,3,6,7,0,2,1,5,6,2649.689981865803,0.6365141682948128,-0.35594677925109863,0.053542243500115314,-0.14937114715576172,0.43080769411307074,0.13159610331058502,0.48819770397755013,0.041154637932777405,0.8290451843867266,-0.3580590784549713,0.052040240255680215,0.14804309606552124,0.4349630167051053,0.064500734,0.00045365025,0.27507037,0.4648878,0.12374009,0.00078113924,0.07056618,0.22858304,0.7301527,1.716076,2.5789356,0.15551522,0.717745,0.4475078,1.1359762,1.523885,2.1216154,0.17674464,0.4115431,Medullary_cords,138.42326394071193
GGATTTCACTTCTATA-1,1,31,83,4651,12068.0,4651,4151.973,Low,3,0,7,1,4,2,1,3,905.6958650672973,1.3296613488547582,-0.3199545443058014,0.08477308908450593,0.06536658108234406,0.7314617670182344,-8.227955549955368e-05,0.9996557022417301,-0.103276826441288,0.5870677943176649,0.028171606361865997,0.8825205249169459,-0.23568850755691528,0.20990764032636375,0.10217991,0.12356906,0.021936025,0.21353474,0.2718738,0.0,0.26690644,0.23154975,0.61562186,2.2659316,2.6658547,0.19762023,0.59805715,0.23154975,1.6468554,1.0356159,2.240446,0.15090221,0.20120296,Medullary_cords,138.0
GGCAAAGGCGCCAATA-1,1,54,34,6767,38003.0,6767,3285.2449,High,2,9,5,2,5,0,2,4,4181.915828899477,0.0,-0.10893625020980835,0.5666278940750964,-0.29677578806877136,0.11126009241008813,0.07613324373960495,0.6892587265495234,-0.1348108947277069,0.4775386662461849,-0.3157082200050354,0.08922392932589003,0.4178628623485565,0.02157654068995811,0.05820396,0.053054873,0.46321246,0.16915141,0.08673762,0.0101415,0.15949816,0.24357936,0.38296413,2.1757936,2.4118292,0.13114391,0.3901699,0.2502361,1.2398434,0.7636609,3.0725281,0.23818439,0.47420698,Medullary_cords,276.4814641164937
GGCAAATTACTTTACT-1,1,41,53,4793,13138.0,4793,4134.301,Low,1,9,3,6,3,7,7,5,2435.505902271641,0.6365141682948128,-0.20845364034175873,0.26897264231540563,0.28120940923690796,0.1322300010701349,-0.0922846719622612,0.6276598549688713,0.12167634069919586,0.5218364982307065,0.07967806607484818,0.6755542931523747,0.29789403080940247,0.10985538626115461,0.096214995,0.0025318465,0.0,0.1355126,0.2669117,0.0,0.4988289,0.344867,0.5433396,2.264709,3.1386216,0.2571663,0.9514079,0.18641213,1.8881229,0.9588299,1.8366582,0.14150833,0.52542216,B_cell_zone,0.0
GGCAAGCCCATAGTGG-1,1,67,61,6378,25562.0,6378,3938.2666,High,2,4,3,2,2,1,2,4,3939.4141696450247,0.6931471805599453,-0.3317403495311737,0.07330715491109563,-0.21726630628108978,0.24879039658292867,-0.18210463225841522,0.3354815415155975,0.08126407861709595,0.6694551488717869,0.0211416557431221,0.9117040801376473,0.3293783664703369,0.07550312819780736,0.050344665,0.0,0.16045403,0.09927313,0.12960857,0.13676888,0.42355078,0.36407882,0.46612734,2.3233256,2.7170155,0.26832265,0.6008516,0.15479839,1.4261061,0.90502936,2.5595543,0.22704858,0.66749114,Medullary_cords,239.00209204105306
GGCAAGGCGAAATAGC-1,1,45,69,4974,13352.0,4974,4216.631,Low,0,2,7,4,0,7,4,0,1553.8983235720411,1.0114042647073518,-0.2811304032802582,0.13234332740469354,-0.15987199544906616,0.3987283468239825,-0.004367954097688198,0.9817238618583066,-0.09564320743083954,0.6151365670647444,-0.04721440002322197,0.8043251891197516,0.12005501985549927,0.527439553523653,0.108305216,0.124611065,0.1891878,0.19062927,0.12068363,0.0,0.26658309,0.25418556,0.76634586,2.246501,2.6712673,0.06987706,0.4013964,0.25418556,1.9644374,0.96065366,2.6905415,0.0,0.18633883,Medullary_cords,0.0
GGCAATAGTCAATGAG-1,1,30,70,6163,19586.0,6163,4449.7847,Medium-Low,1,3,4,3,4,2,6,3,1565.9201767650866,1.0114042647073518,-0.03724905475974083,0.8450642855201274,-0.2022642195224762,0.28376473126889706,-0.24735552072525024,0.18755641621024183,-0.07363992184400558,0.6989563911355254,-0.052135169506073,0.7843856197210001,0.0233016237616539,0.9027236153170056,0.090818495,0.16298883,0.21761368,0.09878419,0.17217375,0.0,0.257621,0.25519553,0.6569043,2.1570032,2.80758,0.3223673,0.5424861,0.39733842,1.5523571,0.9440868,2.3412883,0.5572074,0.32294115,Medullary_cords,138.0
GGCACTCCACTGGGCA-1,1,34,46,4632,12402.0,4632,4073.5535,Low,5,9,4,1,3,6,1,1,2930.2641519153185,1.0114042647073518,-0.1948275864124298,0.302212822725313,0.17279116809368134,0.3611920551507366,0.25273025035858154,0.17784002376315586,-0.19921913743019104,0.2912295469645561,-0.5283269286155701,0.002690110791659141,-0.01633640192449093,0.9317195108459637,0.65424156,0.008850746,0.21112,0.08532057,0.0,0.04046715,0.0,0.31401908,0.39421898,2.676853,2.9534564,0.26788366,0.4157158,0.45518085,2.2123704,0.7758066,2.0356133,0.0,0.1971095,B_cell_zone,0.0
GGCAGCAAACCTATGC-1,1,51,103,6855,27843.0,6855,4234.0063,High,1,10,0,3,0,4,6,3,1869.0623317588957,0.6931471805599453,-0.34279826283454895,0.06367600904362046,-0.050740115344524384,0.7900255635153763,0.021399151533842087,0.9106329124743666,-0.0073274048045277596,0.9693456987888173,-0.21770024299621582,0.24782322192304607,0.39069467782974243,0.032788569179773436,0.051016267,0.0,0.14383687,0.10170995,0.12860626,0.12767306,0.4471576,0.27039543,0.6236931,2.2192323,2.7915561,0.30345422,0.5478746,0.46128172,1.5943989,1.1303139,2.2214231,0.5220364,0.49927938,Medullary_cords,239.0
GGCAGCGGTAATCCTA-1,1,14,100,6087,21370.0,6087,4158.962,Medium-High,1,12,3,5,4,3,3,5,2990.3406160502855,0.0,0.07337497919797897,0.6999896402353792,-0.14200444519519806,0.45413048540748824,-0.2036575973033905,0.2803901805295897,0.020256876945495605,0.9153858537882622,0.24128404259681702,0.19897092245821826,0.03699634224176407,0.8461029688092286,0.07144323,0.00013412937,0.0798191,0.088455185,0.30327845,0.0,0.45686984,0.19221053,0.54306614,2.01854,2.674924,0.30157617,1.2644136,0.39167604,1.4647803,0.9261801,2.1379097,0.0,0.3499055,Medullary_cords,477.1687332590014
GGCATACAGGTAGCGG-1,1,34,32,3091,8267.0,3091,3363.2754,Low,5,7,6,5,3,6,3,5,3884.417202103811,1.0114042647073518,0.15482427179813385,0.4139756021603836,-0.09848827123641968,0.6046100302293329,-0.0903690755367279,0.6348486787796805,0.056588515639305115,0.7664543633359593,0.047223854809999466,0.8042867572284698,0.3006232678890228,0.1064826491977618,0.15846142,0.0,0.16446732,0.6770713,0.0,0.0,0.0,0.19153954,0.99188197,1.7428534,2.561989,0.09910306,0.45098713,0.25278097,1.4081044,1.3663893,1.8816998,0.0,0.13213742,Medullary_cords,364.6601157242179
GGCATATCGGTTCTGC-1,1,17,83,5875,19866.0,5875,4234.2896,Medium-Low,3,5,2,7,4,3,8,2,2538.2466389222304,0.0,-0.6853068470954895,2.933680003649395e-05,-0.37762174010276794,0.039656509226078045,-0.3981499671936035,0.02932481458746159,0.21320101618766785,0.2579723948711661,0.2435339391231537,0.19468644122674808,0.08662749081850052,0.6489838341054922,0.042386252,0.0,0.0,0.37071082,0.27750126,0.0,0.3094017,0.21696895,1.1296437,1.6519166,2.65229,0.13802814,1.4714148,0.6160491,1.2715834,1.6121542,1.9433072,0.10192775,0.3374258,Medullary_cords,275.98007174431996
GGCATCAACGAGCACG-1,1,5,51,5646,17365.0,5646,4284.0156,Medium-Low,3,8,2,0,1,5,5,6,4701.494655957827,0.0,-0.25308331847190857,0.17721439457348476,-0.02785758674144745,0.8838211925245156,-0.28905588388442993,0.12132547630723371,-0.18809765577316284,0.3195427905646961,0.2521025538444519,0.1789561228579417,-0.14180104434490204,0.4547838388905609,0.08087248,0.0028427264,0.06705363,0.53769577,0.082638726,0.024387667,0.2045089,0.18675973,0.92268306,1.6876318,2.3834739,0.11370203,0.69267964,0.20948674,1.2777534,1.7729129,1.7204217,0.11370203,0.37075213,T_cell_zone,413.0012106519786
GGCATTGAACATCTCA-1,1,74,58,5684,16934.0,5684,4351.9355,Medium-Low,3,4,0,1,2,1,0,1,4780.732684432377,0.0,-0.20153890550136566,0.2855315745657524,-0.10277079045772552,0.5889110221156106,-0.017088327556848526,0.9285844947239904,0.08058591187000275,0.6720606020307648,-0.19630514085292816,0.2984887638306374,0.34324464201927185,0.06330907311305023,0.18303289,0.0,0.0030235976,0.3964069,0.36084616,0.0,0.05669044,0.26929313,0.60700643,2.209521,2.7428925,0.27152532,0.7492759,0.11602746,1.5934957,1.2099969,2.0197551,0.0,0.16991574,Medullary_cords,601.0033277778085
GGCCACAAGCGATGGC-1,1,4,44,5843,19304.0,5843,4250.6064,Medium-Low,3,8,2,0,1,5,5,6,5074.807286981448,0.0,-0.13333141803741455,0.4824290444963386,-0.1969193071126938,0.296949366508369,-0.1349642276763916,0.47703329811200146,-0.07790420204401016,0.6823997516475698,-0.10110236704349518,0.5950060325335077,-0.05683978274464607,0.7654460655000986,0.042523824,0.0003550427,0.036570404,0.6080077,0.2207691,0.0,0.091773845,0.2436505,1.0655943,1.4226477,2.4717798,0.15653601,0.55249107,0.1932374,0.72309923,1.8644712,1.7619257,0.17776008,0.37615657,T_cell_zone,601.2096140282522
GGCCCAGCTGGTTTGC-1,1,70,74,6124,27151.0,6124,3623.941,High,2,6,5,2,2,1,2,4,3952.8485931034597,0.45056120886630463,0.24659937620162964,0.18895250425573581,-0.01841646060347557,0.9230496749872942,-0.0935777947306633,0.622825805893574,0.03777149319648743,0.8429178004248263,-0.2752881646156311,0.1409218317400312,0.28421151638031006,0.12797622924760893,0.067186624,0.0017966386,0.4146625,0.20899351,0.11764798,0.0,0.1897127,0.3067667,0.5975335,2.183635,2.4960175,0.26500264,0.4311853,0.2258018,1.19236,0.941308,3.2406611,0.07840164,0.3183362,Medullary_cords,363.6756796927724
GGCCCAGTTATCAGCA-1,1,12,116,7020,27963.0,7020,4393.223,High,1,12,4,6,4,3,7,5,3662.5893845747983,0.6931471805599453,-0.10428056120872498,0.5834192014298067,0.11517994850873947,0.5444598368058863,-0.2732323408126831,0.14403453559272802,-0.14808158576488495,0.43484227994218955,-0.3021416664123535,0.10464014990922582,0.09008213877677917,0.6359283202629077,0.077393614,0.06778695,0.23216416,0.08976629,0.0,0.031336352,0.5015527,0.23384053,0.34984133,2.1186864,2.9026706,0.21133153,0.45917135,0.43336236,1.695653,0.8182423,1.8829875,0.07643716,0.4950198,Medullary_cords,137.00364958642524
GGCCCGGAGCATGTCT-1,1,35,119,7078,29656.0,7078,4247.507,High,5,0,0,1,0,4,1,1,2163.835714651184,1.0397207708399179,-0.007708527147769928,0.9677520687677504,-0.29527539014816284,0.11316584308914587,0.07188147306442261,0.7058239379796081,-0.07667935639619827,0.6871410096724425,0.06462252140045166,0.7344085602694465,0.16538140177726746,0.38245734882052895,0.14137733,0.0,0.048166413,0.22465017,0.18760337,0.004703414,0.3934993,0.30459926,0.59082186,2.3201995,2.7972665,0.3252141,0.50931835,0.37626025,1.7921723,1.0923417,2.0860362,0.14529741,0.36709023,Medullary_cords,275.0
GGCCCTCACCCACTTA-1,1,37,23,3222,8697.0,3222,3354.9604,Low,5,7,6,5,3,6,3,5,4475.327585775146,1.0114042647073518,-0.28046026825904846,0.13330743133060077,0.21144720911979675,0.2620012913770859,0.41100189089775085,0.02405512898428694,-0.3055335283279419,0.1006108288660176,-0.3741723895072937,0.04164877390444812,0.19005486369132996,0.31444073210184653,0.091592796,0.0063422737,0.046854086,0.079778396,0.033552233,0.38758972,0.35429046,0.18662028,0.3878332,1.9426007,2.7784142,0.0956885,0.6812477,0.191377,1.3955448,0.841241,1.5739682,0.29849368,0.12758467,Medullary_cords,238.76766950322232
GGCCGAGACTCTGGTG-1,1,62,32,6211,22277.0,6211,4142.706,Medium-High,3,1,0,0,5,0,0,3,4808.800266178665,0.6365141682948128,-0.3450590968132019,0.06183450967386513,-0.26190999150276184,0.16207406794832488,-0.3084104359149933,0.09728579148887667,-0.1847064197063446,0.32850349392137806,-0.010082736611366272,0.9578274948525425,0.2733387351036072,0.14387223297573834,0.027002366,0.0,0.17713271,0.27575433,0.32725975,0.0,0.19285089,0.32814217,0.95799845,1.7702873,2.675346,0.21913612,0.6773216,0.1727861,1.1956513,1.4469652,2.4188414,0.42650086,0.37254843,Medullary_cords,276.3494165001982
GGCCGCAGGAACCGCA-1,1,68,116,5973,20077.0,5973,4175.8115,Medium-Low,1,13,3,6,7,1,7,5,4077.869173968189,0.9433483923290391,-0.1457749605178833,0.4421100570971269,0.0983218401670456,0.6052237053921967,0.3767668604850769,0.04014299457395805,0.16287682950496674,0.38980586003125717,-0.44943565130233765,0.012716237386782585,-0.052610792219638824,0.7824651946223842,0.046675563,0.00032860166,0.07038421,0.04002713,0.1894127,0.23964153,0.41353026,0.22341722,0.50447756,2.1354156,2.8357427,0.13693187,0.48072472,0.20065865,1.6797476,0.90078825,2.8202019,0.0,0.8437463,Medullary_cords,137.92751719653333
GGCCGGCGTCTGCTAT-1,1,65,79,5204,14668.0,5204,4200.807,Low,5,6,4,1,2,1,1,1,3293.17734110995,1.0114042647073518,-0.19901713728904724,0.29172910912940525,-0.1321033537387848,0.486507837403349,-0.19555190205574036,0.30038360752595344,0.13194850087165833,0.4870234008965697,0.1454518884420395,0.4431332188555037,-0.16857755184173584,0.3731972878236547,0.09147432,0.0050386963,0.12362945,0.20721506,0.11601003,0.2672676,0.18936487,0.2375019,0.7049522,2.2786047,2.745271,0.12997347,0.5533181,0.36747536,1.8910313,1.1789641,1.9214927,0.40839365,0.31666923,Medullary_cords,0.0
GGCCGTTTGGGTTTCA-1,1,59,45,5593,17592.0,5593,4199.589,Medium-Low,2,2,0,2,5,0,0,3,3884.796648474666,0.45056120886630463,-0.1477711796760559,0.43581650098730107,0.08302386105060577,0.6627118106758235,0.18171587586402893,0.33653188331641903,0.3128029704093933,0.09237008564936836,-0.5691958069801331,0.0010285502858749405,0.010937035083770752,0.9542578262566677,0.03916629,0.06589199,0.19713588,0.13695723,0.06285325,0.19236419,0.30563116,0.18983676,0.57676834,2.227627,2.69965,0.52393687,0.60448635,0.5216781,1.4201939,1.0054357,2.548213,0.112520404,0.5950205,Medullary_cords,239.00209204105306
GGCCTGCTCTGATGTT-1,1,72,64,3403,7514.0,3403,3778.5757,Low,2,4,0,1,2,1,1,3,4395.235261052587,0.6931471805599453,-0.3907621204853058,0.03275581480578559,-0.2667665481567383,0.15414870551519375,-0.1706986129283905,0.36712516118958627,0.05368693917989731,0.7781246679385719,-0.1879514753818512,0.31992589698948154,0.25758886337280273,0.16936636469921076,0.055119604,0.13014552,0.009334225,0.023376113,0.2723675,0.0,0.509657,0.30677235,0.5547641,2.0777674,2.6283643,0.30677235,0.40198654,0.21155815,1.7975769,0.9033652,2.1477892,0.0,0.21632117,Medullary_cords,275.0018181758077
GGCCTGCTTCTCCCGA-1,1,59,113,5491,17829.0,5491,4052.243,Medium-Low,1,13,3,5,7,1,3,5,3047.5646014481795,0.410116318288409,-0.04057803004980087,0.8314061298619605,0.2047751545906067,0.2777023248933599,0.11040444672107697,0.5613785096801358,0.14766409993171692,0.4361528505193506,-0.051819488406181335,0.7856609338050969,0.2725033462047577,0.14515017410855147,0.028915571,0.06759864,0.15299228,0.06532645,0.1550012,0.18798879,0.34217703,0.37832797,0.6596212,2.0054064,2.7329028,0.20534429,0.6081839,0.16696961,1.8390033,1.0281147,2.070302,0.111313075,0.80924964,Medullary_cords,0.0
GGCGAAATCTAACTTG-1,1,43,87,6309,20273.0,6309,4518.441,Medium-High,0,10,7,4,0,4,4,0,602.7354311802153,1.0114042647073518,0.161105677485466,0.395051106636376,-0.08764814585447311,0.6451158159836717,-0.0630335807800293,0.7407137863572494,-0.26731547713279724,0.1532707488733861,-0.28239694237709045,0.13053515021085993,0.021650098264217377,0.9095891362230203,0.16560069,0.0,0.08131802,0.1670978,0.17778954,0.26126942,0.14692457,0.35807014,0.5455177,2.3294125,2.758878,0.15036845,0.64515275,0.5914471,2.2505007,0.89260346,1.9775062,0.0,0.18123306,B_cell_zone,0.0
GGCGAGCATCGAGGAC-1,1,0,26,6866,28376.0,6866,4291.524,High,4,8,1,4,1,5,4,7,6239.432826788025,0.5004024235381879,-0.3921647071838379,0.03208060933229113,-0.3074752390384674,0.0983574231081921,-0.22130513191223145,0.23988469729831544,0.10664641857147217,0.5748590577739311,-0.2570439875125885,0.17030213498357014,0.3161519467830658,0.0887506788334439,0.15996195,0.07975325,0.05657733,0.21284303,0.26852068,0.22234376,0.0,0.11321509,0.51745707,2.0043294,2.5316508,0.11321509,0.31878895,0.6204755,1.8957019,0.9895052,1.8805948,0.0,0.29754004,B_cell_zone,0.0
GGCGAGCGAAACGGCA-1,1,51,7,8036,43400.0,8036,4106.992,High,2,7,0,2,3,0,2,4,5789.233541670262,1.3296613488547582,-0.3391229510307312,0.06676067472197898,-0.23196536302566528,0.21740847329869517,0.06227012723684311,0.7437492128029644,-0.21814434230327606,0.24683597517711242,-0.1527482271194458,0.4203398748211947,0.012303974479436874,0.9485479300676208,0.02701351,0.07473908,0.41511583,0.19118652,0.064218044,0.0,0.22772698,0.31230664,0.58660585,1.9496298,2.613636,0.21301472,0.5634415,0.57092494,1.2787943,0.9766255,2.843549,0.56307745,0.3679353,Medullary_cords,365.3833603217311
GGCGCAGGACATCTTC-1,1,37,27,2270,4651.0,2270,3183.3145,Low,1,7,6,5,3,6,3,5,4200.4145033555915,0.6365141682948128,-0.20217150449752808,0.28399019136660325,0.1511041820049286,0.42541811650195377,0.20854060351848602,0.26876844350287127,-0.20476505160331726,0.2777265492097053,-0.49286580085754395,0.0056544955137429465,0.14812029898166656,0.43472086048801084,0.018786166,0.005672277,0.08276897,0.24012749,0.44839698,0.0,0.20424804,0.0,0.56784767,1.828571,2.780593,0.14344664,0.495382,0.14344664,0.9952478,1.18651,1.9410396,0.28689328,0.19126219,Medullary_cords,137.55726080436466
GGCGCATGAATTGATG-1,1,42,54,5023,13683.0,5023,4217.519,Low,5,9,4,1,3,7,0,3,2388.754068547032,1.0114042647073518,-0.22689658403396606,0.22791003680093264,0.04181211441755295,0.8263548999982022,-0.2061900645494461,0.2743231725363228,0.3638780415058136,0.04807426910167785,0.15368488430976868,0.4174617825457771,0.349560022354126,0.05829258515462005,0.12509842,0.0,0.056672495,0.14196965,0.0,0.29799291,0.3782666,0.5728128,0.7259565,2.3657727,2.7689188,0.13715082,0.5332284,0.3623606,1.915599,1.048502,1.9885669,0.13715082,0.5264751,Medullary_cords,0.0
GGCGCGGAGATCTTTC-1,1,58,86,6409,21963.0,6409,4354.0264,Medium-High,3,6,2,0,2,1,0,6,2399.633305319794,0.45056120886630463,-0.3875545263290405,0.034343212302751516,0.07834474742412567,0.680697325357208,0.2660955786705017,0.15522675218744844,0.3015650808811188,0.10533696824275202,-0.1907482147216797,0.31264551734404616,0.052935339510440826,0.7811554860652807,0.04418211,0.06945182,0.11768199,0.27250758,0.08331087,0.17427921,0.23858647,0.3197205,0.8624972,1.8518987,2.7820444,0.34947973,0.33110934,0.63950974,1.1865358,1.4209676,1.9937706,0.187617,0.37651965,Medullary_cords,276.4814641164937
GGCGCGTTCGAGTTTA-1,1,47,59,4400,10925.0,4400,4103.7065,Low,1,2,0,3,0,7,6,3,2268.245577533438,1.0114042647073518,-0.15014727413654327,0.42838939645865953,-0.13156715035438538,0.48829424874966243,-0.1363249123096466,0.472560785475636,-0.1220177561044693,0.5206603151055128,0.3668922781944275,0.04611640223751387,0.037225618958473206,0.8451605992119893,0.011800334,0.0011623835,0.14223817,0.08817187,0.19146538,0.0,0.56516176,0.19241253,0.6188884,1.9911183,2.9413137,0.32494545,0.69624937,0.32755864,1.3200253,0.9152404,2.2806945,0.5902996,0.5018483,Medullary_cords,414.2764777295472
GGCGCTCCTCATCAAT-1,1,17,19,7295,28668.0,7295,4595.9863,High,4,11,1,4,1,5,4,7,5374.90018511972,0.6829081047004717,-0.3843873143196106,0.03597099679638156,-0.09628432989120483,0.6127578129991437,0.03205982968211174,0.8664413535641148,-0.14114196598529816,0.4569043300657838,-0.3600112795829773,0.050681877736780866,0.054328542202711105,0.775539930268478,0.20185119,0.0,0.032688458,0.34515294,0.18957172,0.23073569,0.0,0.14961544,0.7561864,2.175828,2.8683965,0.16971391,0.5352514,0.7781897,2.0754683,0.9557159,1.9877453,0.0,0.29923087,B_cell_zone,0.0
GGCGCTTCATTCCCTG-1,1,67,71,5017,14322.0,5017,4123.3604,Low,2,6,0,2,2,1,2,3,3666.0295961707675,0.8675632284814613,0.4918390214443207,0.005770844378090508,0.12106284499168396,0.5239532442098479,-0.2290133386850357,0.22348375087637118,-0.019973022863268852,0.9165674050004466,-0.21705135703086853,0.24927040632736228,0.2942005395889282,0.11454594823672481,0.062351156,0.19649734,0.2997284,0.13563065,0.09690857,0.026885532,0.18199843,0.3828554,0.7110722,2.1755214,2.6886208,0.2824211,0.62291783,0.24164483,1.4862235,0.80648535,2.3876922,0.13239612,0.379594,Medullary_cords,138.42326394071193
GGCGGAGTAATATTAG-1,1,32,46,7115,31894.0,7115,4061.1423,High,2,9,3,2,3,6,2,5,2979.0887868608415,1.0986122886681096,-0.22627636790275574,0.22921805722791896,0.154440775513649,0.4151471622969301,0.2882665991783142,0.12239127319175386,-0.05054344981908798,0.7908214894509419,-0.5686739683151245,0.001042074182873999,-0.0572182722389698,0.7639279523925331,0.101360835,0.05025046,0.10435536,0.109368265,0.20141831,0.22814088,0.20510595,0.27239174,0.34009036,2.4157794,2.828583,0.17781875,0.41648716,0.27275994,1.6984107,0.85001004,2.617291,0.06818305,0.4192248,Medullary_cords,137.0
GGCGGTAGGATCATTG-1,1,31,69,5473,15989.0,5473,4315.5503,Medium-Low,5,3,4,6,4,2,7,1,1553.488010896769,0.6365141682948128,0.09349454194307327,0.6231365681513783,-0.1832789182662964,0.3323209902472702,0.07391118258237839,0.697899047992881,0.10168668627738953,0.5928683264843552,-0.3449673652648926,0.06190840706269922,0.06555240601301193,0.7307264033127331,0.0718113,0.1345071,0.08026804,0.15337493,0.0,0.23754656,0.3224921,0.25351688,0.6616787,2.3093092,3.0017424,0.24289824,0.56170356,0.29421073,2.0485203,1.0663075,1.9871377,0.24289824,0.61439526,B_cell_zone,0.0
GGCGTACCCTATATAA-1,1,2,52,6490,24380.0,6490,4263.986,Medium-High,3,8,2,0,1,5,5,6,4973.105669498688,0.0,-0.4790259599685669,0.007403069327012594,-0.17432908713817596,0.3568679987180972,-0.021022651344537735,0.9121991829478384,0.19848614931106567,0.29304487838101895,-0.037242282181978226,0.8450921184365741,-0.08193983137607574,0.6668627053664404,0.05253962,0.0009951888,0.012707928,0.4783977,0.21104892,0.20911554,0.03519515,0.23922917,1.0776072,1.6318593,2.5603254,0.20377696,0.28704557,0.26109347,1.1394252,1.6637235,1.7258823,0.0,0.46232745,Medullary_cords,364.00137362378183
GGCGTAGGGAAAGCTG-1,1,64,82,6687,23707.0,6687,4426.012,Medium-High,5,6,4,1,2,1,1,1,3142.209572896117,1.5607104090414068,-0.09598426520824432,0.613870663648154,0.07816756516695023,0.6813818372298462,-0.4284818470478058,0.018157177530952112,-0.12690959870815277,0.5039508549115567,0.055324893444776535,0.7715307317651493,-0.004604474175721407,0.9807344055345653,0.14670776,0.0,0.0,0.21825543,0.15238276,0.19611862,0.2865355,0.28800446,0.6207899,2.1955354,2.8649673,0.12045914,0.6017875,0.41999224,1.8322847,1.1678816,1.8230965,0.17596759,0.19495136,B_cell_zone,0.0
GGCGTCCTATCCGCTG-1,1,31,33,5257,16440.0,5257,4091.8428,Medium-Low,3,7,2,0,3,6,5,6,3877.6519957314376,0.6365141682948128,-0.31550049781799316,0.08944613144501058,-0.3631852865219116,0.04853343435165747,0.12240645289421082,0.5193228201464337,0.26486635208129883,0.15721576498929413,-0.2779780328273773,0.13692331932530913,0.014454416930675507,0.9395703927526775,0.11355169,0.0,0.0,0.44250625,0.13023713,0.30377078,0.009934156,0.09949371,0.88267636,1.7986245,2.8957827,0.2375803,0.34808934,0.4027782,1.4777712,1.5983801,1.7101637,0.0,0.2375803,Medullary_cords,138.42326394071193
GGCTAAAGGGCGGGTC-1,1,19,99,6534,24638.0,6534,4276.9624,Medium-High,5,0,3,1,4,2,1,1,2397.9643450226695,1.0114042647073518,-0.06532146036624908,0.7316403581343046,-0.09359512478113174,0.6227611250442839,-0.017497174441814423,0.9268803192556455,-0.007069767452776432,0.9704230529508194,0.05699050426483154,0.7648414223737994,-0.0035237339325249195,0.9852557728705091,0.061596412,0.13065071,0.0109766405,0.17376922,0.2498087,0.12673144,0.24646683,0.33330446,0.7048563,2.12421,2.7417965,0.20204163,0.5427337,0.2654518,1.7335078,0.95090187,1.9219363,0.0,0.43507025,Medullary_cords,600.4839714763417
GGCTAATGATTGAAAT-1,1,11,113,6743,24521.0,6743,4417.2627,Medium-High,5,12,4,1,4,3,1,1,3663.1971008942446,0.6365141682948128,0.09568896144628525,0.6149666789611034,0.26799100637435913,0.15219524823085712,-0.19525016844272614,0.30114476799245715,-0.029717927798628807,0.876120098789834,-0.28294891119003296,0.12975282390150278,0.006066450383514166,0.9746190621540493,0.14589435,0.088474914,0.0,0.21721846,0.3069385,0.027050417,0.21442333,0.09988201,0.6033628,2.460062,2.9730606,0.12826422,0.33449924,0.39162654,2.2646449,1.00738,1.7187159,0.0,0.4178397,B_cell_zone,0.0
GGCTACTATACACTCC-1,1,64,44,6263,20964.0,6263,4374.1772,Medium-High,0,4,4,1,2,0,1,0,4344.344024130685,1.5607104090414063,-0.42137473821640015,0.020391545681763847,0.012967917136847973,0.9457754328976973,0.24156108498573303,0.19843986350932188,0.008851100690662861,0.9629752500900073,-0.31590884923934937,0.08900971372779042,-0.23916517198085785,0.20306503843957924,0.16984583,0.101711735,0.1271083,0.20125002,0.067519255,0.0,0.3325649,0.18124728,0.42639944,2.300784,2.7016752,0.195017,0.42572844,0.5099483,1.9923005,1.0873151,1.9802675,0.195017,0.37293506,B_cell_zone,0.0
GGCTATTAAGTTGTAT-1,1,33,41,6111,20314.0,6111,4373.298,Medium-High,0,9,7,4,3,6,4,0,3290.509079154774,1.0114042647073518,-0.36627116799354553,0.046514557157373675,0.0476410947740078,0.8025912034315156,-0.36567991971969604,0.0468961048353116,0.10071353614330292,0.5964303937392628,0.07453064620494843,0.6954865302430551,-0.25240281224250793,0.1784216245828299,0.16863653,0.0055944677,0.0,0.290363,0.48532978,0.010295316,0.039780866,0.13571098,0.69015867,2.2936268,2.8860655,0.100074835,0.5061033,0.55694354,2.2251995,1.2595133,1.6221232,0.0,0.21787873,B_cell_zone,0.0
GGCTCCTCCACCTGTT-1,1,59,35,5308,15259.0,5308,4236.5454,Low,5,1,4,1,5,0,1,1,4431.680155426382,1.0114042647073518,-0.2955249547958374,0.11284718154412804,-0.0258881114423275,0.8919853694330561,-0.3193322718143463,0.0854144975550343,-0.14199915528297424,0.45414747104625114,-0.31409165263175964,0.09096431532190065,0.0503116138279438,0.7917600187616621,0.10167881,0.098305956,0.0,0.13245654,0.23694684,0.0,0.43061185,0.32173917,0.5470816,2.5566378,2.8082938,0.35673565,0.25203246,0.29372758,1.9191941,0.9933902,2.0472257,0.3780487,0.3492415,Medullary_cords,0.0
GGCTCGCGTTGAGGTA-1,1,31,93,6077,20231.0,6077,4287.7817,Medium-Low,3,0,2,0,0,2,5,6,906.0270415390481,0.45056120886630463,0.08202562481164932,0.6665338373250144,0.013916265219449997,0.9418163975056758,-0.28645947575569153,0.12485750541085257,-0.3998294174671173,0.02858713346437175,0.07281697541475296,0.7021675136103237,0.003886285237967968,0.9837389524005308,0.05273286,0.0,0.16274115,0.3434815,0.0,0.18284461,0.2581998,0.27298135,1.0959704,1.6805694,2.4844139,0.1361342,0.6699166,0.3502242,1.0178809,1.6411436,2.2014027,0.20082591,0.35239533,Medullary_cords,496.9557324349926
GGCTCGTGCCACCAGC-1,1,20,38,7032,27408.0,7032,4432.237,High,3,11,2,0,1,5,5,6,4060.9626937463977,0.0,-0.6254104971885681,0.000219423340846297,0.005476873833686113,0.9770850687357248,-0.03526269271969795,0.8532352367886733,0.010720218531787395,0.9551637103181614,0.2447272539138794,0.19244016457190555,0.20413638651371002,0.27923659883643825,0.02230061,0.0,0.026823359,0.34411785,0.32701343,0.20609063,0.073654145,0.42124048,0.8777075,1.6869075,2.7170596,0.40733862,0.7206286,0.41302782,1.0491354,1.50266,2.3333673,0.07776241,0.42396617,Medullary_cords,477.53533900644464
GGCTCTGCTCCAACGC-1,1,26,72,5589,17382.0,5589,4187.1963,Medium-Low,3,3,2,0,4,2,5,6,1810.3538328183251,0.6365141682948128,-0.24321962893009186,0.1952811059588641,-0.18737731873989105,0.3214333805211341,-0.11835812032222748,0.5333346868038993,-0.2298271209001541,0.2217976481329016,0.14310474693775177,0.4506048412290213,0.01544097624719143,0.9354541269723927,0.0704988,0.0,0.3489374,0.41023546,0.12378235,0.0,0.046545982,0.32901344,1.0076625,1.825876,2.5926256,0.26613826,0.70690525,0.26613826,1.1627154,1.4720849,2.5757668,0.19143853,0.16713452,Medullary_cords,496.9557324349926
GGCTGAAATAGCAAAG-1,1,49,79,6412,21536.0,6412,4395.098,Medium-High,1,10,0,3,0,4,6,3,1455.7530697202737,0.45056120886630463,0.11930131167173386,0.5300540990207487,-0.5578526258468628,0.0013597731352249928,0.3318692743778229,0.07318872813218162,-0.5773454904556274,0.0008363692674847237,0.39027541875839233,0.03299278246495603,-0.35881856083869934,0.05150840531596902,0.04100372,0.05646476,0.23616272,0.052496973,0.0,0.22908308,0.3847887,0.28799084,0.46701473,2.2407186,2.7512574,0.17746174,0.5753029,0.19070926,1.57182,0.81455624,2.471555,0.7842169,0.51856077,Medullary_cords,364.00137362378183
GGCTGAGCATCGTAAG-1,1,9,99,6074,21606.0,6074,4144.027,Medium-High,1,12,3,6,4,3,3,5,3554.803229434788,1.2424533248940002,0.038715869188308716,0.839040555036703,-0.06753825396299362,0.7228825445519647,0.11225958913564682,0.5547776263115997,-0.18707361817359924,0.32223253483824527,-0.16971725225448608,0.3699273081218556,0.05888329818844795,0.7572598216859326,0.10878314,0.00042733358,0.12332654,0.24042818,0.15816163,0.0,0.36887318,0.21366954,0.5102595,2.0265458,2.8249006,0.17700958,0.81487143,0.31277108,1.7199168,1.157274,2.2775998,0.09509764,0.39870936,Medullary_cords,138.0
GGCTGGCAATCCCACG-1,1,76,88,3499,7656.0,3499,3857.289,Low,5,6,7,1,2,1,1,1,4552.013290841756,0.6615632381579821,-0.1528928428888321,0.4198947923067034,0.31311795115470886,0.09202497346723194,0.3353380560874939,0.07005757751925176,0.12444032728672028,0.5123517641050657,-0.1648392677307129,0.38404114292704,0.264820396900177,0.15729047742396396,0.18620792,0.26588744,0.08629907,0.0,0.0,0.0,0.4616056,0.10444825,0.18568578,2.4688573,2.9468486,0.10444825,0.2088965,0.0,1.839653,0.64168644,1.9659497,0.2088965,0.21405885,Medullary_cords,0.0
GGCTGGCTAGCTTAAA-1,1,11,29,7492,32767.0,7492,4354.4087,High,3,8,2,0,1,5,5,6,5191.429186649857,0.0,-0.8115857243537903,5.276490920893751e-08,-0.21100938320159912,0.2630134510882318,0.29420384764671326,0.11454168158667037,0.15313632786273956,0.41914601280031644,-0.36250463128089905,0.0489879623174949,0.03979725390672684,0.8346053408510338,0.050958116,0.0,0.14650269,0.46351093,0.14743066,0.0067130127,0.18488456,0.25796455,0.9123111,1.6008818,2.604579,0.18570691,0.729493,0.3618838,1.2458212,1.6580836,2.2873926,0.18570691,0.50599635,Medullary_cords,365.0986168146902
GGCTGTCCTACTGCGG-1,1,76,50,5350,17420.0,5350,4075.3357,Medium-Low,3,4,2,0,5,1,5,6,5249.894189409916,0.0,-0.3042896091938019,0.10207472557312942,0.0005515606608241796,0.9976920043728168,-0.3756774365901947,0.04076987037008266,-0.01276015117764473,0.9466429584511152,-0.11703844368457794,0.5379409787068435,0.16832225024700165,0.37393210025216167,0.09407327,0.0019644331,0.24279532,0.39552155,0.037420552,0.0,0.22822481,0.3341005,0.89666283,1.6683955,2.6585813,0.17012799,0.48328015,0.3908878,1.0447432,1.2418257,2.0421016,0.0,0.07561244,Medullary_cords,237.9012400135821
GGCTTCTCGTGGGTGG-1,1,76,82,3991,10019.0,3991,3909.998,Low,0,6,7,4,2,1,4,0,4570.7125265105005,0.9002560512685369,-0.3494645357131958,0.058366035215984366,0.313178688287735,0.09195853887446456,0.3960976004600525,0.030247226573087687,0.1768260896205902,0.349913358554416,0.04967740923166275,0.794328890026248,0.466653048992157,0.009334769987051903,0.18132046,0.0,0.13114724,0.17581968,0.18153141,0.03664569,0.29353553,0.086524814,0.38455474,2.127077,2.8909707,0.086524814,0.3968021,0.3968021,1.7786298,0.8273886,1.876745,0.0,0.41362408,Medullary_cords,137.0
GGCTTTCAATAAGGGT-1,1,60,62,7027,25742.0,7027,4461.605,High,1,2,0,3,2,1,6,3,3185.700707850629,0.6365141682948128,0.15548452734947205,0.4119628966765921,0.047144245356321335,0.8046103683184184,-0.0425724983215332,0.8232459386886484,-0.07431763410568237,0.6963157843312577,-0.20568308234214783,0.2755309045475576,0.20482060313224792,0.2775933680189986,0.039183844,0.048524667,0.11269399,0.1201576,0.09640366,0.22788796,0.35514826,0.37501276,0.56623936,1.9886079,2.9040031,0.25048852,0.527306,0.38400096,1.4427991,0.82398057,2.3295927,0.082050644,0.51025224,Medullary_cords,275.98007174431996
GGGAACCACCTGTTTC-1,1,1,35,6099,21239.0,6099,4328.5728,Medium-High,4,8,1,4,1,5,4,7,5740.3144513171055,0.0,-0.7394182085990906,3.0419646650550185e-06,-0.3806961476802826,0.037945898516779104,0.16351857781410217,0.38791525796324827,0.2582547068595886,0.1682277998954558,-0.3237905204296112,0.08090012249884959,-0.03958877921104431,0.8354600008576285,0.16152444,3.7614253e-05,0.0,0.21444044,0.37155885,0.0,0.2524386,0.11008617,0.547638,2.1233883,2.5456345,0.04823041,0.37363458,0.9651358,1.7424653,1.0303977,1.666316,0.0,0.06430721,B_cell_zone,137.55726080436466
GGGAACGGGAGGTTAG-1,1,39,37,4086,11293.0,4086,3781.0752,Low,1,9,3,5,3,6,3,5,3512.369712886159,0.8675632284814613,-0.308279812335968,0.0974349392656164,-0.08431762456893921,0.6577706129446528,0.18221016228199005,0.33519676527817555,0.229618102312088,0.22222989633141876,-0.08577778190374374,0.6522108563406763,0.3002791702747345,0.1069035511400894,0.036931954,0.004209796,0.17892535,0.13236246,0.062812686,0.025852913,0.5589048,0.39586818,0.41615564,1.7979628,2.9206536,0.07927962,0.62357694,0.31711847,1.4868566,0.96171427,2.03796,0.31711847,0.6335304,Medullary_cords,137.92751719653333
GGGAACGGTTTCAGAT-1,1,64,32,6376,23138.0,6376,4299.4595,Medium-High,3,1,2,0,5,0,5,6,4955.68209230576,0.0,-0.3648090362548828,0.04746263538930443,-0.10690439492464066,0.5739290546929623,-0.1611953228712082,0.3947846579795146,-0.14119939506053925,0.45671935160166666,0.1827489733695984,0.33374506097787476,0.32542622089385986,0.07929055269984,0.03174957,0.0,0.1319906,0.5174426,0.29936057,0.013472792,0.0059838193,0.2762643,0.85107046,1.5057294,2.5058053,0.08980435,0.7045253,0.23863658,0.97220707,1.4829903,1.7713399,0.08980435,0.27714682,Medullary_cords,498.89477848540366
GGGAAGACGGTCTGTC-1,1,64,76,5640,18646.0,5640,4072.6716,Medium-Low,2,6,0,3,2,1,0,3,3222.5475946834363,0.8675632284814613,0.20354443788528442,0.28066327011089326,-0.11887603253126144,0.531532095239503,-0.14926263689994812,0.4311463914960569,0.11394691467285156,0.5488051986517609,0.007744327187538147,0.9676023801677684,0.09572593867778778,0.6148293939763873,0.070064306,0.0005087736,0.20016962,0.22339182,0.26832953,0.037689466,0.19984643,0.38621485,0.6648416,2.221385,2.637992,0.2646514,0.48572612,0.34323516,1.5203995,0.7574408,2.4526372,0.107350215,0.6774032,Medullary_cords,238.76766950322232
GGGAAGGGCTTTCTCA-1,1,63,87,6010,19237.0,6010,4371.2314,Medium-Low,0,6,7,4,2,1,4,0,2995.6211375940047,1.3296613488547582,0.2648410201072693,0.1572569457416314,-0.13226516544818878,0.48596940340453604,-0.19427338242530823,0.3036171513318844,-0.33844512701034546,0.06734205440323152,-0.24370019137859344,0.19437240557433658,0.09202882647514343,0.6286180765948227,0.19375157,0.0016992807,0.047284335,0.33572778,0.41981754,0.0,0.0017194733,0.28090563,0.6846108,2.275342,2.8814454,0.08909809,0.50413805,0.2647374,2.052061,0.84623015,2.0440593,0.10464989,0.2894474,B_cell_zone,0.0
GGGAATGAGCCCTCAC-1,1,19,107,4975,15544.0,4975,3935.3347,Low,1,12,3,5,4,3,3,5,2625.195230835223,1.0549201679861442,-0.1443883180618286,0.44651054222109404,-0.08941441774368286,0.6384435477192607,-0.0712914913892746,0.7081332015839836,0.1568325012922287,0.40787084860869316,-0.09335868805646896,0.6236438136559058,-0.007993016391992569,0.9665625806851246,0.08034839,0.0,0.08425961,0.13668735,0.11224345,0.19429308,0.39216816,0.24197184,0.50552773,2.2407374,2.9163861,0.062090967,0.48612645,0.39304706,1.580367,1.0567634,2.2545407,0.12418193,0.38621333,Medullary_cords,238.40302011509837
GGGACAGAGTTACTCC-1,1,57,19,7457,36712.0,7457,3859.4265,High,2,1,5,2,5,0,2,4,5266.923200503307,0.0,-0.0011031515896320343,0.9953839003471121,-0.22452205419540405,0.23294516430287437,-0.10892549157142639,0.5666664424356256,0.10439853370189667,0.5829910264070437,-0.2907933294773102,0.11900354361819286,0.0668630450963974,0.7255464961041591,0.022257784,0.037824858,0.2772039,0.16499826,0.20713651,0.09810876,0.19246994,0.31789258,0.5008782,2.1228638,2.6234837,0.22202069,0.53099877,0.3756488,1.155423,0.95314085,3.000015,0.26976898,0.4042391,Medullary_cords,364.00137362378183
GGGACCCGTATATCTT-1,1,57,53,5721,18958.0,5721,4099.467,Medium-Low,2,2,5,2,2,7,2,4,3314.625167345472,0.45056120886630463,-0.09265663474798203,0.6262677959336281,0.031196586787700653,0.8700068856254106,0.212545245885849,0.25947406834697073,-0.21339774131774902,0.2575230195652281,-0.17436452209949493,0.35676873359000727,0.18919214606285095,0.31668339369722726,0.10995641,0.003763481,0.33785352,0.17590076,0.079136245,0.0,0.2933896,0.32450718,0.59111345,2.3267407,2.7630825,0.090035655,0.6347121,0.35480988,1.710583,1.0333397,2.5080721,0.49780032,0.21181937,Medullary_cords,138.92443989449805
GGGACTGCATAGATAG-1,1,32,60,4634,12978.0,4634,3961.4373,Low,1,3,3,5,1,2,3,5,2056.8998517186005,0.0,0.1344093233346939,0.4788635112058428,0.23479580879211426,0.21168975621991046,-0.04168238863348961,0.826885564756919,-0.030395742505788803,0.8733169236995335,-0.048580605536699295,0.7987765037638316,0.235050231218338,0.21118079704290202,0.04015662,0.0,0.05270447,0.06813531,0.37345704,0.18015386,0.28539267,0.2210893,0.6575802,2.079386,2.7023716,0.18798335,0.609113,0.28564084,1.5010514,0.8400844,2.4346168,0.14282042,0.19042723,Medullary_cords,137.55726080436466
GGGAGAACTCACAGTA-1,1,32,64,4164,11864.0,4164,3763.2498,Low,1,3,3,5,4,2,3,5,1801.530460469653,0.45056120886630463,-0.010788535699248314,0.9548782675101601,0.15008608996868134,0.4285797658079534,0.0588560551404953,0.7573687893347284,0.03667765110731125,0.8474131936124282,0.0014556115493178368,0.9939090676461841,0.10373996198177338,0.5853830476879059,0.10291118,0.0,0.12771383,0.21916133,0.5055977,0.04461598,0.0,0.27632925,0.54962975,2.028637,2.7543595,0.15283321,0.6606314,0.32340866,1.4580411,1.0087813,2.2023594,0.0,0.43121156,Medullary_cords,276.0018115882575
GGGAGCGACCGTAGTG-1,1,68,86,5446,17340.0,5446,4123.558,Medium-Low,5,6,3,1,2,1,1,1,3596.314363344784,0.8675632284814613,-0.01554098166525364,0.9350369591508318,-0.15969356894493103,0.3992617906253753,-0.18398119509220123,0.3304395541980227,0.08246316015720367,0.6648575964743194,0.316925048828125,0.08793070749030972,0.28211483359336853,0.13093632658517196,0.12711352,0.0,0.08527969,0.11941033,0.24957128,0.26686016,0.15176499,0.35324013,0.49486685,2.3340278,2.9945092,0.17076638,0.499803,0.22768852,1.7797688,0.90671086,2.2373269,0.22768852,0.37115014,Medullary_cords,137.92751719653333
GGGAGGATGCCCGAAA-1,1,37,51,4913,15859.0,4913,3797.0457,Low,1,9,3,6,3,7,6,5,2549.5054422377684,0.0,-0.05324016511440277,0.779925898343984,-0.05702296271920204,0.7647112278857332,0.05876797065138817,0.7577211437903195,0.0695156529545784,0.7150993120422608,0.045528631657361984,0.8111845792693503,0.1794728934764862,0.34263094611308076,0.022783378,0.06730218,0.13589147,0.04984734,0.19493341,0.18486641,0.34437573,0.43294924,0.34429145,2.144561,2.826384,0.0,0.41236326,0.40186527,1.6976137,0.56331164,2.7917843,0.2654689,0.57143164,Medullary_cords,138.42326394071193
GGGAGTAATGGCTGGC-1,1,10,42,6361,22130.0,6361,4319.483,Medium-High,1,8,0,3,1,5,6,3,4611.940155726221,0.6931471805599453,-0.2605406939983368,0.16436020160304451,0.16235168278217316,0.39135688423390436,-0.18226823210716248,0.33504012474069644,-0.25881943106651306,0.1672664096503169,0.0746711790561676,0.6949396255432166,0.05038054287433624,0.7914809471022362,0.017655369,0.05728108,0.23462231,0.10213143,0.07553955,0.017255347,0.4955149,0.41248134,0.59897137,1.9777771,2.7845957,0.09321752,0.49757296,0.22030722,1.1789113,0.8319381,2.3212337,0.8919369,0.7540988,Medullary_cords,716.5765834856733
GGGAGTTAATGAGGCG-1,1,33,75,4797,12461.0,4797,4245.104,Low,5,3,4,1,4,2,1,1,1076.118952532665,0.6365141682948128,0.414614737033844,0.022722400607409016,0.0306303258985281,0.8723471273645029,-0.10863859206438065,0.56769484584063,0.29374730587005615,0.11513163590397359,-0.2699548304080963,0.14909952443767033,0.12357255071401596,0.5153203952318773,0.26090112,0.0,0.0,0.46266773,0.2764311,0.0,0.0,0.293741,0.71245396,2.1859381,2.855138,0.22098148,0.47879198,0.34067947,1.7149367,1.2464936,2.0653303,0.14732099,0.20435873,Medullary_cords,137.92751719653333
GGGATATTGATCGCCA-1,1,75,23,6800,27380.0,6800,4176.7217,High,2,1,3,3,5,0,2,3,6297.508872562229,0.6829081047004717,0.08035681396722794,0.672941618691556,-0.0896674171090126,0.6374900637745322,0.11016379296779633,0.5622374164112218,-0.342865526676178,0.06362061034360343,-0.5288584232330322,0.002658699342366423,0.14516034722328186,0.4440576200604558,0.040404342,0.0019535345,0.14328913,0.10866081,0.20241225,0.20320874,0.30007127,0.33960754,0.6966662,2.37893,2.7785964,0.116749786,0.57504326,0.2538505,1.6243289,1.1182076,2.8779638,0.07783319,0.8933128,Medullary_cords,240.00208332429116
GGGATGGACCCGCGTC-1,1,65,5,1692,3303.0,1692,2782.5796,Low,5,1,6,5,5,0,3,5,6564.794665486499,0.5004024235381879,0.4776405394077301,0.007600940527252165,0.20461180806159973,0.2780941538379113,0.08271516859531403,0.6638928451915546,-0.05626467242836952,0.767754449838228,0.012394234538078308,0.9481709860789108,0.07946217060089111,0.6763861069708278,0.14861058,0.0047293487,0.070218205,0.34652153,0.010909347,0.07165339,0.3473576,0.1741448,0.3718788,2.059107,2.6675093,0.0,0.1741448,0.5224344,1.4652848,1.2090687,1.5939956,0.3482896,0.6965792,Medullary_cords,137.0
GGGATGGTCGTAACCG-1,1,47,43,6203,20662.0,6203,4345.226,Medium-High,1,9,0,3,3,7,6,3,3280.00320121795,1.0114042647073518,-0.17372611165046692,0.35855965386974015,-0.0637524425983429,0.7378591354074139,0.2012573778629303,0.28621925686936195,0.21162843704223633,0.26158307664529,-0.39507097005844116,0.03071739347646163,-0.09480942040681839,0.6182358908390567,0.006050719,0.0489104,0.10175239,0.173826,0.14763065,0.23901987,0.28280994,0.43358213,0.5265617,1.9626136,3.0048175,0.30947387,0.34475762,0.2679314,1.3169012,1.1729465,2.0703068,0.46529528,0.7240546,Medullary_cords,238.40302011509837
GGGATTTACCGCACCT-1,1,42,90,5351,14664.0,5351,4412.5156,Low,4,10,7,4,0,4,4,7,498.7604635493876,1.3296613488547582,-0.3196077346801758,0.08513010794281711,-0.1204904317855835,0.5259319880299673,-0.01004492212086916,0.9579855209013055,-0.1385672688484192,0.4652381476475189,-0.15191411972045898,0.42291210540468555,0.13931997120380402,0.46279356345280565,0.11825011,0.1382832,0.14978616,0.035387237,0.20201363,0.3562797,0.0,0.20423356,0.576728,2.269972,2.6909082,0.13000113,0.71218884,0.541271,1.8290391,0.85279363,1.7212595,0.21509622,0.31673232,B_cell_zone,0.0
GGGCAACCGCACGTGC-1,1,55,19,7544,37875.0,7544,3963.8062,High,2,1,0,2,5,0,2,4,5168.106906788984,0.45056120886630463,0.17232751846313477,0.36250173186264767,-0.045927248895168304,0.8095613486115477,-0.13365259766578674,0.48136521092837553,0.1630723625421524,0.3892292559854127,0.10575639456510544,0.5780727484300343,0.22648164629936218,0.22878457237635513,0.03658884,0.040974148,0.35082906,0.08718666,0.15804316,0.0,0.32637817,0.2077268,0.35601774,2.1004624,2.5682666,0.38881576,0.63063955,0.33392894,1.2435316,0.8202128,2.92558,0.4148257,0.5581281,Medullary_cords,497.90159670360566
GGGCACGTAGTACTGT-1,1,70,48,5986,20735.0,5986,4141.3027,Medium-High,2,4,0,3,2,0,6,3,4719.654224622816,1.0114042647073518,-0.17223113775253296,0.36277433208278514,0.1098538488149643,0.5633445076299076,-0.23212483525276184,0.2170835076028574,0.026395108550786972,0.88988261746574,0.2992098331451416,0.10821952250904865,-0.03195404261350632,0.866878159015049,0.044195767,0.0065276227,0.27988562,0.18221305,0.16473861,0.016271181,0.30616817,0.4674406,0.6712458,2.2288764,2.7217662,0.19625719,0.5481486,0.34458098,1.3216279,1.1019208,2.3890834,0.70616466,0.58021,Medullary_cords,602.7354311802153
GGGCACTATTGACCAT-1,1,61,3,989,1609.0,989,2161.4146,Low,3,1,6,5,5,0,3,6,6466.8150584348705,0.45056120886630463,0.14458568394184113,0.44588277080158767,-0.06509612500667572,0.7325324576298519,-0.08586972951889038,0.6518613595005808,0.2232332080602646,0.2357091140011947,0.027206584811210632,0.8865185785407694,0.0012996606528759003,0.9945616260994135,0.0,0.0,0.31063062,0.612545,0.07682435,0.0,0.0,0.0,0.8782968,1.1990249,3.0379343,0.0,0.24702097,0.0,0.32936132,1.7503614,2.4330077,0.0,0.0,Medullary_cords,365.3833603217311
GGGCAGAGCAATCGTT-1,1,58,60,6569,26200.0,6569,3936.9963,High,2,2,5,2,2,1,2,4,3074.90520179078,0.0,0.08072846382856369,0.6715126203259353,-0.0817698985338211,0.667514279743758,0.10977815091609955,0.5636150442431556,-0.33211374282836914,0.07296457239245592,-0.19236309826374054,0.3084890790043286,0.39389416575431824,0.031263611191954026,0.008773259,0.0,0.30268225,0.1329248,0.17165574,0.21879542,0.16516857,0.3963399,0.5734664,1.8119497,2.604986,0.2630425,0.5333062,0.2935326,1.1465826,0.86937594,2.974538,0.2977277,0.66002905,Medullary_cords,413.0012106519786
GGGCAGGATTTCTGTG-1,1,65,7,2428,5601.0,2428,3194.9536,Low,5,1,6,5,5,0,3,1,6446.094011104709,0.6615632381579821,0.47268858551979065,0.008345218797372407,0.12984207272529602,0.49406410632475367,0.15394510328769684,0.41666415383933064,-0.0969894677400589,0.6101459900089126,-0.049193866550922394,0.7962889183792176,0.11284346878528595,0.55270754148187,0.47524017,0.0,0.29524085,0.028943582,0.13602926,0.06454616,0.0,0.18996078,0.1138211,1.9664013,2.9255273,0.0,0.57410693,0.0,1.937164,0.5808393,1.6346672,0.0,0.3414633,B_cell_zone,0.0
GGGCAGTCAACGCCAA-1,1,69,79,6167,22162.0,6167,4190.9785,Medium-High,5,6,3,1,2,1,1,1,3764.74766750708,0.6365141682948128,0.049759842455387115,0.7939948710692565,-0.14285992085933685,0.4513880557522971,-0.21191668510437012,0.260918793406147,0.019724499434232712,0.9176020344486279,-0.16852541267871857,0.3733472867354464,0.1745912730693817,0.35613391795198734,0.122703545,0.0006758201,0.022051007,0.11675643,0.12354638,0.20726013,0.40700674,0.17350034,0.453727,2.2245626,2.8966231,0.17350034,0.5637233,0.04655257,1.9715041,0.81490093,1.7526934,0.25389555,0.635467,B_cell_zone,0.0
GGGCATGCATGTCGAG-1,1,73,55,6474,23718.0,6474,4283.2505,Medium-High,1,4,0,3,2,1,0,3,4768.1574009254355,0.45056120886630463,-0.14753487706184387,0.4365589423647086,-0.06228119879961014,0.7437051661768057,-0.3630908727645874,0.04859628131282255,-0.049987029284238815,0.7930744963136459,-0.12339425832033157,0.5159313703724995,0.2172832489013672,0.24875258749291945,0.04496552,0.0,0.14146028,0.13758616,0.19495991,0.0,0.48102814,0.32450625,0.49568495,2.0525146,2.8649569,0.32880238,0.7165792,0.26659632,1.419736,0.985165,2.2422624,0.087955646,0.5919135,Medullary_cords,600.4839714763417
GGGCCCGTCTTAAACA-1,1,42,52,5576,17883.0,5576,4185.4697,Medium-Low,1,9,3,5,3,7,3,5,2524.0352612433926,0.6931471805599453,-0.19273610413074493,0.30753395910793035,0.2280527949333191,0.22548505795459953,-0.11345280706882477,0.5505510228392302,-0.014256343245506287,0.9403970118592128,-0.13162954151630402,0.48808621507469546,-0.05219239741563797,0.7841544842638674,0.05576333,0.06540377,0.0616995,0.07313167,0.23149185,0.31489304,0.19761683,0.3483718,0.34089577,2.1747832,2.8560128,0.38350773,0.6095581,0.3925361,1.7281265,0.7743675,1.9936836,0.0,0.48839676,Medullary_cords,137.92751719653333
GGGCCCTACGAAAGGG-1,1,38,16,6600,26359.0,6600,4142.8394,High,1,7,3,5,3,6,3,5,4956.014527823743,0.6365141682948128,-0.15297798812389374,0.41963286415744466,0.14885541796684265,0.4324187610351861,0.031112929806113243,0.8703525557525322,0.17274019122123718,0.3613359127329004,-0.15035434067249298,0.42774547162280463,-0.0405096635222435,0.8316861553238822,0.10366752,0.1284696,0.10453254,0.07820546,0.12765978,0.0,0.45746508,0.33872575,0.48399734,2.0641518,2.9074543,0.15098372,0.5695432,0.26176342,1.584775,0.8080496,1.8513577,0.36271086,0.57284045,Medullary_cords,238.90793205751876
GGGCCGGCCGAAGTAC-1,1,36,84,5264,14494.0,5264,4349.56,Low,5,0,4,1,0,4,1,1,365.0986168146902,1.2424533248940002,0.16636864840984344,0.37958294096231604,0.16730913519859314,0.3768563917398976,0.2830791473388672,0.12956873794994922,0.10365569591522217,0.585689424058334,-0.013112124055624008,0.9451733334229336,0.3017018437385559,0.10517137290732814,0.06520701,0.11698592,0.0,0.2934863,0.41562858,0.03789813,0.07079404,0.37975714,0.6500433,2.1221,2.5598023,0.2395547,0.45437288,0.5537252,1.513983,1.3278477,1.7585224,0.0,0.26234674,Medullary_cords,138.42326394071193
GGGCCTAAATGGGCTA-1,1,45,9,7894,38356.0,7894,4411.576,High,5,7,4,1,3,6,1,1,5502.36312869298,0.5982695885852573,-0.3357659876346588,0.06967861165923636,0.1987793743610382,0.2923178124489755,0.40060845017433167,0.02825011612160088,-0.6159047484397888,0.00029087179476498267,-0.4783751368522644,0.007495471961340812,0.5689352750778198,0.0010352828993154739,0.09391363,0.088687114,0.07529916,0.16921638,0.08191777,0.12942919,0.3615368,0.19967431,0.5669585,2.2128277,2.9845455,0.13933928,0.50026774,0.18572783,1.9022982,1.0940558,1.6803085,0.2207574,0.36253738,B_cell_zone,0.0
GGGCCTATTTAAGTAT-1,1,13,117,6687,24558.0,6687,4352.826,Medium-High,1,12,3,6,4,3,7,5,3598.627794034832,0.6730116670092565,-0.10853642225265503,0.5680612816553057,0.16651463508605957,0.37915896344468514,-0.13229091465473175,0.4858837501497111,-0.06655795127153397,0.7267512379581564,-0.12844665348529816,0.49875644899862326,-0.007254175841808319,0.9696519127836961,0.027219435,0.0022848619,0.028387643,0.033224158,0.21204932,0.2595463,0.43728825,0.29663888,0.29126865,2.1271362,2.9782069,0.15988007,0.4375669,0.30236712,1.4212984,0.7672871,1.8513529,0.17081249,1.0166551,Medullary_cords,237.9012400135821
GGGCGATATGTGTGAA-1,1,28,58,6193,19621.0,6193,4490.999,Medium-Low,0,3,4,4,1,2,4,0,2386.941138779924,0.6365141682948128,0.02330111525952816,0.9027257281675962,-0.005106648430228233,0.9786337081943671,0.20212794840335846,0.28409614861752347,-0.35437366366386414,0.054682908819930244,-0.25548675656318665,0.17299669726028105,-0.07123633474111557,0.7083492218450028,0.16021636,0.101915106,0.051149983,0.10840909,0.17521597,0.24103767,0.16205584,0.20595017,0.7426542,2.4563138,2.95568,0.2704432,0.63423425,0.35829127,2.2212858,1.025722,1.7336624,0.102975085,0.2544309,B_cell_zone,0.0
GGGCGGCAAATGAATT-1,1,49,45,7048,29619.0,7048,4151.714,High,2,9,0,3,3,7,0,3,3240.2891846253474,0.0,-0.1321432739496231,0.48637497321944156,-0.22229044139385223,0.2377447238070778,0.07818235456943512,0.6813246915309257,0.271316260099411,0.1469802311486568,-0.26589474081993103,0.155550487780363,-0.11015793681144714,0.5622583248371419,0.06618003,0.0,0.22076644,0.25560695,0.08313477,0.03876089,0.33555096,0.42648563,0.62463254,2.132988,2.8091261,0.13722174,0.5136314,0.3992392,1.3942382,1.1045147,2.5994244,0.07272532,0.7051232,Medullary_cords,365.0
GGGCGGGTTCCCTACG-1,1,43,37,5379,15633.0,5379,4284.776,Low,3,9,0,0,3,6,0,6,3561.2841784951675,0.6365141682948128,-0.287786066532135,0.12304352915668028,-0.1587231159210205,0.402170264800348,0.14608889818191528,0.44111704930777884,0.0361064113676548,0.849762709343867,0.10287576168775558,0.5885284586143296,0.37196871638298035,0.04296292979008683,0.06626002,0.00036219062,0.0,0.23218335,0.30770975,0.0033656603,0.39011902,0.5427958,0.48193952,1.8982205,2.8122668,0.31934208,0.6118943,0.37077007,1.3846585,1.2758704,1.7766373,0.0,0.47252268,Medullary_cords,238.90793205751876
GGGCGGTCCTATTGTC-1,1,14,28,7581,31699.0,7581,4440.2695,High,1,11,2,3,1,5,0,3,5031.626476597801,1.0114042647073518,-0.6949980854988098,2.026407685581081e-05,-0.2800866365432739,0.13384718983039373,0.1292293816804886,0.4961216340464415,0.20904266834259033,0.26759150929836567,-0.4147721827030182,0.022665728750767188,0.2550416886806488,0.1737723268841458,0.008230425,0.0,0.086956404,0.19256003,0.22625777,0.27128875,0.21470664,0.3849553,0.79790866,1.8063909,2.8225384,0.28935376,0.53007466,0.18607934,1.2249577,1.3902733,2.3605046,0.1908462,0.72541493,Medullary_cords,275.0018181758077
GGGCGTACATTTATAT-1,1,24,54,5913,18738.0,5913,4360.991,Medium-Low,5,3,4,1,1,2,1,1,2878.6415198839886,0.6365141682948128,-0.018138866871595383,0.9242062277664194,-0.14687751233577728,0.4386279416244504,0.18821170926094055,0.3192440787479904,0.18926027417182922,0.3165059327258678,0.06849485635757446,0.7191138258423987,-0.1338292956352234,0.48078045469140956,0.12734526,0.2536487,0.08052546,0.14555469,0.016065868,0.251921,0.12493903,0.2798632,0.49939555,2.4140887,2.9891248,0.10691669,0.7645787,0.3939751,2.0492122,1.220566,1.7065878,0.21383338,0.35164,B_cell_zone,0.0
GGGCGTCACCACGTAA-1,1,48,50,4732,12749.0,4732,4094.4038,Low,3,9,0,0,3,7,0,3,2877.0444904450123,1.0114042647073518,0.11408231407403946,0.5483272449685347,-0.0610567182302475,0.7485813623250506,-0.2097497284412384,0.26593971450936355,0.07151945680379868,0.7072406137674868,-0.4584874212741852,0.010829464458484924,0.09543311595916748,0.6159169028598395,0.048847485,0.0032377676,0.008661771,0.28529248,0.19228451,0.23551437,0.22616163,0.39282262,0.75213534,1.9960393,2.717789,0.2691641,0.380622,0.29600373,1.4337786,1.3530906,2.1285748,0.14476709,0.6227275,Medullary_cords,137.55726080436466
GGGCGTCCACTGGCTC-1,1,16,84,5481,17723.0,5481,4121.823,Medium-Low,3,5,2,7,4,3,8,2,2648.9463943235996,0.0,-0.6261695623397827,0.00021445438318611174,-0.42673349380493164,0.01868710198382605,-0.36091166734695435,0.05006491140741365,0.23370586335659027,0.2138796182755155,0.18967506289482117,0.3154268170361692,0.09327763319015503,0.6239465332900115,0.03265075,0.10227691,0.11310152,0.44713897,0.110408805,0.0,0.19442311,0.2741695,1.0237392,1.5913136,2.415721,0.0,1.4883125,0.26220053,0.82219887,1.6202972,1.8574616,0.22369957,0.07456653,Medullary_cords,365.57078657901536
GGGCGTGGTTTCCCAG-1,1,61,81,5318,15588.0,5318,4144.437,Low,2,6,0,2,2,1,0,3,2796.633869493824,1.0986122886681096,-0.16554227471351624,0.3819881027810824,0.2676580548286438,0.15272465510585853,-0.019481180235743523,0.9186151259534223,-0.019068408757448196,0.9203340391956127,-0.3167094588279724,0.0881587848089548,0.05653247982263565,0.766679277865115,0.0763502,0.003655318,0.1651874,0.1878531,0.07009886,0.03495991,0.46189517,0.39184874,0.77020943,2.2491302,2.7688785,0.1858677,0.42320877,0.1239118,1.5772244,0.92098796,2.191795,0.53668344,0.6208697,Medullary_cords,138.42326394071193
GGGCGTTTACATTCAT-1,1,66,26,6092,22008.0,6092,4168.2153,Medium-High,3,1,2,0,5,0,5,6,5428.084008192946,0.0,0.002935243770480156,0.9877179677909265,0.10962256044149399,0.5641712945899089,-0.06430263817310333,0.7356765741417057,-0.27964329719543457,0.1344897204514444,0.13763824105262756,0.4682647218863643,0.43225646018981934,0.017055403257213084,0.041288503,0.0,0.0470087,0.5382499,0.22016749,0.008506779,0.14477862,0.19499388,0.88963544,1.4148167,2.3557684,0.08080676,0.4362721,0.28195068,0.85894287,1.6320026,1.6116166,0.0,0.26819187,T_cell_zone,497.96586228375133
GGGCTACTATTTCGTG-1,1,50,6,6607,26650.0,6607,4170.4062,High,2,7,3,2,3,0,2,3,5824.627198370725,1.0549201679861442,-0.3318837285041809,0.07317546019947611,-0.22476863861083984,0.23241884723875045,0.08917795866727829,0.6393352072080453,-0.4181825816631317,0.021466368691605148,-0.05266565456986427,0.7822437569014286,0.08943876624107361,0.6383517604200538,0.015864292,0.07832077,0.23539145,0.1436296,0.05787854,0.18487047,0.28404474,0.29704317,0.57921445,2.0477371,2.700675,0.1496507,0.46152398,0.5254094,1.2677523,1.1995821,2.5071032,0.82811767,0.49573526,Medullary_cords,479.00104384019875
GGGCTATGATCGATGG-1,1,57,51,5822,20167.0,5822,4021.4126,Medium-Low,2,2,5,2,2,7,2,4,3415.2898852074036,0.0,-0.11053913831710815,0.5608980498442685,0.09075193852186203,0.6334092436887764,0.08320162445306778,0.6620320603210054,-0.23410411179065704,0.2130776946867882,-0.32530534267425537,0.0794086510657709,0.23671945929527283,0.20786233246114594,0.07959542,0.08283634,0.2931317,0.1841118,0.17211966,0.0,0.18820506,0.30686668,0.68359077,2.2635846,2.6938589,0.16425136,0.4373483,0.22284567,1.512888,1.1121446,2.7594862,0.5010966,0.30376995,Medullary_cords,239.26763257908496
GGGCTCATCGAACCCA-1,1,25,89,6188,19173.0,6188,4512.1353,Medium-Low,3,5,7,3,4,2,0,3,1558.3561852156906,1.0114042647073518,-0.5439462065696716,0.0018896145278186418,-0.21704737842082977,0.24927929684627306,0.19156476855278015,0.31053950795490054,0.14904087781906128,0.4318390306943067,-0.13942216336727142,0.46246219242079273,0.06912610679864883,0.7166304184006392,0.014641387,0.047384083,0.08691862,0.11222861,0.10771301,0.34999612,0.2811182,0.16038845,0.7484195,2.0259027,2.7891636,0.2098703,0.61179113,0.40411603,1.3287245,1.0774996,1.9922286,0.0,0.8649641,Medullary_cords,137.0
GGGCTGCCTAGGGCGA-1,1,33,69,5190,15812.0,5190,4103.7266,Low,5,3,4,1,4,2,1,1,1437.882470857754,0.0,-0.017421571537852287,0.9271954272831271,-0.14623846113681793,0.4406443959221837,0.10783799737691879,0.5705690683534175,0.23629005253314972,0.20871256719523476,-0.2436467707157135,0.19447327409995588,0.18611487746238708,0.3247633859344732,0.42336935,0.0,0.26212668,0.044364907,0.0,0.0031544508,0.26698455,0.1837764,0.19973943,2.2818718,2.968752,0.26563728,0.44972062,0.1837764,1.8604994,0.713154,1.7867303,0.0,0.29960912,B_cell_zone,0.0
GGGCTGGTTAGTCGCG-1,1,31,51,5892,18259.0,5892,4361.1187,Medium-Low,1,3,3,3,1,2,0,3,2681.3476089459195,0.45056120886630463,-0.18461458384990692,0.3287482737502629,0.1440163403749466,0.4476950016436389,0.005575072020292282,0.9766743227492491,-0.16777604818344116,0.3755070249837483,-0.3820217251777649,0.037226881633047895,-0.044879429042339325,0.8138298725529091,0.059351552,0.0727002,0.0429273,0.21269548,0.28850943,0.013159877,0.3106562,0.3675136,0.7917049,2.3081048,2.749352,0.50604504,0.6275355,0.38658375,1.6799428,1.2263687,2.0773125,0.0,0.4786476,Medullary_cords,138.42326394071193
GGGTAATGCTGTGTTT-1,1,9,21,6758,27441.0,6758,4359.327,High,4,8,1,4,1,5,4,7,5773.200498856765,0.0,-0.7283419966697693,5.049473189848821e-06,-0.23253779113292694,0.21624353912727698,0.026178564876317978,0.8907806356849268,-0.0017278790473937988,0.9927698053307588,-0.32263457775115967,0.08205263233708392,-0.21107584238052368,0.2628596477094834,0.14601052,0.08711365,0.10595617,0.23720741,0.33570856,0.0,0.088003695,0.107275225,0.4168448,1.9174893,2.4785442,0.03884223,0.48773038,0.9012848,1.591294,0.9485694,1.8388019,0.0,0.14303364,Medullary_cords,138.42326394071193
GGGTACCCACGGTCCT-1,1,14,26,7945,37706.0,7945,4428.3594,High,3,11,0,0,1,5,5,6,5145.6895553463,0.6931471805599453,-0.6142643690109253,0.00030509187588744597,-0.2259652316570282,0.2298761339572702,-0.058782123029232025,0.7576645284174283,-0.0356316976249218,0.8517161734459595,-0.3267825245857239,0.07797467507154542,0.2380514293909073,0.2052401172031234,0.033196956,0.07538444,0.08602299,0.40135923,0.240827,0.112274624,0.0509348,0.37398404,0.92599374,1.7969902,2.8065405,0.32876045,0.56774807,0.37374502,1.1198348,1.4561888,2.2061265,0.0,0.3713513,Medullary_cords,364.24716882907956
GGGTACTTCATGAACT-1,1,37,39,4865,14648.0,4865,4022.2861,Low,0,9,7,4,3,6,4,0,3374.825921436541,1.0114042647073518,-0.23957151174545288,0.2022754441912447,0.006647351663559675,0.9721895655733569,0.07701902836561203,0.6858249973319512,0.4380515515804291,0.01547210177307818,-0.23632529377937317,0.2086426991774475,-0.09547290205955505,0.6157690951251178,0.2080605,0.0,0.0,0.04402753,0.40280023,0.3451117,0.0,0.13010491,0.56892097,2.550683,2.9356408,0.06505246,0.37982625,0.30277932,2.3806868,0.8034022,2.102143,0.0,0.08673661,B_cell_zone,0.0
GGGTATGTATGCACTT-1,1,28,28,6363,21570.0,6363,4351.59,Medium-High,1,11,0,3,1,6,0,3,4300.076510947218,1.3296613488547582,-0.2604195177555084,0.16456361329074431,-0.16966529190540314,0.37007602333993206,0.05477957800030708,0.7737243086961624,-0.1014493852853775,0.5937360803719927,-0.5469263792037964,0.0017630434596819942,-0.19993120431900024,0.2894728885462049,0.07376036,0.080269374,0.080440395,0.20283583,0.29568902,0.006156046,0.26084897,0.5013571,0.34536418,2.2669942,2.8863118,0.33654976,0.33383793,0.34129032,1.6365122,1.010946,2.1384182,0.16403556,0.54046446,Medullary_cords,238.76766950322232
GGGTATTCTAGCAAAC-1,1,55,15,8420,40754.0,8420,4441.3433,High,1,1,0,3,5,0,6,3,5422.066119109947,0.6931471805599453,0.06471440196037292,0.7340444730099346,-0.0400831364095211,0.8334336412429884,-0.21074213087558746,0.2636325333752926,-0.006896999664604664,0.9711455393730105,-0.21878936886787415,0.24540670448837687,0.344865083694458,0.06199088478533993,0.010874956,0.00022846885,0.160533,0.08563433,0.2871975,0.07939397,0.37613776,0.35664335,0.57774204,2.15765,2.8036675,0.3177589,0.6415882,0.27355114,1.396312,0.9954213,2.5092762,0.6644841,0.6514776,Medullary_cords,365.0
GGGTCACCGTGACGGT-1,1,35,47,5933,20620.0,5933,4151.0,Medium-High,5,9,4,1,3,6,1,1,2844.8608050307134,1.3296613488547582,0.15807536244392395,0.40411826468067397,0.004596698097884655,0.9807669354828299,0.09001800417900085,0.6361697361812814,0.015257958322763443,0.9362176208036586,-0.36403942108154297,0.04796780193203463,-0.17768339812755585,0.3475444669247752,0.15263993,0.18738954,0.11410161,0.10118297,0.31838992,0.031361,0.09493501,0.21110864,0.5573715,2.3406265,3.1046977,0.09884798,0.4300324,0.36781728,1.9514705,0.6362512,2.025447,0.0,0.40489823,Medullary_cords,0.0
GGGTCACGTGCTTATG-1,1,2,102,5685,18910.0,5685,4126.343,Medium-Low,5,12,3,5,6,3,3,5,4418.224982954128,0.0,-0.04494380205869675,0.8135674829078331,0.4586604833602905,0.01079581926036583,-0.242881178855896,0.19592284878326474,-0.1709989458322525,0.3662701056024407,0.15409086644649506,0.41621772911799293,0.11354823410511017,0.5502136504591281,0.06760422,0.18832265,0.11882788,0.080036506,0.23628114,0.0,0.30892763,0.24816415,0.57144296,2.3293576,2.8137946,0.18039009,0.790251,0.6387528,1.8748726,0.98280776,2.0646787,0.21224833,0.33088553,Medullary_cords,0.0
GGGTCAGGAGCTAGAT-1,1,65,55,5760,17969.0,5760,4294.495,Medium-Low,5,4,0,1,2,0,1,3,3952.6315284883312,0.6365141682948128,-0.28552404046058655,0.12614841214164277,0.12597914040088654,0.5071083526062612,0.24112749099731445,0.19927144791653878,-0.22377562522888184,0.23454323187889767,-0.38436391949653625,0.03598324772022179,0.2111983448266983,0.2625762998321885,0.10408985,0.11022121,0.23132433,0.10556893,0.23641561,0.031251397,0.18112859,0.3091542,0.6596223,2.2383935,2.7635784,0.11061217,0.6395738,0.16591826,1.7462778,0.94796544,2.467449,0.2928151,0.4429583,Medullary_cords,138.00362314084367
GGGTCATGCGTACCAT-1,1,22,14,5624,20103.0,5624,4026.339,Medium-Low,5,11,4,5,1,6,1,1,5441.950018146069,0.9502705392332347,-0.4279683232307434,0.018311520318005987,-0.07189378887414932,0.7057757595209729,0.28524070978164673,0.1265413417445984,-0.15354137122631073,0.4179020455261466,-0.5363320112228394,0.0022493903270295102,0.24173463881015778,0.1981076799348888,0.12404985,0.25186557,0.062132984,0.18372717,0.13082534,0.028970828,0.21842822,0.22831786,0.6370888,2.3936706,3.0256119,0.050473608,0.41061682,0.38776407,2.1623142,0.99541235,1.9884766,0.0,0.24970159,B_cell_zone,0.0
GGGTCCTTGGAAGAAG-1,1,71,11,6993,30680.0,6993,4096.418,High,1,1,3,5,5,0,3,5,6612.400244994249,0.6931471805599453,-0.17243237793445587,0.36220528834785287,0.20195266604423523,0.2845228070068434,-0.1221650093793869,0.5201534233415566,-0.24255624413490295,0.19654033781043564,-0.19702762365341187,0.2966783944564183,0.14150992035865784,0.45571984221900763,0.048817836,0.048867717,0.067996554,0.21798882,0.27202094,0.12815112,0.21615702,0.3436427,0.76273924,2.0922236,2.83644,0.0705334,0.57939506,0.3168792,1.5579923,1.3127297,2.309335,0.1410668,0.5528592,Medullary_cords,239.26763257908496
GGGTCGTGGCAAGTGT-1,1,25,107,6261,22831.0,6261,4236.215,Medium-High,0,0,7,1,4,2,1,0,2033.2279754124966,1.0114042647073518,-0.5205898284912109,0.003184978014994919,0.05493410304188728,0.7731025445479898,0.11839606612920761,0.5332025174583124,0.09470634162425995,0.6186194994741048,-0.5631006956100464,0.0011964903226350753,-0.0834498256444931,0.6610834029025318,0.27737677,0.13591078,0.010318292,0.22590451,0.091020755,0.0077028293,0.2517661,0.17194791,0.5097979,2.3770947,2.8351033,0.22703372,0.47951275,0.48919177,2.037921,0.9534861,1.8063399,0.09081349,0.33079895,B_cell_zone,0.0
GGGTCTATCGCTTTCC-1,1,63,113,5494,20069.0,5494,3701.6604,Medium-Low,2,13,5,2,7,1,3,4,3454.782482298994,0.45056120886630463,-0.060729190707206726,0.7498872825796268,0.3545483946800232,0.05455527403627184,0.3033849596977234,0.10314937609840898,0.1108618825674057,0.5597475516575202,-0.3432459831237793,0.06330797318168538,0.3873058259487152,0.03446884028551659,0.021858174,0.0,0.08034792,0.17545348,0.4373846,0.0,0.28495586,0.17296405,0.7276602,2.0606985,2.4314883,0.23804772,0.4939627,0.4221856,1.4060423,1.0657669,2.874766,0.0,0.48736608,Medullary_cords,363.6880531444496
GGGTGACACCTTAACT-1,1,46,56,4795,13214.0,4795,4090.3022,Low,2,9,0,2,3,7,2,4,2401.935885905367,0.6365141682948128,-0.02751830592751503,0.8852268245417527,0.055409327149391174,0.771191243983612,-0.35639896988868713,0.05321785883069123,-0.2781178951263428,0.13671769976705306,0.15945826470851898,0.399965902704881,0.16304223239421844,0.38931807427865356,0.11490564,0.0,0.3656125,0.3501646,0.058045395,0.0,0.11127194,0.14811096,0.7462392,2.124223,2.9111466,0.3597772,0.7892637,0.30085847,1.3324844,1.2547332,2.6377015,0.14086966,0.3853075,Medullary_cords,364.9465714320385
GGGTGCATATGAAAGC-1,1,30,112,8008,35500.0,8008,4603.539,High,1,0,7,3,0,4,0,3,1909.9591618670804,1.0114042647073518,-0.4751957356929779,0.007961046077180668,-0.32520344853401184,0.07950830687418586,0.136962890625,0.47047132040124795,0.07244394719600677,0.7036247240882534,-0.07767966389656067,0.683268036806958,0.05897063761949539,0.7569105092831161,0.04954996,0.11188421,0.04777041,0.18786503,0.12782614,0.0,0.4751042,0.44167638,0.5998508,1.993659,2.971234,0.4010953,0.5743443,0.47453502,1.5514486,1.1887848,1.7616187,0.0,0.4976098,Medullary_cords,138.42326394071193
GGGTGGTCCAGCCTGT-1,1,7,69,6814,24699.0,6814,4424.307,Medium-High,1,5,0,3,6,3,0,3,3936.8247357483415,1.0114042647073518,-0.4520362317562103,0.012147990343188452,-0.2931649684906006,0.11588742044276,-0.23822562396526337,0.2048988731048751,-0.0356111153960228,0.8518008895979803,-0.008486848324537277,0.964497970903243,0.4825526773929596,0.006918964036161239,0.00071741635,0.00068828644,0.18259817,0.13259228,0.1349062,0.15074497,0.3977526,0.17353892,0.67657614,1.9192737,2.77171,0.4601646,0.5192606,0.42139986,1.2416165,1.0337157,2.2945185,0.08498994,0.732901,Medullary_cords,364.00137362378183
GGGTGTTTCAGCTATG-1,1,16,68,5222,15815.0,5222,4198.761,Low,5,3,4,1,6,3,1,1,2972.347557066636,0.8675632284814612,-0.3026387393474579,0.10404220584120966,-0.08813773095607758,0.6432636237560767,0.11938679218292236,0.5297572622691281,-0.12861445546150208,0.4981910036140304,-0.3309495449066162,0.07403680988229012,-0.19243568181991577,0.3083030761973068,0.18407275,0.27319112,0.15021935,0.0,0.28061065,0.043915883,0.06799023,0.341414,0.44513524,2.2900448,3.0568066,0.12251146,0.8204228,0.39518443,1.9266235,0.75439996,1.8265977,0.12251146,0.35416716,B_cell_zone,0.0
GGGTTAACATTTGAGT-1,1,54,50,5359,18282.0,5359,3849.1711,Medium-Low,2,2,5,2,2,7,2,4,3242.7226215018763,0.0,-0.3062427043914795,0.09978334874202108,0.07802638411521912,0.6819274424957547,0.006224051117897034,0.9739599075613022,-0.3310193419456482,0.07397218514023403,-0.31987327337265015,0.08485664957888944,0.3228907883167267,0.08179610363674698,0.05817455,0.0019081776,0.29990843,0.23323603,0.105698675,0.0,0.3010741,0.23634632,0.6302662,2.0379193,2.6170871,0.10908198,0.33170027,0.36071083,1.2006999,0.8726779,2.8246858,0.5483835,0.35509828,Medullary_cords,365.0
GGGTTCAGACGAACAA-1,1,19,19,7377,32410.0,7377,4326.272,High,5,11,4,1,1,5,1,1,5266.471399333714,0.410116318288409,-0.02981046587228775,0.8757373103411493,-0.12676583230495453,0.5044380827908612,-0.11988009512424469,0.5280457970373986,-0.29162830114364624,0.11789946618947861,-0.1995762586593628,0.29034768922801624,0.09288254380226135,0.6254229520008033,0.12031765,0.13237149,0.06759028,0.14724311,0.13878636,0.3558813,0.03780982,0.35524324,0.5682323,2.2211027,2.9503264,0.1873964,0.5072627,0.32475317,1.9255334,0.9365665,2.099199,0.0,0.5859357,Medullary_cords,0.0
GGGTTTAGGATAGGAT-1,1,43,107,5944,19371.0,5944,4236.4565,Medium-Low,2,10,0,0,0,4,0,3,1439.2067259431496,0.8675632284814613,-0.36469531059265137,0.04753701630764032,0.07006868720054626,0.712927478964862,-0.21729888021945953,0.2487177080685881,-0.030291249975562096,0.8737489665731333,0.08573538064956665,0.6523720496622961,0.31126898527145386,0.09406487019710162,0.041153714,0.0,0.17366032,0.20284648,0.23004599,0.21315372,0.13913985,0.47601223,0.7726326,2.0119448,2.7482717,0.088656545,0.560231,0.22934192,1.3692406,1.1323142,2.7408729,0.0,0.77188295,Medullary_cords,138.0
GGTAAACTCTGCGCTG-1,1,66,114,5860,20062.0,5860,4096.4155,Medium-Low,1,13,3,5,7,1,3,5,3802.0131509504276,1.0114042647073518,-0.04949500411748886,0.7950681211704718,-0.016122283414006233,0.9326124239645636,0.1870446503162384,0.3223088244970326,0.1977689415216446,0.294828060857962,-0.4857225716114044,0.006507027220094901,-0.10232219099998474,0.59054714632912,0.04855367,0.0007360522,0.0669304,0.13334845,0.42387438,0.14323512,0.18332192,0.32977536,0.6020315,2.2993016,2.5792396,0.16488768,0.28872433,0.151694,1.5743374,0.84639204,2.606946,0.44699192,0.65294695,Medullary_cords,138.00362314084367
GGTAAATGTGCGTTAC-1,1,11,81,6536,24215.0,6536,4325.745,Medium-High,3,5,2,0,6,3,8,6,3269.772163316582,0.0,-0.4802339971065521,0.0072341115684008,-0.01735084131360054,0.9274902360699997,0.047437116503715515,0.8034200083778963,-0.021201241761446,0.9114561921757346,-0.06315860897302628,0.740217046904562,0.13357892632484436,0.4816091235554428,0.059322394,0.0,0.05127918,0.3469169,0.08664928,0.14163323,0.314199,0.16512428,0.673847,1.8146031,2.3450778,0.1971751,0.8792944,0.6431973,1.1706597,1.3485347,1.9855686,0.17285196,0.2155864,Medullary_cords,276.4814641164937
GGTAACCGGGAGGATA-1,1,57,27,7123,30029.0,7123,4193.2437,High,2,1,0,3,5,0,6,4,4775.672203993905,0.0,-0.28579407930374146,0.12577475251563336,-0.29523733258247375,0.11321449646231722,-0.01576683111488819,0.9340949011695739,0.27305659651756287,0.14430292091219588,-0.36500537395477295,0.04733444068567579,-0.09256947785615921,0.6265938651920425,0.05377511,0.0033511003,0.27660307,0.046782687,0.08816198,0.105778836,0.42554724,0.34287667,0.41994214,2.3534987,2.7660341,0.1994862,0.48464403,0.2713526,1.8125888,0.7954768,2.5817294,0.89231765,0.54066145,Medullary_cords,0.0
GGTAACTATGTATCTG-1,1,12,44,5396,16213.0,5396,4201.0835,Medium-Low,2,8,0,2,1,5,0,3,4344.047076172173,0.45056120886630463,0.029538298025727272,0.8768632246090375,0.2248813509941101,0.2321785364210607,-0.42520684003829956,0.01916022312732062,-0.19845327734947205,0.29312645747929045,-0.07015843689441681,0.7125752278247505,-0.1430465579032898,0.45079092579773256,0.10577529,0.0,0.20404713,0.23817801,0.21773429,0.0,0.2342653,0.32901078,0.7592744,2.088364,2.7727337,0.31112438,0.56701136,0.2205814,1.4006238,1.0416309,2.6625173,0.24024457,0.21402702,Medullary_cords,688.0007267438023
GGTACAAACATGCTAT-1,1,40,54,5907,21384.0,5907,4063.619,Medium-High,1,9,3,5,3,7,3,5,2352.8952377868422,0.45056120886630463,-0.02583787590265274,0.8921937588287296,0.1064048558473587,0.5757305001160148,0.0523650199174881,0.7834573954185384,0.1507839411497116,0.42641122283227806,0.21028955280780792,0.2646830827050311,0.3125644624233246,0.0926320623979071,0.04947307,0.116164245,0.028245058,0.08303372,0.08917122,0.23615104,0.3977616,0.3493146,0.6413745,2.2063744,2.9170532,0.14387071,0.6876287,0.30893356,1.7704695,1.1388316,1.9624593,0.095913805,0.8775996,Medullary_cords,137.05838172107534
GGTACACCAGATTTAT-1,1,26,118,7908,37531.0,7908,4353.2134,High,1,0,0,6,0,2,3,5,2516.1891820767373,0.6931471805599453,-0.4338480234146118,0.01660775316995851,-0.11408000439405441,0.5483353964033666,0.3744904696941376,0.0414617725803137,-0.37562111020088196,0.04080249357831765,-0.29881954193115234,0.10870283708373468,0.014637205749750137,0.9388076164222809,0.0718795,0.046047088,0.117058575,0.25099316,0.1319038,0.009727393,0.3723905,0.21450599,0.52363527,2.0041337,2.9453454,0.26880896,0.41495544,0.5560609,1.544545,1.0916967,2.0996177,0.0,0.3942713,Medullary_cords,138.42326394071193
GGTACATCTGGGACGA-1,1,38,18,4274,13729.0,4274,3582.4773,Low,1,7,6,5,3,6,3,5,4818.014943936973,0.6365141682948128,-0.1582937091588974,0.40346103143692424,0.1523144543170929,0.4216764630238305,-0.0365598127245903,0.847897760003188,0.03371252864599228,0.8596222780342135,-0.28909537196159363,0.12127233506954953,-0.08906543254852295,0.6397597031882475,0.14237876,0.15887535,0.20090774,0.16876695,0.00014139456,0.014984867,0.31394494,0.5337122,0.47296837,2.2267895,2.933734,0.13680457,0.3939848,0.18076363,1.4743912,0.87238055,1.9819002,0.0,0.3861837,Medullary_cords,240.0
GGTACCATTAAGACGG-1,1,29,105,6093,19299.0,6093,4433.988,Medium-Low,3,0,7,0,0,2,1,3,1591.4725885166856,1.0114042647073518,-0.6006927490234375,0.00044836776915438566,-0.11886923015117645,0.531555751963814,-0.05693681910634041,0.765056773331148,0.13431696593761444,0.4791684803904224,-0.14803153276443481,0.4349992927238989,0.2262875735759735,0.22919438004629467,0.068535686,0.06789786,0.043730915,0.13780534,0.20311391,0.31809786,0.16081837,0.33208233,0.46376735,2.1040354,2.8677583,0.15656917,0.4761728,0.5397295,1.7392619,1.1365114,1.9185796,0.104379445,0.35558608,Medullary_cords,137.05838172107534
GGTAGAAGACCGCCTG-1,1,53,71,6051,19430.0,6051,4310.6924,Medium-Low,1,2,0,3,2,7,6,3,2144.6575484211926,0.0,0.0029765479266643524,0.9875451506982211,0.02394673600792885,0.9000436724411588,-0.0268678180873394,0.8879227310953032,0.2519201636314392,0.17928134967269005,0.2302626371383667,0.22089883490899725,-0.2656785249710083,0.1558995526256989,0.048046403,0.111435354,0.20101202,0.12546118,0.06520682,0.17219862,0.27663964,0.4195675,0.65990996,2.2983701,2.8898787,0.14036858,0.42571294,0.051901728,1.4692006,1.123578,2.4553256,0.8397449,0.5595603,Medullary_cords,138.06158046321215
GGTAGACCGTTGGGCG-1,1,53,53,5080,14926.0,5080,4046.5237,Low,2,2,5,1,2,7,2,4,3005.800059884223,0.0,-0.3450271189212799,0.06186026268781741,-0.017844103276729584,0.9254344819747815,-0.011820076033473015,0.9505689700409492,-0.2858051359653473,0.12575947051749195,-0.07943940162658691,0.6764738542981059,0.0030604638159275055,0.9871940473045272,0.09091817,0.1302919,0.29976624,0.17538603,0.18476242,0.0,0.118875265,0.26577538,0.59137726,2.2845068,2.9144819,0.0,0.513131,0.2985684,1.6158336,1.1453605,2.4579554,0.3407334,0.0854678,Medullary_cords,138.42326394071193
GGTAGGCCAATATCAC-1,1,74,54,5654,17429.0,5654,4241.0767,Medium-Low,3,4,0,0,2,1,0,6,4906.528711828761,0.6365141682948128,-0.1958112120628357,0.29973043517067777,0.022821808233857155,0.9047175593808372,-0.4767640233039856,0.007728426531588118,-0.05569104477763176,0.7700588245962828,-0.10357493162155151,0.5859831346266379,0.3731946349143982,0.04222782987342006,0.039325424,0.06570581,0.12331401,0.16889973,0.061454788,0.39052773,0.1507725,0.2669014,0.9089008,2.0449538,2.742454,0.30444393,0.65538186,0.18182047,1.3407135,1.2250696,2.0540452,0.11336634,0.5434948,Medullary_cords,495.9858868959882
GGTAGTGCTCGCACCA-1,1,34,72,5055,14262.0,5055,4210.9243,Low,1,2,4,6,4,2,7,5,1200.408263883584,0.6931471805599453,0.35184726119041443,0.05655478465117663,-0.3988439440727234,0.02901813855273273,-0.1891065537929535,0.31690643297530696,-0.01713033951818943,0.9284093640230021,-0.3840401768684387,0.03615312402297497,0.27629685401916504,0.13941258578445695,0.034821965,0.0,0.06817024,0.12884341,0.10230133,0.19554555,0.47031748,0.31753483,0.5929608,2.017467,2.908704,0.13282816,0.27439415,0.3519377,1.5367701,1.155971,2.0602221,0.0,0.6153233,Medullary_cords,137.92751719653333
GGTATAGTGACACATA-1,1,34,114,6353,20846.0,6353,4387.5757,Medium-High,1,0,0,3,0,4,0,3,1853.054235579736,1.0114042647073518,-0.15372402966022491,0.41734173906790745,-0.20646816492080688,0.27366213639316694,0.061505887657403946,0.7467915391454075,-0.14390528202056885,0.4480489629764399,-0.21789522469043732,0.2473894503150626,-0.012234782800078392,0.948836895681856,0.08821538,0.0,0.094717465,0.16379453,0.21169388,0.018475667,0.42310312,0.4089397,0.5946484,2.4089775,2.7741644,0.09796903,0.8988099,0.4351506,1.5515897,1.0392107,2.2438614,0.09796903,0.7020243,Medullary_cords,137.55726080436466
GGTATTGCCGAGTTTA-1,1,33,53,5048,16524.0,5048,3864.8967,Medium-Low,1,3,3,5,3,2,3,5,2482.8552112437005,0.0,0.16801536083221436,0.3748165123295057,0.24531719088554382,0.1913363540957922,0.08239606767892838,0.665114531792641,-0.1379513293504715,0.46724359743514754,-0.22416339814662933,0.23371211566313024,0.1487937867641449,0.4326115087245386,0.073064364,0.0008743243,0.16505316,0.11813685,0.4214884,0.021091826,0.20029102,0.24771392,0.2826273,2.1632018,2.7399106,0.118314736,0.4762617,0.3068713,1.5813661,0.9089305,2.4025218,0.39659443,0.3836069,Medullary_cords,238.90793205751876
GGTCAAGACTACTTCG-1,1,53,105,6583,21723.0,6583,4570.975,Medium-High,4,10,7,4,0,4,4,7,2144.542142276528,1.3296613488547582,-0.38998958468437195,0.03313259571925937,-0.07145089656114578,0.7075090182272774,0.08013419061899185,0.6737981435910115,0.1601182520389557,0.3979927772766647,-0.4933270514011383,0.005602883385474583,0.16543766856193542,0.3822931877472783,0.123551324,0.0006493505,0.1336681,0.19518307,0.11709856,0.2302798,0.19956979,0.19003257,0.68380857,2.2092323,2.6528823,0.12892348,0.5376953,0.8142312,1.8998712,1.1642826,2.1167727,0.25784695,0.46108386,Medullary_cords,0.0
GGTCACGTTAGATTCA-1,1,6,38,5585,17994.0,5585,4138.8735,Medium-Low,3,8,2,0,1,5,5,6,5150.958842778692,0.0,-0.3022906482219696,0.10446066522944755,-0.11394331604242325,0.5488179043034926,0.035248562693595886,0.853293415397938,-0.024669069796800613,0.897044212961283,0.1391606479883194,0.46331043872679906,0.30779024958610535,0.09799546572152014,0.03135542,0.0,0.011094396,0.47053045,0.121354915,0.22444409,0.14122075,0.30891272,1.0973701,1.3447169,2.2415166,0.055248942,0.43901515,0.055248942,0.71611774,1.6155581,1.7411016,0.110497884,0.32281473,Medullary_cords,603.0762804156701
GGTCAGTGGGTCCCAC-1,1,48,62,3946,9975.0,3946,3803.2456,Low,2,2,5,2,0,7,6,4,2153.641799371474,0.6365141682948128,-0.2432050257921219,0.19530876518982374,0.13706502318382263,0.47013727087405044,-0.024942243471741676,0.8959102313350812,0.019171759486198425,0.9199036201864348,0.2205163538455963,0.2416070491302779,0.03818243741989136,0.8412301732834276,0.08482996,0.0,0.24811205,0.23041227,0.16574943,0.026172122,0.24472417,0.38104224,0.39881805,2.1270943,2.6164186,0.37503,0.26039982,0.31105673,1.4753977,1.0805818,2.8893409,0.0,0.48249382,Medullary_cords,413.90457837525787
GGTCCACGTCTATTTG-1,1,73,25,6266,22395.0,6266,4181.653,Medium-High,2,1,4,3,5,0,0,3,6031.540847909429,1.0114042647073518,-0.09037984907627106,0.6348081560410412,0.09060341119766235,0.633967500750777,0.2411595582962036,0.19920986417052414,0.0028285905718803406,0.9881642085739777,-0.3023112714290619,0.10443583779783952,-0.15462730824947357,0.41457708385776604,0.10543615,0.0,0.14600702,0.1693589,0.24267225,0.0,0.33652562,0.1523974,0.6744653,2.3058348,2.7150264,0.18459009,0.39388782,0.5552913,1.5074095,1.0522014,2.4312158,0.09229504,0.35440445,Medullary_cords,138.0
GGTCGGATAAACGGCG-1,1,23,97,6968,27544.0,6968,4332.3076,High,3,0,0,0,4,2,0,6,1900.270770179871,1.2424533248940002,-0.3591563105583191,0.051273277931705726,-0.3890697956085205,0.03358575718617925,0.11189940571784973,0.556056403499313,0.47048577666282654,0.008695573322389419,-0.21363961696624756,0.2569712117627296,-0.210857093334198,0.2633661098096713,0.06722596,0.00042548298,0.02242328,0.2904216,0.3423889,0.120465666,0.15664914,0.20682015,0.6868295,2.0172727,2.5123005,0.1990511,0.77426237,0.45925194,1.5027494,1.3879594,2.4803672,0.07743463,0.42814946,Medullary_cords,137.92751719653333
GGTCGGCCAGGAGCTT-1,1,32,84,4911,12787.0,4911,4257.3784,Low,2,0,0,3,4,2,0,3,769.5797554509863,1.0114042647073518,-0.10322001576423645,0.5872746003842789,0.1724141538143158,0.36225679863270893,0.04745156690478325,0.8033612865883698,0.017926709726452827,0.9250902510332009,0.1025090366601944,0.5898654457587346,-0.29939791560173035,0.10798718655115515,0.14395615,0.0068683834,0.16572106,0.29403153,0.0,0.013199687,0.37622324,0.31995484,0.51958984,2.260108,2.817727,0.07222015,0.7343001,0.1444403,1.6845417,1.0250527,2.140812,0.43332088,0.25322738,Medullary_cords,238.76766950322232
GGTCGGTAATTAGACA-1,1,12,36,7097,28004.0,7097,4356.0083,High,2,11,0,2,1,5,0,3,4744.216900606463,0.6365141682948128,-0.42362746596336365,0.019660049174356643,-0.1657732129096985,0.381315069041519,-0.040849506855010986,0.8302943760799388,0.4242704510688782,0.019455280158374548,-0.2732359766960144,0.14402898692832725,0.1528179943561554,0.4201251201985832,0.06336704,0.0,0.17440285,0.21955763,0.26651824,0.0,0.2761542,0.332863,0.6743556,2.0814047,2.6146286,0.27289942,0.4736897,0.5629065,1.200334,0.9339386,2.7829475,0.33472252,0.26923722,Medullary_cords,238.40302011509837
GGTCGGTCGTCCACAG-1,1,56,52,5464,20445.0,5464,3635.7673,Medium-High,2,2,5,2,2,7,2,4,3284.80943130648,0.0,-0.11772319674491882,0.5355485139190354,0.27986857295036316,0.13416294781744403,0.18374738097190857,0.3310652293764469,-0.2203194499015808,0.2420382823847923,-0.202114075422287,0.28412990220037154,0.22678615152835846,0.22814256759061816,0.13541412,0.0,0.47631684,0.1397598,0.014285287,0.0070488728,0.22717512,0.3062971,0.30890036,2.218697,2.5547657,0.23461245,0.23461245,0.51019025,1.4044211,0.5586283,2.8237119,0.19910777,0.31990272,Medullary_cords,277.34635386101615
GGTCGTAAGCTCGCAC-1,1,49,19,5817,19711.0,5817,4031.3882,Medium-Low,2,7,5,2,3,6,2,4,4928.565409934214,0.0,-0.13120487332344055,0.4895030979986844,-0.21038849651813507,0.2644531764838635,0.1626342386007309,0.3905219142116989,-0.18572859466075897,0.32578652832823546,0.014421535655856133,0.9397076116397629,-0.021911393851041794,0.9085024721910646,0.0480991,0.0,0.15249199,0.24939202,0.29082608,0.0,0.25919086,0.25393718,0.72690487,2.158531,2.5871725,0.13885432,0.6837903,0.30578405,1.3377953,1.430499,2.8527622,0.2051788,0.6029501,Medullary_cords,729.2468717793721
GGTCTCCGTCCAGGTT-1,1,63,101,5983,19783.0,5983,4229.3823,Medium-Low,1,13,5,6,7,1,7,5,3125.964331210451,0.6931471805599453,0.2876124382019043,0.12327983520958205,0.11957176774740219,0.5291151958748437,0.044535551220178604,0.815231880382241,0.01020041760057211,0.9573357182497545,-0.2387557178735733,0.20386282784684584,-0.09084034711122513,0.6330770434435449,0.030230628,0.0,0.10391832,0.05984804,0.19807683,0.24119867,0.36672756,0.41486514,0.45124048,2.0530012,2.7708127,0.102278695,0.47938716,0.24074513,1.2675146,0.7708361,2.2858052,0.2769329,0.73772454,Medullary_cords,478.17360864020924
GGTCTCTGAATGGACT-1,1,52,34,5053,15085.0,5053,4067.2322,Low,2,9,0,2,5,0,0,3,4077.8627980843103,0.0,-0.13509772717952728,0.47659352425455953,-0.1739073097705841,0.3580508001162003,0.06383493542671204,0.7375317682381116,-0.02781808376312256,0.883984834686168,-0.3083755075931549,0.0973256562163595,0.36428967118263245,0.04780307443308546,0.06132428,0.16893072,0.1440444,0.33620822,0.16607845,0.0036764455,0.1197375,0.30620474,0.7380034,2.1761,2.7434618,0.29622257,0.6538106,0.23265141,1.4527762,1.4639081,2.3581617,0.1271423,0.5109018,Medullary_cords,138.00362314084367
GGTCTGAGAATCTGGA-1,1,30,80,5470,16135.0,5470,4395.5615,Medium-Low,4,3,1,4,4,2,4,7,1105.2863882270512,0.8675632284814613,-0.1952643096446991,0.3011090679614149,0.045135803520679474,0.8127849869160743,-0.286582350730896,0.12468866321242932,0.013900674879550934,0.9418814712188298,0.20824775099754333,0.2694564936518204,-0.04829201102256775,0.7999478066175825,0.2764615,0.0,0.15001707,0.19836108,0.11554962,0.0,0.2596107,0.21614014,0.45945746,2.2297723,2.837781,0.100788176,0.2816538,0.69090426,2.0473795,0.71372676,2.0063832,0.0,0.16076943,B_cell_zone,0.0
GGTCTTGAGCGCTCTT-1,1,65,65,4978,14782.0,4978,4003.1719,Low,2,4,0,2,2,1,2,3,3600.7317311902034,1.0114042647073518,-0.06739382445812225,0.7234521073242188,0.27793121337890625,0.13699220161757045,-0.164506733417511,0.3850144851550596,0.2764439582824707,0.1391934682482978,-0.04576139524579048,0.8102366364930426,0.2275657206773758,0.2265044914726843,0.072296515,0.0,0.31259778,0.19158867,0.1780955,0.0,0.24542159,0.41209942,0.4478795,2.1187952,2.7412236,0.12917684,0.4816488,0.06458842,1.4147861,0.7886622,2.7191272,0.12917684,0.31485075,Medullary_cords,138.0
GGTGAAACCGGGAATG-1,1,6,48,7107,29299.0,7107,4328.253,High,3,8,2,0,1,5,5,6,4719.369131568328,0.0,-0.2910328507423401,0.11868604595730892,-0.1463163048028946,0.44039850064523417,0.23157627880573273,0.21820271951357703,-0.022049590945243835,0.9079278097976577,-0.23822733759880066,0.20489551806493667,-0.4735095500946045,0.008217733210311788,0.04909337,0.0036268253,0.15604688,0.50671834,0.17154114,0.01710698,0.09586647,0.18929484,1.1223484,1.4723933,2.4579,0.17518088,0.7695771,0.21189094,0.8904858,1.6260445,1.6976357,0.0,0.17346859,Medullary_cords,601.2096140282522
GGTGAACGGGCTAGCC-1,1,8,32,6840,27188.0,6840,4293.319,High,3,8,2,0,1,5,5,6,5269.518478950425,0.0,-0.14630573987960815,0.44043186912883847,-0.022666819393634796,0.9053617602761405,0.11391983926296234,0.5489007969232182,-0.1528080403804779,0.420155756387733,-0.14642801880836487,0.4400457445686358,0.14328590035438538,0.45002578829156065,0.028901085,0.06340204,0.19212562,0.36007744,0.06677741,0.0,0.28871644,0.22117943,0.98113036,1.6212192,2.2628913,0.18639138,0.6525154,0.14723636,0.9044984,1.5332685,2.084423,0.3132401,0.43023807,Medullary_cords,603.0762804156701
GGTGAAGTACAGGGAT-1,1,47,37,5275,16530.0,5275,4060.2603,Medium-Low,1,9,0,3,3,7,6,3,3672.551293038669,0.6931471805599453,0.13874495029449463,0.4646604728760988,-0.19249393045902252,0.30815385880976354,-0.17579948902130127,0.35276273944933373,0.05614590272307396,0.7682314124616797,0.09388433396816254,0.6216821176882585,0.1278599053621292,0.5007361568783697,0.028098654,0.0021389422,0.29943162,0.21483679,0.07940119,0.23951033,0.13658246,0.3432411,0.79401433,1.8885229,2.8013382,0.34675947,0.5833091,0.22848466,1.386778,1.0787656,2.307123,0.69623804,0.6713594,Medullary_cords,478.17360864020924
GGTGAGATGCAGATAA-1,1,16,36,7048,28243.0,7048,4259.612,High,3,11,2,0,1,5,5,6,4444.690315421311,0.0,-0.30091366171836853,0.10612840495897267,-0.010186688974499702,0.9573930879613871,-0.03242339938879013,0.8649404323830702,0.2579796612262726,0.1686974563876003,0.011193787679076195,0.9531851572168072,0.38172292709350586,0.03738799056746039,0.0,0.044963714,0.19292189,0.3436524,0.15801851,0.12729186,0.13315165,0.348396,0.99441195,1.5059679,2.390782,0.104815,0.7703987,0.20414037,0.76162785,1.5202775,2.5899892,0.15155745,0.46206194,Medullary_cords,365.0986168146902
GGTGATAAGGAGCAGT-1,1,37,79,4163,10008.0,4163,4086.1016,Low,5,2,4,1,0,4,1,1,631.129146847141,0.0,0.2224317044019699,0.23743896549831814,0.06936289370059967,0.715699601642524,-0.1692255735397339,0.37133594219748983,-0.0542488619685173,0.7758607998583347,-0.42264458537101746,0.01997649776784484,0.08752387762069702,0.6455862779450308,0.1722834,0.0008048238,0.07507827,0.0,0.0,0.38666832,0.36516517,0.2238679,0.66087806,2.5031502,3.0733404,0.13726823,0.28770944,0.31046757,2.1393895,0.66459095,2.008884,0.0,0.34639868,B_cell_zone,0.0
GGTGATTTCATCTTGT-1,1,9,39,5529,16553.0,5529,4255.118,Medium-Low,3,8,0,0,1,5,0,3,4841.217408875582,1.0114042647073518,-0.4577297568321228,0.010977801214515972,-0.21754442155361176,0.24817023604359809,-0.19801552593708038,0.2942142083801686,0.05815465748310089,0.7601758270353373,0.12448997795581818,0.5121821663649134,-0.025754403322935104,0.8925400392108614,0.04798703,0.09996781,0.1737724,0.25353482,0.38901016,0.035727732,0.0,0.4210984,0.8660358,1.9564202,2.639703,0.35616064,0.50001776,0.46006387,1.3662375,1.2369716,2.3184547,0.118149534,0.36230832,Medullary_cords,632.5693637855061
GGTGCAGAGCCTATCG-1,1,12,104,5386,17580.0,5386,3990.5325,Medium-Low,1,12,3,3,4,3,3,3,3303.411115801362,0.6365141682948128,0.12549076974391937,0.5087695537580778,-0.11426600068807602,0.547679150491822,-0.0430777408182621,0.8211816134397739,-0.086335189640522,0.6500932358251118,-0.13717113435268402,0.46979033955149985,0.14213036000728607,0.45372627931433035,0.060873903,0.0052698436,0.104306445,0.19635454,0.30985206,0.03100783,0.29233542,0.2045928,0.7669805,2.3512459,2.744337,0.18074745,0.69647557,0.48595124,1.6231233,1.0771772,2.0446162,0.2251645,0.4426698,Medullary_cords,138.0
GGTGCATAAATGATTA-1,1,67,47,7300,31007.0,7300,4293.0146,High,1,4,0,3,2,0,6,3,4476.15426454451,1.0114042647073518,-0.2224455326795578,0.2374090488433142,-0.1976596713066101,0.2951003396241429,0.19663608074188232,0.29765864397661246,-0.12032610923051834,0.526500691925375,0.2242162525653839,0.23359898543870564,-0.06038901209831238,0.7512443631217098,0.018142292,0.10207693,0.19093509,0.1580981,0.08598131,0.12014835,0.32461786,0.26858646,0.57421106,2.028781,2.7259917,0.278924,0.579353,0.2706199,1.1810168,1.024794,2.3949153,0.6376166,0.6861491,Medullary_cords,414.40318531594323
GGTGCGGATAAGTGGC-1,1,16,46,6870,26419.0,6870,4288.7827,High,2,8,0,3,1,5,0,3,3911.392718712863,0.45056120886630463,0.016400836408138275,0.9314508231850404,-0.15408988296985626,0.4162207402897773,-0.15383605659008026,0.41699830259045173,0.0319933257997036,0.8667159502939956,-0.383365273475647,0.0365093406929362,-0.08915378898382187,0.639426376038724,0.013713511,0.075611,0.21683557,0.14518271,0.13563941,0.33144817,0.08156963,0.56458414,0.659656,2.065284,2.8135195,0.2856796,0.6783682,0.3903216,1.2418405,1.1253709,2.69604,0.31073502,0.85098803,Medullary_cords,550.0009090901577
GGTGCTGATCACAAAG-1,1,27,21,7060,27635.0,7060,4339.684,High,2,11,0,0,3,6,0,3,4796.234043497044,0.6365141682948128,-0.1425178498029709,0.4524835813176449,0.0687929093837738,0.7179409019028496,-0.15562762320041656,0.411527411638975,-0.05257389321923256,0.7826141372909845,-0.17464636266231537,0.35597978994632756,0.20547141134738922,0.27603615992729214,0.050431743,0.0,0.077216,0.25459456,0.27035433,0.0023012052,0.3451021,0.3075734,0.7314392,2.122636,2.618406,0.18389085,0.5467181,0.38244963,1.369972,1.2331784,2.5361435,0.13612877,0.45710286,Medullary_cords,364.6601157242179
GGTGCTGGTACACATT-1,1,42,46,4606,13153.0,4606,4008.1692,Low,5,9,7,1,3,7,1,1,2930.5794648840356,0.6365141682948128,-0.01866401545703411,0.92201840434462,-0.12451501935720444,0.5120966399505754,0.0014848578721284866,0.9937866902141256,0.11808987706899643,0.5342694533032121,-0.2009633630514145,0.2869385693314257,0.022097155451774597,0.9077300337214012,0.26065674,0.23310629,0.0,0.08039867,0.42583826,0.0,0.0,0.18626441,0.35408178,2.2185383,2.9823172,0.0,0.53542423,0.29705197,2.0311708,0.64147437,1.612303,0.0,0.15409586,B_cell_zone,0.0
GGTGGACCACGTGTTA-1,1,7,105,6737,27490.0,6737,4184.1074,High,5,12,3,1,4,3,1,1,3893.443206212208,0.9556998911125343,0.04216515272855759,0.824911118689064,0.20513620972633362,0.27683750203960605,-0.05267355963587761,0.7822118515166914,-0.4212120771408081,0.020445220947231488,-0.3910996913909912,0.032592266877304155,0.3025658130645752,0.10412977012716315,0.1582588,0.0958227,0.18086024,0.18541051,0.08866589,0.027859429,0.26312247,0.16979617,0.5874228,2.2728438,2.6485868,0.07756783,0.5136324,0.37453553,1.4642497,1.0411841,2.0254586,0.07756783,0.4155043,Medullary_cords,137.0
GGTGGACTGCTCTGGC-1,1,55,85,5531,17096.0,5531,4177.001,Medium-Low,3,6,0,0,2,4,0,6,2046.8927670984624,0.6365141682948128,-0.07945682853460312,0.676406693912582,0.27355313301086426,0.14354557545100932,0.008532363921403885,0.9643076906749728,0.09326250106096268,0.6240030546557835,-0.25147780776023865,0.1800718556764793,0.10708121210336685,0.5732920193187443,0.028766599,0.0048387568,0.26154462,0.34749442,0.16509254,0.0063096434,0.18595345,0.26776183,0.8157539,1.8427513,2.627942,0.28109133,0.6210638,0.32713336,1.0982101,1.513414,2.2457037,0.30149287,0.3350067,Medullary_cords,496.47255714691823
GGTGGGATTAGGTCCC-1,1,76,32,5876,19883.0,5876,4176.6953,Medium-Low,5,4,3,1,5,0,1,1,5964.818270492405,0.6931471805599453,-0.34955427050590515,0.05829700752612547,0.12730269134044647,0.5026198537683285,-0.09304828196763992,0.6248034278292626,-0.2381964921951294,0.20495591456016612,0.12812887132167816,0.49982816823990295,-0.032702118158340454,0.863790111998793,0.121878855,0.0,0.12694234,0.285722,0.0,0.0,0.4654568,0.26776114,0.5471084,2.0680954,2.9466286,0.050928082,0.513604,0.32668275,1.6393865,1.0982331,2.1258087,0.27587742,0.4613153,Medullary_cords,137.00364958642524
GGTGTAAATCGATTGT-1,1,69,65,7048,27050.0,7048,4331.3525,High,1,4,3,6,2,1,7,5,4036.5288305671743,0.6931471805599453,-0.13370169699192047,0.48120268714607894,0.0011681579053401947,0.9951118867960119,-0.20142176747322083,0.285817577081791,-0.29750171303749084,0.11034668862961011,-0.2557086944580078,0.1726108366004564,0.24919746816158295,0.1841857442875848,0.027272861,2.3263208e-05,0.07693639,0.10534393,0.21482997,0.112041265,0.46355227,0.34512228,0.42960003,2.1032047,2.9068744,0.31801313,0.50282073,0.24690124,1.3991586,0.89997554,2.144188,0.34386078,0.6430265,Medullary_cords,365.0986168146902
GGTGTAGGTAAGTAAA-1,1,70,50,6332,23675.0,6332,4163.432,Medium-High,2,4,0,3,2,0,6,3,4640.779675873441,1.0986122886681096,-0.06357726454734802,0.7385544665773222,0.2159925103187561,0.2516438759960931,-0.0931057333946228,0.6245887346142828,-0.029812006279826164,0.8757309385992944,0.22346094250679016,0.23521914600415453,0.17387300729751587,0.3581470978466809,0.026140807,4.4235683e-05,0.23355785,0.1723264,0.06923235,0.0,0.49869838,0.433652,0.72116905,2.0355897,2.7183986,0.36481848,0.42004693,0.32081234,1.3819785,1.1266327,2.6017988,0.6050815,0.59478724,Medullary_cords,633.1082056015385
GGTGTTCTGTTTCTAC-1,1,4,90,4853,14257.0,4853,3914.307,Low,2,12,0,2,6,3,0,4,4075.0107975317073,1.0114042647073518,-0.015386417508125305,0.9356817232146182,0.3247986435890198,0.07990516877696176,-0.45436030626296997,0.011658300898964908,0.09557974338531494,0.6153722461392389,-0.21950960159301758,0.24381728562580818,-0.32406866550445557,0.08062466644001125,0.033193655,0.0,0.19277309,0.1238987,0.09254621,0.5209601,0.03662826,0.13287152,0.43362516,1.8297479,2.5483391,0.13287152,0.30889276,0.42720836,1.3314214,0.8608381,2.5563307,0.3520425,0.6035649,Medullary_cords,137.55726080436466
GGTTACCACCCTCGGG-1,1,45,33,5965,18711.0,5965,4312.731,Medium-Low,0,9,0,4,3,6,4,0,3877.8550772301946,1.2424533248940002,0.038436271250247955,0.840188096299565,-0.13710665702819824,0.47000113273953287,-0.05072072520852089,0.7901040282357452,-0.04038830101490021,0.8321832990765741,0.14748069643974304,0.4367292699792557,0.3555576205253601,0.053822658765678336,0.08770085,0.0,0.120854706,0.20981911,0.33021724,0.2064225,0.04498563,0.21612799,0.7834924,2.000238,2.5732286,0.19792682,0.6386037,0.57894456,1.6014807,1.2258422,2.4070625,0.107046835,0.33526698,Medullary_cords,413.0012106519786
GGTTACCGCTCCCTAC-1,1,76,44,5013,14849.0,5013,4095.3425,Low,5,4,4,1,5,0,1,1,5467.4312981508965,1.0821955300387673,-0.37316831946372986,0.042243503155173265,0.11787515878677368,0.5350182604035766,-0.26211678981781006,0.16173078592222204,-0.056868910789489746,0.7653292032144283,0.0923319011926651,0.6274830314918604,0.08459088206291199,0.656728772918587,0.07022558,0.16518691,0.07277374,0.16223638,0.20877577,0.0,0.32080168,0.10664132,0.58381534,2.3815522,2.901049,0.12872802,0.46307093,0.37354606,1.9670517,1.1769162,1.8317717,0.21328264,0.355873,B_cell_zone,0.0
GGTTAGCTATATGTCT-1,1,47,87,4232,10511.0,4232,4066.4785,Low,5,10,4,1,0,4,1,1,1080.0185183597548,1.0114042647073518,-0.14076083898544312,0.45813294386025744,0.22014521062374115,0.2424203050378629,0.1783042997121811,0.34583484463974085,-0.12200465798377991,0.5207054145749552,-0.06439297646284103,0.7353184049266706,-0.14953961968421936,0.43028212334502475,0.15381488,0.009817927,0.0,0.25979063,0.3062338,0.027658673,0.24268405,0.0,0.65415,2.3091264,2.9331703,0.30034286,0.6184247,0.16864389,2.1945198,1.1644678,1.9214879,0.0,0.46664485,B_cell_zone,0.0
GGTTAGGCTTGGAGAA-1,1,28,36,5833,17815.0,5833,4359.5312,Medium-Low,1,11,4,6,1,6,7,5,3774.1813681909885,0.6365141682948128,0.09834250807762146,0.605147483018313,-0.05819685384631157,0.7600068697050554,-0.28276917338371277,0.1300071944290542,-0.0771329402923584,0.6853838626256838,-0.4100765883922577,0.024406567066564903,0.2354799062013626,0.2103231540788385,0.085781395,0.003481474,0.04540194,0.0687457,0.32099846,0.0,0.47559097,0.3582083,0.49635845,2.2763743,2.9365335,0.0,0.5554605,0.33416831,1.8977239,0.79265976,2.4737396,0.11138366,0.732053,Medullary_cords,0.0
GGTTAGTTACGGCGCC-1,1,27,23,5864,19969.0,5864,4115.6025,Medium-Low,2,11,0,2,1,6,0,4,4663.600004288533,0.6931471805599453,-0.14925284683704376,0.43117695678606793,0.045268669724464417,0.8122435982073511,-0.11049330234527588,0.5610615307076906,-0.08065813779830933,0.6717829388870229,-0.457364022731781,0.011050013277945216,0.23597075045108795,0.2093463343332106,0.041738696,0.0,0.26850972,0.11566026,0.19007964,0.32222363,0.06178803,0.23890832,0.5176063,1.9332845,2.7062483,0.40887487,0.37643966,0.40438437,1.3389723,1.1731901,2.507789,0.20299123,0.57561374,Medullary_cords,238.90793205751876
GGTTCCACCCGCTTCT-1,1,2,90,6468,23513.0,6468,4294.0435,Medium-High,3,12,3,0,6,3,0,3,4313.869840410116,1.0114042647073518,0.08560897409915924,0.652852689995129,-0.032014306634664536,0.8666293180891458,-0.26131513714790344,0.16306441405779626,0.16764847934246063,0.3758754153424064,-0.15253078937530518,0.4210095735263984,0.11809755861759186,0.5342426739909096,0.108491644,0.0,0.12218718,0.25450408,0.38747808,0.0,0.12733898,0.17718998,0.56058645,1.9717193,2.8192556,0.35946935,0.7446819,0.4879187,1.3565149,0.81411916,2.2626429,0.08859499,0.3293681,Medullary_cords,137.92751719653333
GGTTCCGTACGACTAA-1,1,77,41,7419,32035.0,7419,4285.843,High,2,4,0,2,5,0,2,3,5683.007654402728,0.5623351446188083,-0.5091931819915771,0.004055783314989929,0.1078118234872818,0.5706631459885292,0.10431475192308426,0.5832950937551706,-0.2497546523809433,0.1831745292239785,-0.0829336866736412,0.6630567293806138,0.0362478569149971,0.8491808238545508,0.0651367,0.0,0.15663312,0.17969362,0.33769804,0.011124498,0.24971403,0.3266825,0.6560687,2.012441,2.8140168,0.28578353,0.8264116,0.22985023,1.4989625,1.0734005,2.8133755,0.18919513,0.607173,Medullary_cords,238.90793205751876
GGTTCGGATTATACTA-1,1,39,7,3106,7937.0,3106,3403.3684,Low,1,7,3,5,3,6,3,5,5576.610171062704,0.6365141682948128,-0.22655373811721802,0.22863246759431224,0.034142255783081055,0.8578508133798629,-0.059024035930633545,0.7566969668643545,0.2180113047361374,0.24713144826976624,-0.10538297891616821,0.5794234485919695,0.27164098620414734,0.14647797271582227,0.27141097,0.004538819,0.0,0.1151914,0.38920605,0.03941875,0.18023401,0.25923842,0.43026274,2.127743,2.8130996,0.10192506,0.40770024,0.1955614,1.5462639,0.8824179,1.754223,0.3146267,0.27180016,Medullary_cords,137.00364958642524
GGTTCTACTCGTCTGA-1,1,39,105,5991,20555.0,5991,4158.988,Medium-High,2,0,0,0,0,4,0,3,1176.830489067988,0.8675632284814613,-0.482672780752182,0.006902962469107377,-0.14353542029857635,0.4492288563217859,-0.10267768800258636,0.5892504211008772,0.1741790771484375,0.3572884088092288,0.18532484769821167,0.32685804262171975,0.20411399006843567,0.27929049211216284,0.057775788,0.0,0.1311931,0.2424589,0.13901503,0.0,0.42955723,0.42439872,0.7483444,2.064296,2.7741826,0.049558982,0.38236657,0.65978914,1.290872,1.2077601,2.4312527,0.099117965,0.406633,Medullary_cords,240.0
GGTTGTATCGTGAAAT-1,1,1,51,7244,29368.0,7244,4367.7715,High,3,8,2,0,1,5,0,6,5111.163174855602,0.0,-0.34745287895202637,0.059930392453418066,-0.2409013956785202,0.199706026550409,0.3794075846672058,0.03865549372314487,0.1392613798379898,0.4629836098114957,-0.16962376236915588,0.3701949098678512,-0.098115473985672,0.6059849979893389,0.027597785,0.0,0.067481585,0.3062288,0.11400652,0.35320044,0.13148491,0.25412905,1.0331603,1.5995667,2.560537,0.14652815,0.6424696,0.30532193,1.1941539,1.6963401,1.7561401,0.07326408,0.79468113,Medullary_cords,477.53533900644464
GGTTGTGTAGCCTGGC-1,1,33,13,7307,30627.0,7307,4437.6436,High,4,7,1,4,3,6,4,7,5197.142676509853,0.6615632381579821,-0.32640719413757324,0.07833712481214208,-0.3568337857723236,0.052907403108205894,0.22166602313518524,0.2390994007568271,-0.06492409110069275,0.7332137675301287,-0.4538816809654236,0.011757772431927362,-0.1623242199420929,0.3914380932164823,0.1346251,0.0,0.038658664,0.099696845,0.38688383,0.019708792,0.3204268,0.035318863,0.38594925,2.0782347,2.7508883,0.0,0.6030998,0.7494274,1.9274015,0.8412945,1.7377509,0.070637725,0.36227736,B_cell_zone,0.0
GGTTTAATTACCATCG-1,1,63,39,5717,18165.0,5717,4223.589,Medium-Low,5,1,4,1,5,0,1,1,4510.871866945457,1.0986122886681096,-0.530264675617218,0.0025771118969543385,-0.15355834364891052,0.41784996481714487,0.07105948030948639,0.7090420193305319,-0.044078025966882706,0.8170981014009874,-0.27775683999061584,0.13724896767265535,-0.38092583417892456,0.03782051946235827,0.1077137,0.097665496,0.0,0.24199961,0.17798476,0.0,0.3746364,0.2372463,0.7964169,2.2734752,2.9052365,0.269528,0.54579353,0.31210783,1.5427084,1.0834278,1.7397403,0.10965073,0.32058418,Medullary_cords,138.0
GGTTTAATTGAGCAGG-1,1,26,116,7218,29998.0,7218,4352.572,High,3,0,0,0,0,2,0,3,2404.4001330893325,1.0114042647073518,-0.48204758763313293,0.006986602920006421,0.019794199615716934,0.9173118518031215,0.4894940257072449,0.006044234118818652,-0.40322941541671753,0.027139929669890924,-0.3725770115852356,0.042596909498560716,0.09329164028167725,0.6238942160176676,0.10452692,0.0,0.261783,0.20368837,0.0831728,0.18058157,0.16624735,0.29241347,0.70636463,1.8516779,2.668731,0.24525109,0.47435558,0.6015316,1.1891257,1.039563,2.1647136,0.19966485,0.3702619,Medullary_cords,138.42326394071193
GGTTTACAATCTCAAT-1,1,25,73,6236,21436.0,6236,4258.8564,Medium-High,2,3,0,3,4,2,6,3,1867.6755606903464,0.6365141682948128,-0.31161966919898987,0.09367536416525733,-0.1170092523097992,0.5380430832977507,0.04094252735376358,0.8299135116039307,-0.0954318717122078,0.6159215255489668,0.17079202830791473,0.3668590792782106,-0.2656776010990143,0.15590104535443094,0.040551454,0.0010682056,0.2373432,0.16282389,0.09770986,0.01205184,0.44845152,0.33631113,0.7092407,1.9991052,2.5534904,0.09572791,0.81868124,0.5001783,1.4281154,1.2810767,2.5061653,0.4519646,0.5882926,Medullary_cords,413.0012106519786
GGTTTAGCCTTTCTTG-1,1,46,102,4763,13030.0,4763,4070.5393,Low,2,10,0,3,0,4,6,3,1359.0776283936102,0.45056120886630463,-0.4191707968711853,0.02112876179307906,-0.049403801560401917,0.7954378020181307,-0.0939175933599472,0.6215580798101483,0.04400777816772461,0.8173847255025856,-0.21819856762886047,0.24671560921906943,0.32896119356155396,0.07589619697717342,0.06582747,0.001046947,0.23871115,0.075325966,0.1062496,0.0,0.51283884,0.56177056,0.45983306,2.1156688,2.7903082,0.28477168,0.83249885,0.25865608,1.5373636,0.9315469,2.425982,0.51731217,0.28477168,Medullary_cords,138.0
GGTTTCAATCGGTCAG-1,1,33,91,5524,16090.0,5524,4362.483,Medium-Low,3,0,2,0,0,2,5,6,633.1082056015385,0.0,0.10363160073757172,0.5857770427559611,-0.08388794213533401,0.6594101203407542,-0.001655888743698597,0.9930710366425871,0.03131546080112457,0.8695157393396388,0.0739017203450203,0.6979359213891958,-0.09595561027526855,0.6139769803151313,0.017439626,0.0012457131,0.1811248,0.31005415,0.18013711,0.0022098531,0.3077887,0.25464323,1.0351651,1.6152468,2.3445978,0.241689,0.4084998,0.31282157,0.7874666,1.5309386,1.9383333,0.1208445,0.34984714,Medullary_cords,476.80604023019674
GGTTTGACAAGAAGCT-1,1,12,112,6798,26455.0,6798,4376.6216,High,5,12,4,1,4,3,1,1,3525.3296299778835,0.45056120886630463,-0.023315034806728363,0.9026678920200746,0.21039465069770813,0.2644388808936001,-0.29665568470954895,0.11141175598587331,-0.004276091232895851,0.9821081675243528,-0.27317848801612854,0.14411673763634278,-0.09166445583105087,0.6299837802399291,0.21101233,0.007458339,0.0,0.052428745,0.1394597,0.41135404,0.17828687,0.1552183,0.35613367,2.3425376,2.9966063,0.1603219,0.51347876,0.5208918,2.1518931,0.83675086,1.3983386,0.08016095,0.27361962,B_cell_zone,0.0
GGTTTGAGTGCTGGAA-1,1,12,42,5206,15751.0,5206,4098.1274,Low,2,8,0,3,1,5,2,3,4440.890901609721,0.0,0.13809649646282196,0.4667705372723432,-0.018095670267939568,0.9243862136343581,-0.3646432161331177,0.04757111897953003,-0.19100737571716309,0.3119761430467231,-0.018144816160202026,0.9241814393483929,-0.09820662438869476,0.6056486907797708,0.03418346,0.06743726,0.16940956,0.16212092,0.059067965,0.16863656,0.33914426,0.45188558,0.5359868,2.1137373,2.6872325,0.2867979,0.35864046,0.18433861,1.308358,1.1387467,2.7520816,0.5621614,0.56581837,Medullary_cords,630.7154667518469
GGTTTGTGACCTGAGG-1,1,61,105,4205,10726.0,4205,3941.9504,Low,1,13,3,2,7,1,7,3,2993.1309694031097,0.45056120886630463,-0.024550557136535645,0.8975362373375951,0.17394283413887024,0.35795108837827944,0.04427625611424446,0.8162894102685982,-0.07770368456840515,0.683175130337017,-0.1463400423526764,0.440323532450238,0.11428774893283844,0.54760244070099,0.059781816,0.004322428,0.14544836,0.16174382,0.10744297,0.27638382,0.24487679,0.3181076,0.6035541,2.3197474,2.6196299,0.3293591,0.46300888,0.7790215,1.6659287,1.0629424,2.343889,0.16467956,0.68017197,Medullary_cords,138.0
GTAACAGGTTAACGGC-1,1,76,54,6035,21435.0,6035,4166.394,Medium-High,3,4,2,0,2,1,5,6,5118.554971864618,0.0,-0.34779009222984314,0.05966589252161412,-0.008529692888259888,0.9643188570096002,-0.47022107243537903,0.008738497914036431,0.09076599776744843,0.6333564106087648,-0.07398540526628494,0.6976098329787112,0.31637269258499146,0.08851595872946183,0.031257153,0.072847754,0.11909843,0.33241242,0.13075031,0.0013288723,0.31230512,0.29226038,0.9451653,1.7370746,2.5992558,0.19145583,0.5630982,0.30974144,1.1221067,1.4165175,2.1725695,0.28718373,0.20970544,Medullary_cords,496.47255714691823
GTAACTACGTAGACCT-1,1,73,17,5214,18569.0,5214,3835.1887,Medium-Low,5,1,3,1,5,0,1,1,6438.846558196585,0.45056120886630463,0.28399115800857544,0.1282849976821034,0.13378340005874634,0.4809323042559002,-0.10180160403251648,0.5924482968787171,-0.28544312715530396,0.1262605328717032,-0.25142306089401245,0.1801698602505426,0.2887945771217346,0.12167756484485466,0.20034643,0.010061658,0.0,0.40873364,0.2254791,0.026316406,0.12906279,0.17404008,0.49347532,2.1953325,2.8183868,0.16156076,0.5201402,0.34429958,1.7933825,1.1296103,1.5946418,0.10770717,0.42568412,B_cell_zone,137.92751719653333
GTAACTGCCCAAGGAG-1,1,66,46,7229,29106.0,7229,4353.464,High,3,4,0,0,2,0,0,3,4428.093269117081,0.6365141682948128,0.02719247341156006,0.8865770621210701,-0.07374265789985657,0.698555872741559,0.35304176807403564,0.05566356134660985,-0.14712359011173248,0.4378528098268599,0.21928198635578156,0.24431884937958226,-0.16507385671138763,0.38335534800555493,0.026993537,0.0,0.10827816,0.19756317,0.21562494,0.27100638,0.18053387,0.3892772,0.6140138,1.8726712,2.780472,0.2130454,0.51246077,0.34380463,1.1779444,1.2240775,2.3703108,0.07383289,0.61880493,Medullary_cords,275.98007174431996
GTAACTTGCGGCAGTC-1,1,10,40,6791,27470.0,6791,4167.211,High,2,8,0,2,1,5,2,4,4707.267678813262,1.0114042647073518,-0.2660598158836365,0.15528436371581858,-0.0322495773434639,0.8656579630585114,-0.15571840107440948,0.4112512803425302,-0.05493825674057007,0.7730858331617257,0.03447600081562996,0.8564754821033289,0.09313863515853882,0.6244657958694314,0.030439215,0.054850254,0.25964484,0.220197,0.26874653,0.0,0.16612215,0.20129253,0.6100102,2.0619469,2.5460334,0.07761395,0.50976384,0.38016137,1.353925,1.1867819,2.9378476,0.5039252,0.2659437,Medullary_cords,600.800299600458
GTAAGCGGGCAGTCAG-1,1,23,63,6473,22783.0,6473,4313.781,Medium-High,3,3,0,0,4,2,0,3,2487.3457741134425,1.0986122886681096,-0.5422443151473999,0.001965372928071628,0.0033506262116134167,0.9859800286909327,0.17760848999023438,0.34775106572762665,-0.2146463543176651,0.2546828097138269,-0.049499109387397766,0.7950514818736323,0.1410856992006302,0.45708560338470516,0.045580383,0.060814526,0.19062145,0.19499783,0.1061189,0.16649117,0.23537579,0.15051833,0.6851466,2.1021266,2.7981944,0.3343173,0.81878614,0.2631865,1.4216615,1.261564,2.4609985,0.09098055,0.53532696,Medullary_cords,238.76766950322232
GTAAGGATTTGTCGGA-1,1,10,68,6054,20821.0,6054,4248.1704,Medium-High,5,5,4,1,6,3,1,1,3625.013793077207,1.0114042647073518,0.3237220346927643,0.08096805678842636,-0.25156861543655396,0.1799093797485143,-0.47519198060035706,0.007961610087413692,-0.1365511417388916,0.4718193013918897,-0.4056309461593628,0.026154174051324246,0.1313462257385254,0.4890312508954044,0.21112353,0.10871934,0.0852018,0.15321027,0.14300232,0.014956306,0.28378645,0.11154699,0.3292215,2.5429964,2.9557204,0.09806244,0.6349496,0.26718906,2.2550316,0.78357166,2.1250596,0.09806244,0.4570639,B_cell_zone,0.0
GTAAGTAACAGTCTGG-1,1,40,82,5338,14880.0,5338,4333.06,Low,5,2,4,1,0,4,1,1,477.31017169132275,1.0114042647073518,0.14486950635910034,0.4449808365019055,0.009794259443879128,0.9590330747282534,0.06784865260124207,0.7216589680856206,0.046293970197439194,0.8080686866166161,-0.2879352569580078,0.12284074998507513,-0.18591415882110596,0.3252947798921264,0.100660086,0.20944533,0.08749275,0.2231533,0.1380234,0.00672953,0.23449565,0.32630724,0.599038,2.428555,2.9495833,0.34151822,0.41909978,0.26653308,2.0967927,1.2661412,2.3597002,0.0,0.49737287,Medullary_cords,0.0
GTAAGTAGGGTATACC-1,1,26,36,6180,21847.0,6180,4226.716,Medium-High,5,11,4,1,1,6,1,1,3857.08089103664,0.6931471805599453,0.20049868524074554,0.2880777619126046,0.024675127118825912,0.8970190660180588,-0.16301020979881287,0.3894124839448133,-0.27282607555389404,0.14465550660761559,-0.36887988448143005,0.04486046699544035,0.31205329298973083,0.093195428440004,0.16468433,0.00068310247,0.0,0.09043917,0.2758619,0.0,0.46833146,0.34139454,0.4636425,2.4120922,3.0387554,0.24935901,0.6084719,0.09421989,2.102093,0.97905034,1.8766292,0.0,0.17113934,B_cell_zone,0.0
GTAATAAAGGGCTCCC-1,1,31,103,7705,31427.0,7705,4694.319,High,4,0,1,4,0,4,4,7,1330.5044156258934,0.45056120886630463,-0.43170270323753357,0.017213481576040118,-0.44109269976615906,0.014691379627047694,0.04794955998659134,0.8013382458289212,0.04893928021192551,0.7973213670188529,-0.30595916509628296,0.10011357008831512,-0.1408444046974182,0.4578634087872405,0.13035579,0.0681506,0.06854458,0.15048313,0.42046195,0.022677843,0.13932611,0.10359954,0.543398,2.1722116,2.7717552,0.0,0.25375232,0.73124653,2.0302622,0.84045535,2.053183,0.06906636,0.35245293,Medullary_cords,0.0
GTAATCTGATTCTTCG-1,1,50,44,6032,20318.0,6032,4198.7617,Medium-High,2,9,5,2,3,7,2,4,3352.4095811818697,0.0,-0.16180643439292908,0.3929710196435559,-0.33347079157829285,0.07172991739714628,0.1703464835882187,0.3681291786434534,0.30554768443107605,0.10059426086460593,-0.11672727763652802,0.5390298377540127,-0.054416052997112274,0.7751875690145169,0.03699208,0.0023390402,0.27612576,0.2025461,0.17541523,0.17624536,0.1303364,0.32968548,0.884719,2.078912,2.6536431,0.33582106,0.54137063,0.31348595,1.1680094,1.2822305,2.8518667,0.4104516,0.67284966,Medullary_cords,497.24139007126104
GTACACTTACCTGAAG-1,1,36,64,4153,10472.0,4153,3936.085,Low,5,9,5,1,0,7,1,1,1668.6308758979621,1.0114042647073518,-0.13247612118721008,0.48526789880542676,0.11704361438751221,0.5379228937578255,0.01934075355529785,0.9191998678654943,-0.06172878295183182,0.7459038378354258,-0.2641770839691162,0.1583390256387225,0.053482841700315475,0.7789473754841918,0.10943381,0.0,0.16658126,0.26168212,0.15575138,0.0,0.3065514,0.35084146,0.66136783,2.2171066,2.986616,0.16759995,0.35084146,0.3351999,1.7273148,1.1264691,2.481279,0.0,0.4855982,Medullary_cords,137.55726080436466
GTACAGAGGCAAGGGT-1,1,37,83,5556,17309.0,5556,4203.8276,Medium-Low,1,0,4,1,0,4,1,3,364.00137362378183,0.6365141682948128,0.34761708974838257,0.05980147591281541,0.1366850584745407,0.4713806649420079,0.30546239018440247,0.10069411854871531,0.09515133500099182,0.6169641571287916,0.08616304397583008,0.6507469419414376,0.272723913192749,0.14481196501017282,0.052602004,0.0,0.106330425,0.083605655,0.2052128,0.17630905,0.37594014,0.24900071,0.44477263,2.1408882,2.8580048,0.26699716,0.7367051,0.42833784,1.6226587,1.0501397,2.231422,0.22799486,0.39557385,Medullary_cords,138.00362314084367
GTACGACGGCGCTGCG-1,1,12,26,7793,35861.0,7793,4390.448,High,1,11,0,3,1,5,0,3,5283.033314299655,1.0114042647073518,-0.766245424747467,7.976195437742169e-07,-0.03971131891012192,0.8349576164711019,0.27068567276000977,0.14795912259516852,-0.15254969894886017,0.42095130938130154,-0.44174590706825256,0.014528042150021658,0.017650818452239037,0.9262399743815538,0.038129494,0.039439525,0.16018233,0.12952644,0.0056595434,0.10729613,0.51976657,0.40127045,0.72053206,1.9048667,2.8247583,0.22603771,0.38969734,0.3767725,1.4509317,1.1982784,2.0707235,0.43175256,0.50685835,Medullary_cords,276.0018115882575
GTACGAGATTGCGACA-1,1,21,57,6512,21590.0,6512,4528.5396,Medium-High,0,3,7,4,1,2,4,0,2949.6240438401637,0.0,0.011212441138923168,0.9531072293090442,-0.09588708728551865,0.614231248128261,0.36125314235687256,0.04983248693902246,0.26687419414520264,0.15397625253965747,0.07833582162857056,0.6807318026268182,-0.14207099378108978,0.4539168302105556,0.14354123,0.09212809,0.21270072,0.1874388,0.10297676,0.2612144,0.0,0.08195369,0.6909088,2.427206,2.9636202,0.095152594,0.51121175,0.5252317,2.205553,0.98684585,2.4181378,0.19030519,0.29957676,Medullary_cords,0.0
GTACGCTTCATTGCAC-1,1,46,72,4101,10967.0,4101,3791.2314,Low,2,2,5,2,0,7,2,4,1459.9047914162074,0.6931471805599453,0.03746572136878967,0.844173958488817,-0.29484882950782776,0.11371205610178457,0.0658169612288475,0.7296798844267006,-0.6049591302871704,0.0003980006785981084,0.09224581718444824,0.627805340138757,-0.008510977029800415,0.9643970994058831,0.088899575,0.14813632,0.29683694,0.23159383,0.21842471,0.016108656,0.0,0.24302213,0.60862166,2.2793846,2.632973,0.24302213,0.50619894,0.08100738,1.7061316,0.9001138,2.9827604,0.16201475,0.43203935,Medullary_cords,137.55726080436466
GTACGTCACGTATTAA-1,1,11,107,6148,22066.0,6148,4234.3765,Medium-High,5,12,4,1,4,3,1,1,3488.2902688853173,0.45056120886630463,0.030335187911987305,0.8735672930497509,0.1404777616262436,0.45904661401925134,-0.048372313380241394,0.7996218449784416,-0.2804984152317047,0.1332524128845989,-0.2431112825870514,0.19548638517128059,0.26228079199790955,0.16145891391468878,0.2575866,0.0052877283,0.07985466,0.15997817,0.13000575,0.020344075,0.34694302,0.046723325,0.47997582,2.37742,2.9313254,0.2208256,0.6477681,0.26944733,2.1151125,0.8822744,1.7428994,0.09344665,0.3752241,B_cell_zone,0.0
GTACGTTTGCCCGTCA-1,1,44,68,3850,8504.0,3850,4061.1177,Low,4,2,1,4,0,7,4,7,1553.0321954164376,0.45056120886630463,-0.24264727532863617,0.19636721119465808,-0.3238317668437958,0.08085922930648445,0.010089656338095665,0.9577985776133223,0.04170364886522293,0.826798591138765,-0.10547710955142975,0.5790828320804576,-0.08976100385189056,0.6371375050175898,0.2590147,0.0,0.29928124,0.37889278,0.053141806,0.009669447,0.0,0.09718129,0.44154626,1.9787502,2.4626243,0.09718129,0.29154387,0.71437824,1.7291125,1.0293782,1.8751094,0.0,0.38872516,Medullary_cords,137.55726080436466
GTACTAAGATTTGGAG-1,1,27,55,6266,21148.0,6266,4383.264,Medium-High,5,3,4,1,1,2,1,1,2626.2081029499545,0.6365141682948128,0.12554632127285004,0.5085804584931681,0.3201591372489929,0.0845630108350872,-0.068867988884449,0.7176455415261959,-0.19340050220489502,0.30583728786621495,0.057001300156116486,0.7647981181498622,-0.02310311421751976,0.9035484813020209,0.18250722,0.09982426,0.05780514,0.019447342,0.05768347,0.0088056475,0.573927,0.20721295,0.39399648,2.3410504,3.0374894,0.15880857,0.67050165,0.14521316,2.2586102,0.8407107,1.8644024,0.0,0.68830144,B_cell_zone,0.0
GTACTACGGCCTCGTT-1,1,75,85,3560,7974.0,3560,3849.6565,Low,0,6,7,1,2,1,1,0,4437.286783610002,1.0114042647073518,-0.2678242623806,0.15246021286752545,0.2166857272386551,0.25008831007319016,0.19945096969604492,0.2906568780588692,0.10335695743560791,0.5867761502638587,0.09334035217761993,0.6237122883166251,0.42325910925865173,0.01977815730587524,0.1513311,0.0,0.2296498,0.18555397,0.33880198,0.06964273,0.02502039,0.19508943,0.09030445,2.1026926,2.5464284,0.1015925,0.72014236,0.15688616,1.6537439,0.5699922,2.397607,0.31377232,0.40637004,Medullary_cords,137.00364958642524
GTACTCCCTTATCGCT-1,1,36,28,3106,7108.0,3106,3546.592,Low,1,7,6,5,3,6,3,5,4137.342383704786,0.0,-0.04097570851445198,0.8297776633158106,0.11597783863544464,0.5416566167505138,0.16132742166519165,0.39439221438677385,0.053315650671720505,0.7796214893622763,-0.3342653810977936,0.07101453809627355,0.2020067572593689,0.2843910987754827,0.033045948,0.0,0.10680938,0.0070283413,0.014564105,0.34750462,0.49104762,0.27711666,0.24632591,1.9677207,2.7004304,0.21958132,0.21958132,0.49669796,1.3471835,0.42182282,1.760824,0.5542333,0.2927751,Medullary_cords,239.00209204105306
GTACTCCTGGGTATGC-1,1,26,102,6467,22357.0,6467,4426.147,Medium-High,5,0,4,1,4,2,1,1,1730.3878178027028,1.0114042647073518,-0.24038581550121307,0.20069947101052535,0.07125511020421982,0.7082756855085722,0.0016164444386959076,0.9932360850979945,-0.14582321047782898,0.44195736035513117,-0.1436505913734436,0.4488612713595822,0.03705114871263504,0.8458776851273012,0.087817475,0.07045072,0.02419973,0.12467911,0.27707556,0.16623294,0.24954447,0.23459211,0.5918678,2.1849172,2.700004,0.09242618,0.5322506,0.5390282,1.8003626,0.8144642,1.9319707,0.09242618,0.31898552,Medullary_cords,237.9012400135821
GTACTGAGGTCGTAAC-1,1,11,47,6456,24046.0,6456,4203.741,Medium-High,2,8,0,2,1,5,2,3,4292.135715468466,1.0986122886681096,-0.014025188982486725,0.9413617625390601,0.27897021174430847,0.1354695253201809,-0.3555624485015869,0.05381917279861884,-0.27931463718414307,0.1349674991414936,-0.17875662446022034,0.3445925855431812,-0.05734884366393089,0.7634044318958664,0.09895537,0.0041641607,0.5111846,0.23612656,0.14956935,0.0,0.0,0.4988758,0.6198671,2.1659281,2.8770316,0.26382756,0.56752765,0.5327631,1.3921607,0.9515804,2.7493258,0.41878018,0.46827853,Medullary_cords,496.47255714691823
GTACTGCATGAAGCGT-1,1,11,39,6814,26460.0,6814,4264.057,High,2,8,0,3,1,5,6,3,4673.139950825355,0.0,-0.27978515625,0.1342838797764718,-0.37472280859947205,0.041325604146203336,-0.3477444648742676,0.0597016276179306,0.10953173786401749,0.5644961091608369,0.03824189305305481,0.8409860633869664,0.0905522033572197,0.6341600169954521,0.027057972,0.0,0.2824576,0.12192144,0.27625072,0.0,0.2923123,0.49203324,0.55167764,1.9515388,2.7386715,0.120218106,0.5476795,0.4260645,1.290679,1.0308235,2.8371015,0.6524597,0.51720893,Medullary_cords,477.31017169132275
GTACTGGAGTTAGACC-1,1,33,81,4923,13363.0,4923,4155.2886,Low,5,0,4,3,4,2,0,3,767.9179643685906,0.8675632284814612,0.20642799139022827,0.2737575640059691,0.30574679374694824,0.10036144522027407,0.0365939661860466,0.8477573110322577,0.2535180449485779,0.17644619895977248,-0.11026886105537415,0.5618623487293829,0.0026794839650392532,0.9887880817677651,0.07767842,0.0,0.22890146,0.24687646,0.065564305,0.31766212,0.06331716,0.11436972,0.5130011,2.0089736,2.7603252,0.20949894,0.3313423,0.42647153,1.4564167,1.1749482,2.6145368,0.13966596,0.7062894,Medullary_cords,137.55726080436466
GTACTTGGGCACTTCT-1,1,17,33,6349,22982.0,6349,4254.592,Medium-High,3,11,2,0,1,5,5,6,4545.250268137058,0.0,-0.29183343052864075,0.11762939095226971,-0.0022185945417732,0.9907165169681277,-0.08671659231185913,0.6486458039495748,0.2006208747625351,0.2877779261536671,-0.06764218956232071,0.7224727606644277,0.4026866555213928,0.02736686108716059,0.031757183,0.081175044,0.09853163,0.487615,0.20231506,0.0,0.098606035,0.3435104,0.90967464,1.553945,2.4041672,0.18063192,0.60588944,0.37226892,1.0333728,1.5567387,2.0134008,0.09031596,0.43693498,Medullary_cords,365.7608508301565
GTAGAAACGGGTGGAG-1,1,24,16,7462,32314.0,7462,4371.966,High,3,11,0,0,1,6,0,6,5232.000095565749,1.2554823251787535,-0.25166055560112,0.17974498246225282,0.25605809688568115,0.1720045997738382,0.08129407465457916,0.6693399934360174,0.006295274943113327,0.9736620241379861,-0.685551643371582,2.9068868729162866e-05,0.008603185415267944,0.9640116217037378,0.1246307,0.067472994,0.07503653,0.38981077,0.22721463,0.0,0.11583435,0.29666817,0.6816148,2.0961711,2.831582,0.06740984,0.5909213,0.22833076,1.4462231,1.3974557,2.181606,0.06740984,0.24427474,Medullary_cords,137.55726080436466
GTAGACAACCGATGAA-1,1,7,55,7832,34130.0,7832,4491.5767,High,3,8,0,0,6,5,0,6,4352.03963676803,1.0114042647073518,-0.7230051755905151,6.390981978063291e-06,-0.4222596287727356,0.020101577785376235,0.09726805984973907,0.6091153772908457,0.2707769274711609,0.14781717289185406,-0.1367991417646408,0.47100715954267175,-0.05793510749936104,0.7610550956486759,0.0692928,0.05570985,0.015998513,0.3702128,0.26363152,0.025895854,0.19925869,0.2526977,0.8590515,1.9058058,2.8553739,0.272793,0.7276648,0.25097388,1.3519686,1.5321963,1.7791065,0.0,0.52704275,Medullary_cords,238.90793205751876
GTAGACACGCCTGACT-1,1,63,67,6180,19432.0,6180,4482.534,Medium-Low,0,4,7,4,2,1,4,0,3325.0335336654875,0.6931471805599453,0.0796244740486145,0.6757607405307663,0.01192350685596466,0.9501369573865441,-0.2084115445613861,0.2690715238456398,0.3908554017543793,0.03271055521745983,-0.07191397249698639,0.7056968052200593,0.16264091432094574,0.3905021994241462,0.19028366,0.00059353985,0.075102136,0.21356265,0.29430905,0.0029121572,0.22323677,0.22050822,0.64026797,2.2814374,2.9222999,0.19225502,0.38451004,0.64048165,2.0590599,0.95265204,2.040806,0.10379471,0.25634006,B_cell_zone,0.0
GTAGACGTCGTTACAT-1,1,13,39,7135,28952.0,7135,4329.009,High,1,11,0,3,1,5,6,3,4510.054988578299,0.45056120886630463,-0.09775541722774506,0.6073142297294855,0.009639307856559753,0.9596806722947413,-0.17242982983589172,0.36221249026095403,0.01592128537595272,0.9334506952962608,-0.0355931892991066,0.8518746744668193,0.14901286363601685,0.43192657313429544,0.022655018,0.0007370658,0.19671975,0.1021973,0.102965966,0.19259264,0.38213226,0.41188294,0.6970499,2.1196537,2.8619184,0.14556138,0.60501707,0.44931206,1.415801,1.1468699,2.510644,0.7599045,0.7180914,Medullary_cords,413.0012106519786
GTAGAGGGAGACAAGT-1,1,51,31,6429,22775.0,6429,4316.531,Medium-High,2,9,0,2,3,0,2,3,4221.597920219309,0.0,-0.42660462856292725,0.018726661428507103,-0.20886112749576569,0.26801668801339923,0.16759008169174194,0.37604412508153395,0.008232977241277695,0.9655593264319996,-0.14413663744926453,0.4473117645376925,0.16355673968791962,0.38780299904666066,0.12778859,0.0,0.21856529,0.21472746,0.25066912,0.028635478,0.15961398,0.4066665,0.6794301,2.396278,2.7716289,0.1820214,0.688391,0.46635658,1.526186,1.0582024,2.5794804,0.0910107,0.48071334,Medullary_cords,137.92751719653333
GTAGCCAAACATGGGA-1,1,50,70,5038,18465.0,5038,3526.3682,Medium-Low,2,2,5,2,0,7,2,4,1897.8161133260514,0.0,-0.038173142820596695,0.8412683358784032,0.346653014421463,0.060561456902853736,-0.023756949231028557,0.9008319793270233,0.05658416450023651,0.7664718271142679,0.15631020069122314,0.409453673504537,-0.26606494188308716,0.1552761051216443,0.041170463,0.12674592,0.2908606,0.09452978,0.19949858,0.0,0.24719465,0.38707495,0.40329632,2.2470362,2.406753,0.22882015,0.38340142,0.2540333,1.328885,0.94629383,2.974453,0.39986703,0.38653687,Medullary_cords,497.80016070708535
GTAGCGCTGTTGTAGT-1,1,6,50,5726,18465.0,5726,4167.979,Medium-Low,3,8,2,0,1,5,5,6,4639.924676112749,0.0,-0.2519378960132599,0.17924971218437974,-0.12203306704759598,0.5206075988539689,-0.03727973997592926,0.8449381823475619,-0.062456224113702774,0.7430089584498586,0.1935192048549652,0.30553477619105496,-0.44526195526123047,0.01367460148878326,0.03651377,0.0058989376,0.2078626,0.56892115,0.024321523,0.0,0.15648203,0.27258092,1.043304,1.448599,2.5239146,0.10819955,0.5146305,0.25403327,1.0005778,1.7752743,2.269333,0.18346792,0.12231195,Medullary_cords,496.9557324349926
GTAGCGGCTATACACT-1,1,39,69,3128,7455.0,3128,3534.9617,Low,5,2,3,5,0,7,3,5,1312.7749235874367,0.8675632284814612,0.10473664849996567,0.5817646246006832,-0.3550429940223694,0.054195259555634825,0.12312018871307373,0.5168712484959345,-0.03859453275799751,0.8395385111103514,-0.3068821132183075,0.09904168126740719,-0.10159540176391602,0.5932020674373416,0.09535182,0.0,0.19276258,0.0,0.25843096,0.022593826,0.43086085,0.10634264,0.23937827,2.2173576,2.8488317,0.21268529,0.5774251,0.0,1.8262035,0.55763006,2.3723664,0.0,0.21727721,Medullary_cords,0.0
GTAGCTAGTAAGCGCG-1,1,2,80,5246,15752.0,5246,4165.406,Low,5,5,4,1,6,3,1,1,4346.357210354437,1.0114042647073518,-0.31050434708595276,0.09491841067469346,0.07698457688093185,0.6859584339088982,-0.06827887147665024,0.7199641792664545,0.03100050985813141,0.8708171111430848,-0.2500288784503937,0.18267827587379964,0.09573334455490112,0.6148018997855674,0.084652856,0.0017797243,0.047472253,0.09327608,0.24504246,0.25762615,0.27015042,0.16389798,0.33693868,2.2849667,2.8978467,0.12288624,0.32779595,0.06144312,1.8717566,0.7832854,1.9694352,0.0,0.505408,Medullary_cords,0.0
GTAGCTCCGGGAGGCT-1,1,65,37,6867,27109.0,6867,4305.746,High,5,1,3,6,5,0,7,1,4773.683902396555,0.45056120886630463,-0.24800896644592285,0.18635575384365763,-0.33913862705230713,0.06674727552374851,-0.046217404305934906,0.8083802776279632,-0.0703660249710083,0.7117607047108416,-0.3404635488986969,0.06562233070695173,0.033463433384895325,0.8606494301315816,0.119133465,0.0010535235,0.0,0.27094615,0.21596858,0.022700135,0.3701982,0.36197448,0.5076917,2.153581,3.1294427,0.31922737,0.81590855,0.25014865,1.6255461,0.97099733,1.590052,0.15700682,0.56717134,B_cell_zone,239.26763257908496
GTAGCTTCCTCTTGTT-1,1,31,89,5327,15488.0,5327,4226.658,Low,3,0,2,0,4,2,5,6,840.674134251792,0.45056120886630463,0.1703415811061859,0.36814316835965455,-0.11696012318134308,0.5382149462373422,-0.30444785952568054,0.10188760562983505,-0.26102039217948914,0.16355671624762924,0.1181737631559372,0.5339770454473907,-0.17219987511634827,0.36286278040555675,0.045597725,0.0,0.10462288,0.36917907,0.10909782,0.30588377,0.06561866,0.44173297,0.99269205,1.6346947,2.5031297,0.2904585,0.5701571,0.39410418,0.87747777,1.3986605,1.8307148,0.0,0.57210773,Medullary_cords,551.0009074402691
GTAGGTGATCCGTGTA-1,1,17,79,6383,22766.0,6383,4362.323,Medium-High,3,5,2,7,4,3,8,2,2590.525236317917,0.0,-0.23266685009002686,0.21598148232390654,-0.2827393412590027,0.1300494491489203,-0.058718789368867874,0.7579178988409605,-0.07045669108629227,0.7114050512802496,-0.07262493669986725,0.702917571485363,0.10839428007602692,0.5685712576792018,0.0176803,0.0,0.19063118,0.29254606,0.12750925,0.15504627,0.21658695,0.17228357,0.66613376,1.625416,2.5516977,0.124324806,1.3402485,0.41328394,0.92732847,1.3972422,2.3092592,0.09103081,0.36655346,Medullary_cords,477.1687332590014
GTAGTCGCGGGAATCA-1,1,49,81,5130,15336.0,5130,4063.0933,Low,2,10,5,2,0,4,2,3,1402.9415525958307,0.45056120886630463,0.22530634701251984,0.23127391423270421,-0.4702065885066986,0.008740851788051642,0.40830737352371216,0.025090234194908478,-0.6603386402130127,7.161149428064855e-05,0.4006516933441162,0.028231503868711615,-0.37052208185195923,0.043843485849859344,0.12173991,0.0,0.19720326,0.067081854,0.3651423,0.0,0.24883276,0.2859084,0.24649075,2.2082465,2.7610114,0.12550583,0.66122043,0.31301224,1.419782,0.6826925,2.5241163,0.12550583,0.29754066,Medullary_cords,237.9012400135821
GTAGTCTACGATATTG-1,1,63,77,5664,19989.0,5664,3834.326,Medium-Low,2,6,0,2,2,1,2,4,3089.4188773942583,0.8675632284814613,0.2698863446712494,0.1492067131518958,0.13380520045757294,0.48086017263452496,-0.16176632046699524,0.39308992197420417,0.022486047819256783,0.9061131997583637,0.06376313418149948,0.7378167040516268,0.08774476498365402,0.6447501223770856,0.09165898,0.08974684,0.24814704,0.26712996,0.14899515,0.0,0.15432207,0.30266523,0.5800351,2.0821733,2.4380426,0.13739428,0.46285918,0.10142047,1.4199392,0.9792705,2.8992374,0.10142047,0.15278016,Medullary_cords,276.4814641164937
GTAGTGAGCAACCTCA-1,1,69,113,5414,17969.0,5414,3941.9517,Medium-Low,2,13,5,5,7,1,3,5,4092.6251966189134,0.6365141682948128,0.007980618625879288,0.9666144159778238,0.19312651455402374,0.30653625709706733,0.08499234169721603,0.6551992847360989,0.30716264247894287,0.09871760327615899,-0.5448382496833801,0.001850927401799434,-0.2532680332660675,0.17688770196596343,0.025257101,0.0,0.06215984,0.13203244,0.35603324,0.15334733,0.27117008,0.20414472,0.3784591,2.0304074,2.891268,0.14883365,0.39967987,0.055311065,1.4751811,1.1408551,2.5366442,0.11062213,0.55487525,Medullary_cords,138.0
GTAGTTCGAAGGCGAA-1,1,65,39,6501,22891.0,6501,4339.9556,Medium-High,1,4,3,6,5,0,7,5,4673.357893420961,0.6931471805599453,-0.0001461314968764782,0.9993885146400949,-0.11239848285913467,0.5542848683690744,-0.05846666544675827,0.758926780469055,-0.3891792595386505,0.033531565382280464,-0.36387011408805847,0.048079503898234024,-0.055820465087890625,0.7695387493867557,0.058924746,0.0,0.0,0.1028442,0.18432657,0.24593683,0.40796757,0.4926843,0.55876005,2.0798662,2.932191,0.09061381,0.5780827,0.37139004,1.3633864,1.0016959,1.6725557,0.09061381,0.48756003,Medullary_cords,138.00362314084367
GTAGTTTAAGCACACG-1,1,73,23,6614,24461.0,6614,4310.9404,Medium-High,5,1,4,1,5,0,1,1,6131.272706379973,0.45056120886630463,-0.07646465301513672,0.6879733111823416,0.04750693589448929,0.803136294509818,0.16223007440567017,0.3917165596205644,0.0053281597793102264,0.9777071247397101,-0.3497706353664398,0.058130834323224745,0.21690036356449127,0.24960796006449776,0.2259477,0.20638205,0.0,0.24705283,0.3206174,0.0,0.0,0.117546424,0.4842076,2.3800073,2.9344134,0.08569595,0.69613487,0.30330145,2.0461168,1.0109212,1.7654483,0.25708786,0.1905427,B_cell_zone,0.0
GTATAGGACTCAGTAG-1,1,20,58,6678,23272.0,6678,4530.87,Medium-High,0,3,7,4,1,2,4,0,2985.247225942937,0.0,0.08231768012046814,0.665414769507499,0.06330308318138123,0.7396431755738359,0.35551753640174866,0.053851607778067016,0.3322131633758545,0.07287356461890261,0.03773929178714752,0.843050071063831,0.008189999498426914,0.9657390086791257,0.16957965,0.09828987,0.10475721,0.11917087,0.37029144,0.0,0.13791099,0.30327648,0.7138283,2.3024864,2.879109,0.13405433,0.55333126,0.42981106,2.1858628,0.8452565,2.195642,0.08936955,0.16295883,Medullary_cords,0.0
GTATAGTGGCCCATGT-1,1,4,92,5920,20810.0,5920,3999.4858,Medium-High,2,12,0,2,6,3,2,4,4081.676738792527,0.45056120886630463,-0.05495882034301758,0.7730031020239095,0.20695608854293823,0.272504845522772,-0.42077308893203735,0.02059066058386773,-0.041934531182050705,0.8258542027354067,-0.17789055407047272,0.34697350919762465,0.026768039911985397,0.8883363647583892,0.025722487,0.1619504,0.21608141,0.09698817,0.13082364,0.260216,0.108217955,0.11158244,0.59798265,2.1784472,2.6777177,0.13323739,0.5675005,0.40051487,1.4060854,0.8000163,2.79378,0.098101415,0.5340198,Medullary_cords,238.76766950322232
GTATATGTTACGGCGG-1,1,6,20,6481,25244.0,6481,4195.41,Medium-High,5,8,7,1,1,5,1,1,6049.474439982369,1.3296613488547582,-0.5692182779312134,0.0010279713923463229,-0.5084360241889954,0.004120243061026285,0.20810486376285553,0.2697926181736601,0.1427113115787506,0.4518638213059703,-0.4903531074523926,0.00594282663764937,-0.05943505838513374,0.7550538571195313,0.18177971,0.11498401,0.021769306,0.34743705,0.19064982,0.0,0.14338008,0.097901784,0.6601098,2.0037632,2.8080282,0.18759531,0.5438143,0.2854971,1.8667408,1.1560065,1.4674554,0.22931147,0.28341004,B_cell_zone,0.0
GTATCAAACGTTAGCT-1,1,55,97,6140,20327.0,6140,4363.7026,Medium-High,3,10,0,0,0,4,0,3,2128.8142239284293,1.0114042647073518,0.3531422019004822,0.055589134368081015,-0.016955768689513206,0.9291370998775271,0.0017439387738704681,0.9927026062392005,0.30242040753364563,0.10430452704930046,0.07750111818313599,0.6839587528720369,0.25256311893463135,0.17813671837338055,0.068478,0.0808071,0.15943031,0.31940904,0.058280997,0.007200977,0.30639362,0.3001336,0.8805269,2.1190147,2.6963568,0.27164197,0.5624565,0.45698035,1.2727429,1.3836387,2.4382157,0.0,0.33198184,Medullary_cords,137.92751719653333
GTATCAAGGTACTTCC-1,1,72,72,4761,14123.0,4761,3865.1455,Low,2,6,5,2,2,1,2,4,4218.519408512897,0.45056120886630463,0.009457005187869072,0.9604426118906008,0.03273414075374603,0.8636579666632902,-0.05064950883388519,0.7903922318626843,-0.2895280420780182,0.12069119419280942,-0.36574748158454895,0.046852379931183005,0.4535486698150635,0.01182740002369152,0.10132576,0.0009217491,0.17672798,0.24402869,0.0969364,0.012136415,0.367923,0.25604492,0.76957285,2.2183993,2.6599677,0.34315744,0.18912481,0.26768053,1.4152321,1.201108,2.7525837,0.0,0.5581792,Medullary_cords,138.42326394071193
GTATCAGCTTGGGTTC-1,1,20,34,5576,17323.0,5576,4216.322,Medium-Low,3,11,2,0,1,5,0,3,4296.84686718063,0.8675632284814612,-0.5288018584251404,0.002662027211087259,0.11066243797540665,0.5604583913505828,0.11662991344928741,0.539370757227001,-0.06943336874246597,0.7154226390942471,0.06462179124355316,0.7344114538260855,0.34442469477653503,0.062346987048490815,0.045180604,0.0,0.09642517,0.330108,0.20733804,0.20232797,0.11862031,0.4888801,0.84620583,1.7794654,2.7379777,0.2848086,0.589553,0.11392344,1.1303177,1.420961,2.5139098,0.11392344,0.45320415,Medullary_cords,365.65831044842946
GTATCCTTTGGTAACC-1,1,64,92,6297,23515.0,6297,4090.4475,Medium-High,1,6,3,5,2,1,3,5,3126.833062381169,1.0114042647073518,0.20404121279716492,0.2794656645178285,-0.3067874014377594,0.09915127688482178,-0.12221287190914154,0.519988717371311,-0.316274493932724,0.08862031538829883,-0.39829134941101074,0.029262123477372035,0.2653563320636749,0.15642075144206138,0.024258383,0.0,0.01508866,0.12581135,0.36221394,0.1264842,0.34614348,0.4413013,0.53905004,2.027376,2.8233252,0.23568887,0.48812383,0.36668295,1.2158844,0.9056574,2.1513605,0.20559278,0.6164174,Medullary_cords,137.92751719653333
GTATCTCAGTCTTGAC-1,1,58,22,6521,23191.0,6521,4237.7866,Medium-High,2,1,0,3,5,0,6,3,5135.953465521276,1.0114042647073518,-0.27217012643814087,0.14566220456795834,-0.4091419577598572,0.024765804645181994,-0.01394636370241642,0.9416907681825383,0.3040875792503357,0.10231398732574182,-0.19359570741653442,0.30533991015915973,-0.1152305006980896,0.5442820302692519,0.026634669,0.05728864,0.28944826,0.07637467,0.011361021,0.15773682,0.38115597,0.24512032,0.5369009,2.1820452,2.7312622,0.31597325,0.56852156,0.2899395,1.4837483,1.0975645,2.5303483,0.5270227,0.65023565,Medullary_cords,137.0
GTATCTCCCTAACTGT-1,1,0,60,6839,27909.0,6839,4220.5366,High,5,5,7,1,6,5,0,3,4942.777862700285,1.0397207708399179,-0.3675538897514343,0.04569527228198959,0.1294325739145279,0.49543879915319905,0.24214521050453186,0.19732337294627786,-0.02435392141342163,0.8983526842566083,-0.03003748506307602,0.8747983504767295,0.040173519402742386,0.8330632759520148,0.08262046,3.0093659e-05,0.11449527,0.2674709,0.39735705,0.0,0.13802628,0.14943235,0.6534222,1.9273624,2.596273,0.14410411,0.48094678,0.45734745,1.471087,1.0966158,2.6323473,0.0,0.17269382,Medullary_cords,138.42326394071193
GTATCTCGGGCGCTTT-1,1,71,19,4865,14730.0,4865,3969.4658,Low,5,1,4,1,5,0,1,1,6179.710753748916,0.45056120886630463,0.1572587639093399,0.4065816237649827,0.13204325735569,0.48670788776909235,-0.02591961808502674,0.8918546757134636,-0.13492092490196228,0.47717599113230114,0.11384105682373047,0.5491790073439353,0.4107109010219574,0.02416519976742907,0.15469213,0.0009710477,0.0,0.1737116,0.65306246,0.017562794,0.0,0.064766355,0.4489999,2.2419271,2.7017746,0.064766355,0.2935984,0.42313114,2.106207,1.0755881,1.7589467,0.25906542,0.31566325,B_cell_zone,0.0
GTATCTTGTTGCTCAC-1,1,0,54,7195,31989.0,7195,4200.946,High,3,8,2,0,1,5,5,6,5117.9406991484375,0.5623351446188083,-0.4956670105457306,0.005347191115245858,0.05797694995999336,0.7608874995957015,0.1550809144973755,0.41319260680809883,0.05179613083600998,0.7857553172618968,-0.26899921894073486,0.15060020221182815,0.046956948935985565,0.80537184985252,0.034723677,0.053475782,0.17858896,0.29622716,0.17784776,0.020004723,0.23913188,0.23933104,0.83305824,1.8045397,2.8281543,0.17001905,0.6256312,0.48686212,1.1744742,1.3937075,2.111432,0.13601524,0.45793968,Medullary_cords,364.00137362378183
GTATCTTTCATAACCA-1,1,46,66,3726,8406.0,3726,3931.1367,Low,5,2,0,1,0,7,1,1,1792.0903995055608,1.0114042647073518,-0.4349629282951355,0.016300011653927193,-0.06440262496471405,0.7352801541912454,0.10632430762052536,0.5760212104964036,0.0017007887363433838,0.9928831600666558,-0.11567217111587524,0.5427297105099714,0.011589580215513706,0.9515317604330357,0.28065613,0.0,0.37272313,0.013102292,0.0917435,0.0,0.24177487,0.25019175,0.33763576,2.346357,2.6086051,0.1959489,0.29392335,0.29392335,1.5970016,0.7069552,2.4209046,0.3044346,0.26126522,Medullary_cords,137.55726080436466
GTATGAAATTTCACTC-1,1,52,22,6218,26071.0,6218,3733.5269,High,2,7,5,2,5,6,2,4,4842.712566320657,0.0,0.19763913750648499,0.2951515233703807,0.029681190848350525,0.8762720706545214,-0.17354679107666016,0.35906365792025347,-0.03527764603495598,0.853173669211493,0.29362618923187256,0.11528852414104979,0.04644211381673813,0.8074658860666555,0.067545086,0.0,0.29803252,0.1813102,0.17634654,0.0,0.2767656,0.3333103,0.42315763,2.28972,2.5546975,0.19291963,0.5977488,0.1768908,1.425583,0.94724643,3.0932846,0.24349922,0.45201167,Medullary_cords,551.0009074402691
GTATGACGTGGGAAAC-1,1,7,29,7053,28610.0,7053,4323.415,High,3,8,2,0,1,5,5,6,5502.463902653065,0.0,-0.3510439395904541,0.05716042843238438,0.06051779165863991,0.7507305347456774,0.13268063962459564,0.48458829570937273,-0.2299945205450058,0.22145187824171733,-0.1821565479040146,0.3353414270422419,0.12555867433547974,0.5085384138778282,0.07381002,0.0,0.050625063,0.7222156,0.09123687,0.0017380766,0.060374413,0.23470786,0.9342357,1.3763875,2.5540445,0.10372849,0.6393552,0.2505331,0.9591927,1.7145338,1.5946183,0.07493875,0.2578295,T_cell_zone,551.0009074402691
GTATGTGGGTCTAGTT-1,1,38,92,5647,16308.0,5647,4384.2427,Medium-Low,3,0,2,0,0,4,5,6,276.0,0.0,0.21351350843906403,0.25725881508381265,0.263738214969635,0.15905721090827135,0.05861440300941467,0.7583355568959103,0.043788012117147446,0.8182815608216145,0.3813151717185974,0.03760875236356006,0.08251770585775375,0.6646487373370183,0.012009239,0.10461845,0.08401587,0.3117073,0.4335938,0.0050415634,0.04901363,0.36515242,0.7367568,1.5543423,2.6492515,0.05978299,0.55020195,0.31967843,0.87987536,1.2867632,2.2312365,0.0,0.4469102,Medullary_cords,239.26763257908496
GTATTAAGGCGTCTAA-1,1,20,26,6670,25910.0,6670,4152.8647,High,2,11,0,2,1,5,2,4,4781.166594043759,0.45056120886630463,-0.2787264883518219,0.13582559332689637,0.03816797584295273,0.8412895510686506,-0.5004624128341675,0.0048541481234404505,-0.3064209818840027,0.09957614034730668,-0.16954271495342255,0.37042698873242924,0.14394602179527283,0.44791910113144334,0.069835514,0.0013215615,0.25510514,0.19538388,0.26945657,0.0,0.20889735,0.37528977,0.64418876,2.0769043,2.6006684,0.15311302,0.45806473,0.26542503,1.3161359,0.98571295,2.9380264,0.081602074,0.31348753,Medullary_cords,275.98007174431996
GTATTAGGGTTCGCGT-1,1,7,109,5439,16164.0,5439,4278.11,Medium-Low,5,12,4,1,4,3,1,1,3984.171808544406,0.0,0.1183164045214653,0.5334800055088962,0.2513969838619232,0.18021655496415365,-0.18482263386249542,0.32819389620474954,-0.33259838819503784,0.07252176554553741,-0.5546161532402039,0.0014698652634027986,0.13556818664073944,0.47504541223568064,0.18509923,0.22332416,0.0,0.18394476,0.35096,0.028512636,0.028159218,0.0,0.4515416,2.4938831,3.0318298,0.060208604,0.65429914,0.32176226,2.0405307,0.99983734,1.8308613,0.24083441,0.33547866,B_cell_zone,0.0
GTATTCTGAGAAACGA-1,1,48,38,6370,22453.0,6370,4262.902,Medium-High,2,9,0,3,3,7,6,3,3644.3321747612413,0.6365141682948128,0.08709174394607544,0.6472233177955902,-0.016608476638793945,0.9305850271363361,-0.012967444956302643,0.9457774044162748,0.10630324482917786,0.5760972400052321,0.008919176645576954,0.9626906793263439,-0.08859803527593613,0.6415241151162299,0.047180016,0.07049893,0.35428533,0.14048749,0.043273367,0.017344339,0.32693055,0.3929958,0.73434055,2.2294424,2.7084825,0.27779394,0.60313433,0.36989295,1.6340352,1.1098802,2.5903413,0.7654563,0.75015044,Medullary_cords,497.9317222270539
GTATTCTTACCGTGCT-1,1,7,21,6870,26870.0,6870,4332.617,High,0,8,7,4,1,5,4,0,5921.017226794734,0.9743147528693494,-0.6214768886566162,0.00024684389501118827,-0.36164531111717224,0.049566613480526885,0.2775740623474121,0.137518485418195,0.04250763729214668,0.8235110326502931,-0.35368672013282776,0.055186979359908135,-0.16167180240154266,0.39337016594315727,0.21028227,0.0,0.0,0.33904064,0.0443099,0.0,0.40636712,0.109094396,0.6361591,2.12529,2.758186,0.15819389,0.44220597,0.65140694,1.8793314,0.9762402,1.6219816,0.15819389,0.15819389,B_cell_zone,0.0
GTCAAAGAAGTGGTGT-1,1,56,18,8492,41147.0,8492,4477.885,High,2,1,5,3,5,0,6,3,5278.749188965128,0.45056120886630463,0.07671241462230682,0.6870128906746727,-0.06411978602409363,0.7364017043603657,-0.12614841759204865,0.5065331826693772,0.12300008535385132,0.5172833879003225,-0.013357472606003284,0.9441490108819707,0.28918349742889404,0.12115380192123519,0.019594904,0.0007976052,0.16485028,0.11994281,0.26024875,0.074974924,0.35959077,0.325157,0.5775529,2.0557523,2.8549347,0.27693307,0.45747584,0.34888178,1.2419311,0.87796754,2.6649942,0.6036258,0.61133385,Medullary_cords,477.1687332590014
GTCAAAGTTTACATAG-1,1,13,29,7568,31709.0,7568,4478.376,High,1,11,0,3,1,5,0,3,5045.084736652101,1.0986122886681096,-0.6477587819099426,0.00010892282306065508,-0.30154722929000854,0.10535859774193394,0.07414676249027252,0.696981234087268,0.1991276890039444,0.29145563869148045,-0.23153862357139587,0.21827969043143275,0.12862564623355865,0.4981533053343082,0.05256399,0.043228403,0.019556522,0.20835394,0.24695536,0.10464193,0.32469982,0.37420982,0.8191865,1.9933105,2.9231312,0.5167391,0.5099261,0.52785796,1.5689616,1.2506144,2.0758054,0.068536654,0.501405,Medullary_cords,237.9012400135821
GTCAACCAGGCCTATA-1,1,65,103,6023,29120.0,6023,3370.2092,High,2,13,5,2,7,1,3,4,3395.51247972968,0.0,0.19889962673187256,0.29201997221570625,0.03374115377664566,0.8595042557640209,-0.05546135827898979,0.7709820598482742,0.10438410192728043,0.5830433983436286,-0.345228374004364,0.06169832394870955,0.026427583768963814,0.8897479524847336,0.03803217,0.058078736,0.30825043,0.111873284,0.30288073,0.0,0.18088469,0.30215454,0.57118493,2.0767994,2.3604493,0.16762054,0.26459083,0.24987501,1.3858514,0.74962586,2.904546,0.3521369,0.45828712,Medullary_cords,497.24139007126104
GTCAAGCGGACTCGGG-1,1,39,77,3958,10244.0,3958,3778.0684,Low,1,2,3,2,0,4,2,5,766.7678918681976,0.6365141682948128,0.11986444890499115,0.5281000391029279,0.10428442806005478,0.5834051646983869,0.036846961826086044,0.8467170619312423,0.17996373772621155,0.34129058033456994,-0.501365065574646,0.004765825065570428,-0.155891552567482,0.4107248704697608,0.1005164,0.0012436587,0.32509622,0.08471344,0.033029914,0.0050435304,0.4503568,0.30561727,0.5304556,2.272897,2.6417594,0.25543737,0.7388749,0.25543737,1.6786284,0.7201334,2.5428486,0.34058315,0.68364644,Medullary_cords,137.92751719653333
GTCAATTGTACTGAAG-1,1,5,45,6385,22971.0,6385,4254.335,Medium-High,3,8,2,0,1,5,5,6,4937.406809247138,0.0,-0.1614910364151001,0.39390645155008797,-0.19283416867256165,0.30728316226324826,0.06946946680545807,0.7152807896531013,-0.10271820425987244,0.5891027112199536,-0.04050721973180771,0.8316961653265114,-0.30057287216186523,0.10654421578773136,0.029808752,0.0043009752,0.11660938,0.47223678,0.30326155,0.024746507,0.049036108,0.3102984,1.0478698,1.4630364,2.3192554,0.13553333,0.5035997,0.19480073,0.916646,1.8088698,1.6674708,0.33729446,0.50684035,T_cell_zone,730.1972336293804
GTCACAAAGTTTCCAA-1,1,9,61,6724,29390.0,6724,3944.5469,High,2,8,4,2,6,3,2,4,3939.498699073272,0.6365141682948128,-0.12061633169651031,0.5254964619875074,-0.17570656538009644,0.3530213364909492,-0.29813259840011597,0.10955742620705394,0.09779536724090576,0.6071666844665686,0.03323391079902649,0.861596071029958,0.2635318636894226,0.15939569754448446,0.10044731,0.06832928,0.21820961,0.17300156,0.20641306,0.0012373598,0.2323618,0.29040757,0.53000844,2.1794732,2.7068639,0.29649433,0.38686672,0.45825672,1.5140804,0.7888026,2.4880373,0.073216535,0.5199864,Medullary_cords,137.00364958642524
GTCACCTGTCTATGTC-1,1,3,97,6246,22238.0,6246,4239.522,Medium-High,1,12,3,6,6,3,3,5,4237.139247180815,0.9743147528693494,0.1051890030503273,0.5801256402975251,0.3711579442024231,0.04345468403893138,-0.1988074779510498,0.29224818841066746,0.07448945939540863,0.6956468432924395,-0.19126255810260773,0.31131791797382913,0.018085498362779617,0.9244285971096886,0.037640583,0.05638812,0.10677049,0.11450777,0.0660184,0.2483953,0.3702793,0.15317385,0.6872951,2.0930207,2.8021684,0.30634767,0.68639517,0.5257991,1.4288644,1.0668417,2.0132723,0.27851796,0.60647273,Medullary_cords,364.6601157242179
GTCACTCTCCAAATCT-1,1,23,31,6547,23505.0,6547,4370.384,Medium-High,5,11,4,1,1,5,1,1,4315.3856142875575,0.6931471805599453,-0.555473268032074,0.0014399800471136311,0.22379013895988464,0.23451208890999078,0.06428182870149612,0.7357590863055953,0.018535593524575233,0.9225533725067646,0.010714923031628132,0.9551858362058492,0.28117749094963074,0.13227577618186773,0.12116752,0.1830367,0.0,0.091652386,0.32986006,0.0,0.27428338,0.27137655,0.47585684,2.430174,2.9022648,0.07696028,0.74637204,0.22409528,2.0657845,0.9572791,1.9293239,0.08862355,0.31434473,B_cell_zone,0.0
GTCAGAATAGTCTATG-1,1,30,32,5561,17063.0,5561,4241.0786,Medium-Low,5,7,4,1,1,6,1,1,3972.0334842495977,0.6931471805599453,-0.2740429937839508,0.14280123969661718,-0.20740756392478943,0.2714368287703761,-0.09223601222038269,0.6278420553358828,0.18087297677993774,0.3388160853488713,-0.25278225541114807,0.1777477744578122,-0.09490049630403519,0.617897032882715,0.07806398,0.07850614,0.0091598835,0.2771256,0.19827305,0.34419325,0.014678168,0.0969673,0.8370361,2.0825026,2.9229746,0.17297879,0.679471,0.17297879,1.5243193,1.3675729,1.9683726,0.11531919,0.504561,Medullary_cords,137.55726080436466
GTCAGTTGTGCTCGTT-1,1,9,71,5428,17403.0,5428,4083.8333,Medium-Low,1,5,3,6,6,3,3,5,3664.503240549802,0.0,-0.016485873609781265,0.9310962348208319,0.1849600374698639,0.32782808008587794,-0.21822963654994965,0.24664666190443274,0.01884540170431137,0.9212628592270791,-0.27930623292922974,0.13497973278379652,-0.13858500123023987,0.46518047949584257,0.0,0.098426,0.1397792,0.06970859,0.23409678,0.16118571,0.29680377,0.27446574,0.38488203,1.9370656,2.9359272,0.15240917,0.46424273,0.5154599,1.3854287,0.68112105,2.211066,0.1135182,0.7328869,Medullary_cords,239.26763257908496
GTCAGTTTGGTAGTCG-1,1,29,13,6251,22482.0,6251,4171.828,Medium-High,1,11,3,2,3,6,2,3,5273.656226945401,1.0114042647073518,-0.0939086452126503,0.6215914501128393,0.23319032788276672,0.21492076675710592,0.018199875950813293,0.9239520294927148,0.041211120784282684,0.8288139910770304,-0.407649427652359,0.025348442044080443,-0.3791004419326782,0.03882619586564408,0.09228808,0.0,0.0182628,0.18004635,0.35520327,0.0,0.35419947,0.20731613,0.5312023,2.4615927,2.8074102,0.17153846,0.55383456,0.48259562,1.7028801,1.0163634,2.5919697,0.0,0.33930123,Medullary_cords,137.55726080436466
GTCATCCCAAACTCAC-1,1,77,23,7911,37931.0,7911,4286.8286,High,1,1,3,5,5,0,3,5,6469.069330282371,0.0,-0.03738463670015335,0.8445071298593636,0.061619486659765244,0.7463390807575645,0.1935388296842575,0.3054847807248979,-0.26892760396003723,0.15071310195032298,-0.44072332978248596,0.014784417132954959,-0.02681182324886322,0.8881548559693082,0.03671858,0.062058773,0.11755648,0.12874083,0.22144052,0.08931526,0.3441696,0.32110432,0.61027217,2.225519,2.7655342,0.2571257,0.6635133,0.40383074,1.5529678,0.9297919,2.4687214,0.16437674,0.39417717,Medullary_cords,365.65831044842946
GTCATGCACCTCCGTT-1,1,29,61,5540,16995.0,5540,4299.9404,Medium-Low,0,3,4,1,1,2,1,0,2148.1736428883023,0.6365141682948128,0.08820932358503342,0.6429929506108033,0.09836509823799133,0.6050641761213694,0.45543554425239563,0.011437406270697286,-0.3769179582595825,0.040056663331864195,-0.18482805788516998,0.3281794508298125,0.2840721011161804,0.12817151583120057,0.21803118,0.0018852935,0.08917655,0.062195666,0.1909081,0.046922002,0.39088118,0.17352468,0.45651644,2.4711332,2.7633758,0.11568312,0.28221476,0.40738195,2.1019435,0.8826831,1.9111348,0.0,0.23136625,B_cell_zone,0.0
GTCATGCGCGAGGGCT-1,1,64,98,4698,15236.0,4698,3635.31,Low,2,13,5,2,7,1,3,4,3189.856579848066,0.0,0.05453449487686157,0.7747107337804688,-0.16369229555130005,0.3874043923306733,-0.0024740472435951233,0.9896476549149086,0.20998111367225647,0.2654006091672542,-0.43509215116500854,0.016264651073679307,-0.09472690522670746,0.6185429639903458,0.0,0.0711784,0.32114303,0.056594666,0.28092718,0.19075458,0.0794021,0.43081376,0.34841323,2.0790465,2.3349466,0.12615913,0.4718047,0.12615913,1.0882418,0.68165207,3.2042212,0.12615913,0.5788245,Medullary_cords,364.00137362378183
GTCATGGACATGACTA-1,1,26,62,5624,16421.0,5624,4376.676,Medium-Low,5,3,4,1,1,2,1,1,2295.2860388195627,1.2424533248940002,-0.6511853933334351,9.734722739039975e-05,0.2133760303258896,0.25757258833807395,0.1259811818599701,0.5071014142063073,-0.22767166793346405,0.22628248266810336,-0.11827225983142853,0.5336338059476539,0.0012880354188382626,0.9946102706868373,0.16228983,0.0,0.063110195,0.1824526,0.44127053,0.0016999043,0.14917693,0.18934864,0.415352,2.2434554,2.810739,0.23779908,0.5778434,0.27792236,1.9249179,0.97971004,1.8919162,0.23779908,0.17319849,B_cell_zone,0.0
GTCATTAGAGCGAACG-1,1,37,67,3745,8597.0,3745,3928.1907,Low,5,2,4,1,0,7,1,1,1450.6453736182389,0.6365141682948128,0.03810190409421921,0.8415608458971453,-0.05144263431429863,0.7871840915649194,0.38331252336502075,0.0365373010373251,-0.14437313377857208,0.44655885931294526,-0.2520367205142975,0.17907346486757353,-0.08329375833272934,0.6616798526387105,0.16054285,0.007193657,0.0,0.05830367,0.27354065,0.4758288,0.02459039,0.0,0.39073884,2.3707428,2.9565365,0.09644837,0.3431328,0.3431328,1.9575148,0.7961806,1.8634331,0.0,0.25719565,B_cell_zone,0.0
GTCATTGCATTGACCC-1,1,31,17,7020,26139.0,7020,4443.7607,High,1,7,0,3,3,6,0,3,4958.28569164787,1.2424533248940002,0.05495474860072136,0.7730194831951239,-0.1131427064538002,0.5516480154496128,0.0722741186618805,0.7042884895745157,0.21305063366889954,0.25831625708096007,-0.5273633599281311,0.0027478750683962933,-0.32004794478416443,0.08467713502782374,0.095159665,0.11648299,0.022890182,0.18151052,0.36391664,0.0,0.22004002,0.43497795,0.6702622,2.2513194,2.842353,0.22307074,0.44867474,0.42012018,1.6477975,1.0242403,2.1854525,0.16199325,0.23540953,Medullary_cords,138.0
GTCCAATATTTAGCCT-1,1,65,53,5214,15278.0,5214,4115.8867,Low,2,4,0,2,2,0,0,3,4032.6667355485747,0.8675632284814613,-0.15053340792655945,0.42718904732065044,0.19832128286361694,0.2934541762653109,0.15830783545970917,0.40341853149948603,-0.16410274803638458,0.3861988833864644,-0.19872555136680603,0.29245118331951236,0.030520064756274223,0.8728029378624987,0.019246649,0.0009238161,0.30111086,0.28822604,0.21051179,0.0,0.17998095,0.340818,0.7752003,1.8429395,2.547697,0.20921141,0.5125581,0.3033467,1.1084828,1.4690211,2.7146778,0.2517603,0.47931486,Medullary_cords,238.40302011509837
GTCCACGTCGCATTCG-1,1,64,118,6010,22982.0,6010,4011.7832,Medium-High,5,13,4,1,7,1,1,1,3737.5699324561137,0.6931471805599453,-0.32791274785995483,0.07689102920734511,0.10183548182249069,0.5923244966504093,0.25155872106552124,0.17992707806594851,0.052116937935352325,0.7844592582415489,-0.24254879355430603,0.19655451228683635,0.189365953207016,0.31623078068959,0.11204836,0.18246013,0.0,0.1470974,0.25480604,0.1887873,0.11480071,0.17117865,0.3648862,2.3726864,2.9260437,0.09031596,0.2850401,0.31814343,2.1528096,0.875095,1.6945972,0.24683854,0.32911807,B_cell_zone,0.0
GTCCAGGCACGTGTGC-1,1,70,44,6586,23616.0,6586,4362.8506,Medium-High,5,4,0,1,5,0,1,1,4885.4520773414615,1.2424533248940002,-0.3403724431991577,0.0656992093038007,-0.24764272570610046,0.18702803345735147,0.10844186693429947,0.5684005030776121,0.286873459815979,0.12428932260838468,0.11653733253479004,0.5396950227921362,0.09451562166213989,0.6193295245936657,0.11499119,0.09044924,0.08973032,0.24395333,0.27879307,0.049104266,0.13297857,0.4912721,0.7267346,2.144214,2.9389176,0.044136286,0.6857439,0.39132667,1.794228,0.9396678,1.8249459,0.17654514,0.4669802,Medullary_cords,602.0830507496453
GTCCATTACTGCTACG-1,1,42,106,5199,14504.0,5199,4233.0444,Low,2,10,0,3,0,4,0,3,1329.1564994386476,1.0114042647073518,-0.3617897927761078,0.049468945050553687,-0.05829615890979767,0.7596092876776842,-0.31313443183898926,0.09200694320787693,-0.07248961925506592,0.7034462537525192,0.13294358551502228,0.48371525846059915,0.4488994777202606,0.012836116626155062,0.060771063,0.096568175,0.2861798,0.06185282,0.053179283,0.2287915,0.2126573,0.32864028,0.4369297,2.268646,2.6645138,0.065555006,0.610639,0.55348784,1.752675,0.7897731,2.4132233,0.33097506,0.4828701,Medullary_cords,138.00362314084367
GTCCCAACGTAAAGTA-1,1,33,73,5923,19325.0,5923,4343.1895,Medium-Low,5,3,4,1,4,2,1,1,1193.470569389962,0.6365141682948128,0.14771264791488647,0.43600033831595786,-0.24843262135982513,0.18558019106045662,0.06796238571405411,0.7212108059426114,0.10619449615478516,0.5764898569235113,-0.20426253974437714,0.27893315718746653,0.21974676847457886,0.24329540199122401,0.13399108,0.15414585,0.016570473,0.16363828,0.14050882,0.0,0.39114553,0.2864182,0.60985655,2.4389975,2.9624908,0.088817485,0.6042701,0.2819084,2.0555663,1.1229215,2.017613,0.0,0.2952189,B_cell_zone,0.0
GTCCCGCGACGTTATG-1,1,58,82,5643,17611.0,5643,4208.827,Medium-Low,3,6,0,0,2,1,0,3,2431.3078784884483,0.6931471805599453,-0.46454617381095886,0.009702698553500559,0.29716581106185913,0.11076864291360228,0.3273095488548279,0.07746791704275646,-0.010456094518303871,0.9562673241683266,-0.042144596576690674,0.8249951695831648,0.23214182257652283,0.2170489110337016,0.008730043,0.0023624774,0.1629265,0.22178961,0.21433274,0.0,0.3898587,0.22437501,0.56505406,1.8419665,2.600433,0.15106428,0.5330571,0.26349205,1.1511034,1.4014294,2.5164886,0.0,0.6498487,Medullary_cords,364.3295211755424
GTCCGGACCTGAAATT-1,1,54,88,6302,23346.0,6302,4076.3223,Medium-High,2,10,5,2,0,4,2,4,1917.0065205940225,0.45056120886630463,0.07718916982412338,0.6851661458078014,0.3471585214138031,0.06016202794923336,-0.11556282639503479,0.543113825316387,0.21306227147579193,0.2582896355455063,-0.14119230210781097,0.4567421957764108,-0.040109775960445404,0.8333244758652568,0.10638612,0.0031231304,0.39184055,0.22599877,0.21033122,0.0,0.06232032,0.33972782,0.5426149,2.2278757,2.6627822,0.2697733,0.5427196,0.44358203,1.4754997,0.92086804,2.7845294,0.31814376,0.3251003,Medullary_cords,365.0986168146902
GTCCGGCTGAATTGCG-1,1,28,52,5256,16400.0,5256,4073.9658,Medium-Low,1,3,3,6,1,2,7,5,2752.0614091985667,0.6365141682948128,-0.21461185812950134,0.25476100016104947,0.27977827191352844,0.13429386378478225,-0.32117006182670593,0.08353081965048861,-0.39202171564102173,0.032148925213775326,-0.35628169775009155,0.05330183610507904,0.009180179797112942,0.9615996772006129,0.058092494,0.09044797,0.18960117,0.0,0.11552679,0.01030776,0.53602386,0.15917127,0.27872866,2.0671277,2.8300903,0.11902067,0.44834483,0.15917127,1.8159189,0.85049194,2.0386775,0.23804134,0.7280774,Medullary_cords,0.0
GTCCGGGTTCACATTA-1,1,69,71,4638,12666.0,4638,3986.0913,Low,2,6,5,2,2,1,2,3,3893.144872721795,0.6365141682948128,0.22817565500736237,0.22522840490121152,0.13518184423446655,0.47631653382282557,-0.10030229389667511,0.5979384468910062,-0.3189527690410614,0.08580748662555042,-0.39643263816833496,0.03009505966532089,0.19452305138111115,0.3029839946983955,0.030206803,0.0,0.19652903,0.13185342,0.1846353,0.00573215,0.4510433,0.5397584,0.45076916,1.9236441,2.7096086,0.14549491,0.52113587,0.14549491,1.2876062,0.86915946,2.5026453,0.0,0.36033309,Medullary_cords,276.3494165001982
GTCCGTTAGAGGGCCT-1,1,76,78,3594,8722.0,3594,3749.4414,Low,5,6,3,1,2,1,1,1,4604.046589686078,1.0397207708399179,-0.46787652373313904,0.009126560215269542,0.1969282180070877,0.2969270685033569,0.413348913192749,0.023182268420661636,-0.12866051495075226,0.49803585251659316,-0.24837839603424072,0.18567933242253104,0.572683572769165,0.0009420352183921462,0.19670583,0.24869438,0.0,0.0,0.48465544,0.069944344,0.0,0.21503526,0.33536232,2.4919171,2.796352,0.0,0.33993953,0.14897685,2.0656698,0.366679,1.8089433,0.0,0.6303519,B_cell_zone,0.0
GTCCTACAGGCGGCTC-1,1,18,16,6045,21356.0,6045,4149.2524,Medium-High,5,11,4,1,1,5,1,1,5504.555658724871,0.5004024235381879,-0.050976142287254333,0.7890706111787549,-0.18945641815662384,0.31599535885513164,-0.12730741500854492,0.5026038702441964,-0.1819048374891281,0.3360210974334684,0.013802537694573402,0.9422911019311027,-0.0036634765565395355,0.984671119786366,0.09036602,0.2126762,0.08130362,0.10255326,0.040336654,0.019768767,0.45299545,0.19466329,0.51370686,2.2605987,2.9053519,0.14402734,0.6226854,0.33631903,1.8701559,1.0854297,1.704141,0.096018225,0.38614702,B_cell_zone,0.0
GTCCTACGAATAGTCT-1,1,53,91,6007,22023.0,6007,4006.314,Medium-High,2,10,5,2,0,4,2,4,1808.3520121923166,0.0,0.056788861751556396,0.7656503736424412,0.183543860912323,0.33161042828825776,-0.09032033383846283,0.63503202486701,0.47164857387542725,0.008509115611284007,-0.3032536804676056,0.10330602887876095,-0.17587389051914215,0.3525557693325579,0.111374006,0.0,0.4035122,0.1881531,0.25743154,0.009256083,0.030272992,0.29194337,0.5222181,2.2873993,2.6688569,0.28182682,0.55268997,0.39740387,1.4608835,0.91693586,2.832369,0.32308647,0.42106536,Medullary_cords,366.742416417845
GTCCTACTCTACGGGC-1,1,54,6,7626,34885.0,7626,4454.8223,High,4,1,7,4,5,0,4,7,5961.0821165288435,1.2424533248940002,-0.42626723647117615,0.01883056300454283,0.04708614572882652,0.8048465623077677,-7.659196853637695e-06,0.9999679501868047,-0.1802576184272766,0.3404895906113013,-0.12269075214862823,0.5183456169627292,0.029163898900151253,0.8784124375932799,0.19337586,0.0,0.097476915,0.20107432,0.2503431,0.009549534,0.24818021,0.119659565,0.48726106,2.1666572,2.782516,0.0,0.41746032,0.6858729,1.932747,0.9214077,1.9132102,0.11329578,0.25448763,B_cell_zone,0.0
GTCCTAGGATACCTTA-1,1,66,6,6409,24772.0,6409,4147.459,Medium-High,0,1,7,5,5,0,4,0,6565.662190518181,0.6829081047004717,0.525856614112854,0.0028403465630128595,0.10006584227085114,0.59880627146784,0.1318151354789734,0.4874676479755079,-0.010950381867587566,0.9542020636990248,0.16746214032173157,0.376413899752183,0.06821845471858978,0.7202021045852429,0.1554627,0.0,0.111447215,0.2596989,0.19122942,0.0,0.2821617,0.35042155,0.5182426,2.2004404,2.889365,0.08477752,0.57298905,0.44333142,1.8589219,1.0903052,2.1259534,0.16955504,0.15516618,Medullary_cords,0.0
GTCCTTCTAGTGGGTT-1,1,10,82,5309,15790.0,5309,4199.611,Low,3,5,0,0,6,3,8,6,3379.326856046926,0.45056120886630463,-0.46785351634025574,0.00913043915260752,0.33936333656311035,0.06655543326418306,-0.025155577808618546,0.8950247907243768,-0.18506191670894623,0.3275570036999304,0.04251819849014282,0.823467866606616,0.12588845193386078,0.5074166271865824,0.117835924,0.0,0.070957504,0.368477,0.077135704,0.0,0.36559388,0.18398796,0.49877763,1.9180677,2.5552256,0.18398796,0.95213866,0.7099728,1.2221687,1.2790291,2.0539203,0.0,0.2592275,Medullary_cords,238.76766950322232
GTCCTTTAATGACTTC-1,1,8,104,7130,29114.0,7130,4376.2993,High,1,12,3,1,4,3,1,3,3758.439170719675,0.6931471805599453,0.07510025054216385,0.6932707587679431,-0.036939337849617004,0.8463372997320665,0.03480999916791916,0.8550995192638702,-0.485966295003891,0.006476236332458116,-0.42649343609809875,0.01876085122957549,0.34396305680274963,0.06272198594977438,0.056882028,0.1027827,0.20030782,0.13186504,0.13544488,0.1481817,0.22453588,0.24725465,0.6312637,2.0622292,3.0223055,0.13918489,0.59995174,0.3584529,1.3838086,0.854681,2.363256,0.07381752,0.33387142,Medullary_cords,238.40302011509837
GTCGAATTTGGGCGCT-1,1,69,17,6088,25964.0,6088,3827.513,High,5,1,3,5,5,0,3,1,6137.630568875908,0.6365141682948128,-0.1263141632080078,0.5059703266430684,0.10266699641942978,0.5892894020357158,-0.09326793253421783,0.6239827668347365,-0.27245602011680603,0.14522281658764732,-0.21634329855442047,0.25085591839858334,0.20406310260295868,0.27941296908083507,0.18420343,0.0,0.12866531,0.3353026,0.17631337,0.0,0.17551526,0.16739315,0.50005865,2.1137831,2.7763724,0.16290374,0.42376456,0.40003732,1.997303,1.0112065,2.1649506,0.24435562,0.1494925,Medullary_cords,0.0
GTCGCCGTTGTGTGTT-1,1,57,43,6333,31295.0,6333,3351.7698,High,2,2,5,2,5,0,2,4,3844.1019757545455,0.0,0.31324103474617004,0.09189038187227297,0.03928523510694504,0.8367047343220279,-0.028197698295116425,0.8824124656929514,-0.031339772045612335,0.8694152995453631,-0.38382354378700256,0.03626715742288617,0.34459251165390015,0.06221110080270091,0.05459899,0.06575982,0.498065,0.19933765,0.108452246,0.0,0.0737863,0.24857926,0.41417825,1.9924808,2.4010541,0.1928646,0.38631707,0.20041925,1.0810925,0.93478847,2.987131,0.2079739,0.3705633,Medullary_cords,276.3494165001982
GTCGCGTAACCCGTTG-1,1,39,75,3582,9212.0,3582,3605.506,Low,1,2,5,6,0,4,7,5,902.2859857051976,1.0114042647073518,0.09075730293989182,0.6333890845944001,-0.0956370159983635,0.6151595578183706,-0.04636135697364807,0.8077944745547028,0.1032661646604538,0.5871066036228207,-0.444950670003891,0.013748430265799342,-0.22139808535575867,0.23968226721767744,0.025702517,0.08609762,0.08855002,0.09272856,0.17572269,0.2257397,0.30545884,0.5374699,0.32667917,2.1966577,2.8032115,0.18375704,0.41989464,0.18375704,1.6187541,0.98734486,2.618048,0.0,0.48642206,Medullary_cords,137.92751719653333
GTCGGAAGGATACCAG-1,1,13,115,6024,19938.0,6024,4264.7007,Medium-Low,5,12,4,6,4,3,1,1,3524.7560199253508,0.6615632381579821,-0.08956053853034973,0.6378927902171365,0.17548170685768127,0.35364756365315697,-0.1775752305984497,0.3478428197496901,-0.09060057997703552,0.6339781441337177,-0.18007038533687592,0.3409997740851691,0.05883908271789551,0.7574366784996313,0.16685253,0.009781693,0.10703624,0.027848639,0.20300044,0.034675475,0.45080495,0.2899369,0.5141168,2.1520371,2.951107,0.0,0.45396167,0.47848618,1.651759,0.7817647,1.68632,0.30487582,0.63574696,Medullary_cords,137.55726080436466
GTCGGATATCTCAGAC-1,1,32,36,5259,17453.0,5259,3951.3135,Medium-Low,3,7,2,0,3,6,5,6,3650.7069178448164,0.6365141682948128,-0.2763524055480957,0.13932981014668666,-0.11173167824745178,0.5566523582549122,-0.4023895561695099,0.027491733817536147,0.45375654101371765,0.011783896912145769,0.1425246298313141,0.45246185364147046,-0.12677018344402313,0.504423333228553,0.10132987,0.19472003,0.0,0.51456165,0.046517808,0.0,0.14287058,0.16986145,0.7606243,1.8325397,2.7243009,0.20868786,0.54956794,0.2621729,1.3995485,1.4058602,1.8419911,0.0,0.0,Medullary_cords,138.0
GTCGGATGTAGCGCGC-1,1,17,77,6406,22633.0,6406,4374.417,Medium-High,3,5,2,7,4,3,8,2,2626.2783553919035,0.0,-0.29285404086112976,0.11629246280976441,-0.07887274771928787,0.6786589666077814,-0.00046755047515034676,0.998043542752177,0.04424674063920975,0.8164098086279157,-0.010175610892474651,0.957439381629529,0.11238047480583191,0.5543487447232942,0.0,0.06311023,0.27137455,0.2751986,0.06598624,0.01764881,0.3066816,0.34679592,0.9311101,1.589133,2.663984,0.475452,1.2543634,0.40102822,0.92161834,1.1078527,2.3041635,0.18296428,0.6507302,Medullary_cords,365.0
GTCGGGAAGCAGAAAC-1,1,59,65,6393,22299.0,6393,4316.054,Medium-High,1,2,0,3,2,1,6,3,2971.9168898204402,0.6931471805599453,-0.056016094982624054,0.768752797181921,0.1230219304561615,0.5172084136080615,0.08570672571659088,0.6524809934297893,-0.1406044065952301,0.45863773114062534,-0.44628793001174927,0.013433604807919665,0.2037425935268402,0.2801851699077378,0.07655905,0.0022623367,0.23444848,0.15061702,0.14893699,0.02115144,0.36602473,0.29166025,0.5170092,2.3600783,2.823181,0.31969488,0.69821894,0.25268778,1.5469841,0.97727853,2.508181,0.4127485,0.5754675,Medullary_cords,365.0
GTCGTACCATCTCGGG-1,1,46,62,3756,8568.0,3756,3932.984,Low,3,2,0,0,0,7,0,6,2029.96009813001,1.3296613488547582,-0.45860445499420166,0.010806702176930416,-0.10028452426195145,0.5980036462229974,0.06390256434679031,0.7372634210430038,-0.027696752920746803,0.884487480227904,-0.07834328711032867,0.6807029660025736,-0.14517056941986084,0.4440251905471028,0.07062178,0.0,0.21837485,0.35072175,0.2171559,0.050521795,0.09260388,0.19338277,0.7807857,1.7259216,2.910942,0.19338277,0.29007417,0.63400894,1.4625493,1.2930183,2.3644867,0.0,0.37968355,Medullary_cords,238.40302011509837
GTCGTATTGGCGTACA-1,1,19,95,6205,21194.0,6205,4296.988,Medium-High,1,5,3,6,4,2,7,5,2326.426014297467,0.6365141682948128,-0.49989980459213257,0.004909902943745487,-0.41504114866256714,0.022569184145100833,0.09829318523406982,0.6053293902919096,0.45350655913352966,0.011836229280530955,-0.03497140854597092,0.8544347149577051,-0.049849797040224075,0.7936304163464585,0.013085792,0.050497588,0.029775627,0.10986901,0.24751407,0.10276756,0.44649035,0.21620385,0.6906193,1.9793122,2.9554887,0.24162328,0.9638205,0.4968577,1.5346494,0.90203047,1.8691578,0.31710297,0.5995258,Medullary_cords,364.6601157242179
GTCGTCAATTATAAGG-1,1,11,45,5536,17440.0,5536,4200.773,Medium-Low,2,8,0,2,1,5,0,3,4384.353202012812,0.8675632284814613,-0.0983172133564949,0.6052407694295433,0.3676539361476898,0.045631857960530646,-0.10729046165943146,0.5725385466447925,-0.272324800491333,0.14542436783651574,0.13007132709026337,0.4932953396282003,-0.02465445175766945,0.8971049000829413,0.13647136,0.0,0.30632174,0.3118427,0.24536417,0.0,0.0,0.25817773,0.86812216,2.0258305,2.7496269,0.19099332,0.6022959,0.32211438,1.3695891,1.0321815,2.8856752,0.22661771,0.22661772,Medullary_cords,631.31687764545
GTCGTGTCTGGTCATC-1,1,28,110,1930,3465.0,1930,3111.3289,Low,4,0,1,4,0,2,4,7,1930.9440696198324,0.0,-0.4536222815513611,0.01181197926024035,-0.11203695088624954,0.5555679096020709,0.2524915337562561,0.17826390406968073,-0.172304168343544,0.3625677634859016,-0.4106583595275879,0.02418511818491721,0.14886847138404846,0.4323779433309308,0.28840104,0.006917403,0.0,0.43522403,0.0731586,0.0,0.19629891,0.0,0.30164024,2.2549298,2.3572056,0.0,0.16967264,0.80604655,1.9814162,0.45246038,1.0415344,0.0,0.22623019,B_cell_zone,0.0
GTCGTTATTCGCTTAT-1,1,46,76,3801,8824.0,3801,3915.59,Low,5,2,5,1,0,4,1,1,1265.2470114566563,0.45056120886630463,0.07839956879615784,0.6804855831410404,-0.4117155075073242,0.023786931874896063,0.22419068217277527,0.2336537120276964,-0.5515000820159912,0.0015831096198680532,0.10370215773582458,0.585520488472736,-0.09867974370718002,0.6039043474699867,0.2539896,0.0020585456,0.17897786,0.34397167,0.06883761,0.0,0.1521647,0.27990258,0.5960382,2.299614,2.9233966,0.18941434,0.65451235,0.4853476,1.8828359,1.2715352,2.2350812,0.0,0.12627622,Medullary_cords,0.0
GTCTACTCAATTACAA-1,1,37,13,4509,14067.0,4509,3767.044,Low,5,7,3,5,3,6,3,5,5164.108635573036,0.6931471805599453,-0.23928387463092804,0.20283415794644968,0.17398764193058014,0.35782534297734986,0.03822583705186844,0.8410519838716355,-0.20411327481269836,0.27929221336484794,-0.2462134063243866,0.189667914382646,-0.14586171507835388,0.4418355252447696,0.09476246,0.11919667,0.0,0.035371043,0.3935061,0.01771002,0.33945364,0.20986119,0.24621105,2.2103806,2.73566,0.0,0.67823464,0.22112438,1.7314878,0.6431155,1.7801973,0.35537687,0.83342886,Medullary_cords,138.0
GTCTAGTGAGCCGCTT-1,1,66,92,5667,18569.0,5667,4122.919,Medium-Low,5,6,3,1,2,1,1,1,3365.005943531155,1.3296613488547582,0.4059164226055145,0.02603896476282778,-0.25716888904571533,0.1700873062178893,-0.009677624329924583,0.9595205318246489,0.01728394627571106,0.9277690681763567,-0.4475827217102051,0.013134534974385182,0.1637422740459442,0.38725748843448765,0.037302215,0.19807872,0.119464435,0.016620265,0.37075382,0.0,0.25778064,0.2856118,0.39560604,2.225443,2.8037043,0.14522885,0.5580215,0.4394661,1.8203291,0.75797004,2.0282574,0.10771189,0.3132887,Medullary_cords,0.0
GTCTATACACGCATGG-1,1,74,50,4088,10943.0,4088,3745.3198,Low,2,4,0,2,5,1,2,4,5043.786870992865,1.0114042647073518,-0.30855849385261536,0.09711694554243012,0.1800185590982437,0.3411410749136835,-0.35931625962257385,0.051162224669012955,0.020780326798558235,0.913207443107141,0.040951356291770935,0.8298773642339519,0.27126771211624146,0.14705542781358197,0.08245309,0.0,0.20860964,0.059704352,0.28706095,0.0,0.362172,0.31478515,0.47847125,2.0155203,2.6105356,0.16227612,0.7766649,0.08113806,1.6247554,0.9210523,2.4080505,0.0,0.47270274,Medullary_cords,238.40302011509837
GTCTATCTGAGTTTCT-1,1,40,42,4674,13478.0,4674,4011.132,Low,4,9,1,4,3,6,4,7,3175.6983483952,1.3296613488547582,0.06400042772293091,0.7368751590844378,0.02857273817062378,0.8808594749821165,0.17808349430561066,0.3464422402810648,0.10841728746891022,0.5684886979964168,-0.10669989883899689,0.5746662064079769,0.06917857378721237,0.7164241346423098,0.14177465,0.0015806311,0.043204863,0.11744136,0.42559728,0.010605723,0.25979552,0.18311384,0.5490097,2.0748365,2.6906507,0.0,0.5970602,0.43242356,2.0433211,0.7228981,1.858925,0.13875917,0.4147234,B_cell_zone,0.0
GTCTATTGCATGCTCG-1,1,65,105,4066,15060.0,4066,3075.7932,Low,2,13,5,2,7,1,2,4,3439.047106394444,0.0,-0.15352194011211395,0.41796167528788236,0.056440569460392,0.7670482245777438,0.13154977560043335,0.4883521902225885,-0.060164473950862885,0.7521405160368456,-0.5055416226387024,0.004374813602780304,0.16029056906700134,0.39747852552296586,0.052124258,0.0,0.39774314,0.0012704589,0.42161345,0.0,0.12724869,0.29658884,0.26363453,2.0507727,2.330669,0.06365384,0.41190258,0.18290846,1.2436248,0.5266436,3.1877842,0.25461537,0.18265879,Medullary_cords,413.90457837525787
GTCTATTGGTTCCGGT-1,1,50,90,5846,19274.0,5846,4230.3286,Medium-Low,2,10,0,2,0,4,6,3,1443.9009661330656,0.8675632284814613,-0.2656492590904236,0.1559468434001178,0.2878277003765106,0.12298691572670938,0.12532441318035126,0.5093360333541183,0.04952416568994522,0.7949499266966877,-0.23210304975509644,0.2171278816725612,-0.3034897744655609,0.10302443101269126,0.0930608,0.0017457835,0.3043055,0.25257257,0.086937636,0.0,0.26137772,0.48130187,0.6706792,2.1734345,2.967713,0.24571419,0.75980127,0.19346912,1.4069046,1.204781,2.7470965,0.28244814,0.3696702,Medullary_cords,138.42326394071193
GTCTCAAGGCCCGGCT-1,1,60,66,6244,24391.0,6244,3952.5107,Medium-High,2,2,0,2,2,1,2,4,3039.4711711085533,1.0114042647073518,-0.08043038100004196,0.6726586637034958,-0.05725588649511337,0.7637771291822106,0.18673761188983917,0.3231181245564103,0.01477976143360138,0.9382127694554164,-0.4523475766181946,0.012081406904910047,0.1368751972913742,0.47075824172506553,0.07905783,0.070462435,0.24629712,0.21102844,0.060368385,0.18535447,0.14743125,0.26764324,0.57030165,2.1108658,2.5708952,0.45720744,0.38985142,0.37904263,1.3068767,0.95940465,2.7335963,0.14971025,0.45253766,Medullary_cords,240.00208332429116
GTCTCCGCCTCAATAC-1,1,71,61,5770,18001.0,5770,4284.6787,Medium-Low,3,4,2,0,2,1,5,6,4368.588444795412,0.0,-0.34134599566459656,0.0648813088361923,-0.18906216323375702,0.3170221457629222,-0.07530761510133743,0.6924647209366998,0.12671785056591034,0.5046007463292949,-0.1511155515909195,0.4253828814974993,0.2563770115375519,0.17145257706214645,0.10093484,0.0,0.0637214,0.4659917,0.32904917,0.04030287,0.0,0.3088393,0.8445026,1.70553,2.7928467,0.11046314,0.67525125,0.3501323,1.2860374,1.3851442,1.9337668,0.18681091,0.31955886,Medullary_cords,496.23381585700105
GTCTCCTGCCAGTATG-1,1,59,13,229,261.0,229,860.0993,Low,5,1,6,0,5,0,5,6,5742.396712175152,1.3296613488547582,0.21604959666728973,0.2515155348362755,0.057202666997909546,0.763990527763896,0.12700818479061127,0.5036168799862161,0.48677492141723633,0.006374963377049151,0.04203911870718002,0.8254264819307314,0.0450858473777771,0.8129885646511648,0.0,0.009025287,0.7154722,0.15810333,0.117399156,0.0,0.0,0.0,0.0,0.9678004,1.920836,0.0,0.0,0.0,0.61193085,0.0,0.734317,0.0,0.0,Medullary_cords,138.06158046321215
GTCTCGACTAAGTTTG-1,1,25,111,6374,22422.0,6374,4471.902,Medium-High,4,0,1,4,4,2,4,7,2221.0630337745934,1.0114042647073518,-0.5785872340202332,0.0008100381844589866,-0.052648697048425674,0.7823121997809195,0.48383498191833496,0.006749735881717197,-0.11013820767402649,0.5623287670321498,-0.6295631527900696,0.00019343779101609429,-0.23418200016021729,0.2129210967829758,0.1355265,0.09036736,0.12721881,0.1940992,0.21096383,0.2384208,0.0034034979,0.10616684,0.5795475,2.2342215,2.6646342,0.046102762,0.41785306,0.93817115,1.9614623,0.9399803,1.9483061,0.092205524,0.32596686,B_cell_zone,0.0
GTCTCGATCTGCTTTC-1,1,20,80,5621,17518.0,5621,4226.0474,Medium-Low,3,5,2,0,4,2,8,6,2224.6015373544988,0.6365141682948128,-0.5387431383132935,0.0021295440586930644,0.11287890374660492,0.5525820258762476,-0.055695727467536926,0.7700400055119428,-0.017835501581430435,0.9254703270260679,-0.03998565673828125,0.8338331259840784,0.12570258975028992,0.5080487134683109,0.048716117,0.10452596,0.2124079,0.36410615,0.27024385,0.0,0.0,0.24236159,0.8066427,1.6727908,2.5043898,0.11290285,1.1722049,0.4280358,0.99223244,1.2495335,2.1995306,0.0,0.37539804,Medullary_cords,238.76766950322232
GTCTCGCCAACACGCC-1,1,0,72,6636,25887.0,6636,4264.4214,High,3,5,2,0,6,3,5,6,4682.941917214007,0.0,-0.7106323838233948,1.0816513048644116e-05,0.21670329570770264,0.2500489694233051,0.2814958989620209,0.13181965540453988,-0.29703202843666077,0.11093703318860992,-0.08343926817178726,0.6611237444799783,0.08070246875286102,0.6716125352863291,0.0702802,0.0,0.069324516,0.3653422,0.18927522,0.012983928,0.29279393,0.21610248,1.0932037,1.7545497,2.5021324,0.14311445,0.5272893,0.39253435,1.0931537,1.3412781,2.0113401,0.0,0.49637368,Medullary_cords,365.65831044842946
GTCTGCCGACTCGACG-1,1,73,87,5151,15901.0,5151,4104.5386,Low,4,6,1,4,2,1,4,7,4193.401125578139,1.0114042647073518,0.023365773260593414,0.9024570763167832,-0.04037528857588768,0.832236606399277,0.05953864008188248,0.7546399422340814,0.03352953493595123,0.8603768365274506,0.006347488611936569,0.9734436501683643,0.16312868893146515,0.3890632471148442,0.14553149,0.11138068,0.13669154,0.13119504,0.1422978,0.30638024,0.026523205,0.22377278,0.58315045,2.3653727,2.6272213,0.121974885,0.4475456,0.666126,2.0852573,1.1054122,2.1944656,0.0,0.29836372,Medullary_cords,0.0
GTCTGGGCGGTCGAGA-1,1,46,44,6420,22695.0,6420,4334.8364,Medium-High,5,9,4,1,3,7,1,1,3176.4495903445404,1.0114042647073518,-0.2264789640903473,0.22879023281774907,-0.08161164820194244,0.6681212729654316,0.25921928882598877,0.1665880525734045,0.24484141170978546,0.19222622348006932,-0.5300964117050171,0.002586758872214762,-0.17285224795341492,0.3610197314876512,0.1027635,0.00562116,0.03009891,0.20320676,0.28676,0.23694158,0.13460806,0.18871093,0.5311955,2.1687248,2.9426196,0.40260082,0.5503382,0.20363268,1.7941644,1.15164,1.799341,0.091276124,0.651279,Medullary_cords,137.0
GTCTGTAGGTTGAACA-1,1,73,39,4628,12868.0,4628,4022.77,Low,3,4,2,0,5,0,5,6,5381.279587607393,0.0,-0.2873864471912384,0.12358790763028624,-0.07252242416143417,0.7033180732511448,0.03537406027317047,0.8527767212991566,-0.04302441328763962,0.8213994446394416,-0.25078845024108887,0.18130863662081642,0.029603315517306328,0.8765942362887527,0.121258534,0.0025349588,0.107923426,0.38902426,0.25857773,0.035419185,0.085261896,0.36048698,0.99498105,1.7819555,2.7352617,0.2156231,0.6790333,0.2609682,1.26907,1.6003898,1.9632026,0.28749746,0.25212514,Medullary_cords,477.53533900644464
GTCTTACCACGCCAAG-1,1,74,114,3846,9771.0,3846,3766.2024,Low,1,13,5,5,7,1,3,5,4669.310977007207,0.5623351446188083,0.08895345032215118,0.6401822580829273,0.14069978892803192,0.4583299095136408,0.04457639157772064,0.815065342755332,0.29489096999168396,0.11365800782481172,-0.4670245051383972,0.00927113697463936,-0.02087751217186451,0.9128030597865329,0.0,0.0,0.17023209,0.031084985,0.35425407,0.025437754,0.41899118,0.26429904,0.28041232,1.9182191,2.4834874,0.17619935,0.26429904,0.0,1.4567144,0.65457165,2.5262725,0.3523987,1.0222667,Medullary_cords,137.92751719653333
GTCTTAGTACAGCCGG-1,1,12,78,6407,23836.0,6407,4294.4453,Medium-High,3,5,2,0,6,3,5,6,3188.88068136768,0.45056120886630463,-0.0800250768661499,0.6742180958294309,-0.229808509349823,0.2218361135153266,-0.05203738436102867,0.7847806017308753,-0.06657126545906067,0.7266986500914024,-0.19086036086082458,0.31235575088676726,0.1597670614719391,0.39904202001380007,0.020384235,0.001697294,0.22592096,0.4573765,0.12473125,0.16879593,0.001093854,0.16375035,0.92029274,1.52227,2.4121542,0.1313824,0.8827535,0.4293497,0.71628666,1.7158076,2.2053585,0.2627648,0.34839267,Medullary_cords,365.57078657901536
GTCTTGAGGAGCAGTG-1,1,38,116,5749,18494.0,5749,4178.443,Medium-Low,2,0,0,2,0,4,2,3,1928.0041493731283,0.6615632381579821,-0.025509901344776154,0.8935544504476399,-0.32133299112319946,0.0833653690829726,-0.022428307682275772,0.9063532333533433,-0.050472646951675415,0.7911080865889132,0.2733072340488434,0.14392027346232425,-0.07903066277503967,0.6780497620970247,0.11711614,0.002202277,0.19896108,0.31470463,0.11765312,0.007562416,0.24180026,0.46491396,0.7692488,2.4316916,2.7312796,0.21613307,0.6386814,0.29133758,1.5462202,1.0787873,2.5901642,0.21613307,0.43628052,Medullary_cords,366.742416417845
GTCTTGTAGCTATTCA-1,1,44,112,3060,7794.0,3060,3329.8367,Low,2,10,5,2,0,4,2,4,1801.9270240495312,0.0,-0.18355755507946014,0.33157372651758305,0.18968768417835236,0.3153940173199699,-0.04785613343119621,0.8017176851480029,0.1509244590997696,0.4259753021053422,0.10273891687393188,0.5890272056038149,0.14957822859287262,0.4301617276806677,0.037489276,0.0,0.17746389,0.13388503,0.064386494,0.2649785,0.3217968,0.15893325,0.3166958,2.2071376,2.8160284,0.20637678,0.36531004,0.19734952,1.4360952,0.9500874,2.9148066,0.5242433,0.41275358,Medullary_cords,364.6601157242179
GTGAAACGGCGCCACC-1,1,24,88,7064,26261.0,7064,4519.7725,High,5,5,4,1,4,2,1,1,1677.0047704165902,1.3296613488547582,-0.5700632333755493,0.0010064093669760557,-0.11776122450828552,0.5354157970744239,0.04403376206755638,0.817278703660784,0.09963599592447281,0.6003852742014542,-0.040782779455184937,0.8305676089331563,0.28078213334083557,0.13284373423531126,0.14986667,0.07874917,0.15019876,0.25140902,0.001490435,0.016911708,0.35137424,0.42245772,0.62638664,2.3677726,2.9377856,0.09523957,0.7521534,0.5101675,2.0739992,1.277273,2.1115456,0.16132891,0.45665085,Medullary_cords,0.0
GTGAAACGTGCTCCAC-1,1,11,37,6544,23716.0,6544,4324.244,Medium-High,2,8,0,0,1,5,0,3,4772.52019377603,0.45056120886630463,-0.4159850478172302,0.022233042221503612,-0.41862958669662476,0.021313111496710817,-0.060880184173583984,0.74928515583053,0.35734066367149353,0.052547302706293986,-0.258663535118103,0.16753141719991252,0.12352640926837921,0.5154784793885535,0.02581556,0.04290658,0.08812443,0.15864196,0.18445188,0.20546399,0.2945956,0.17176881,0.59629256,2.0051758,2.6813412,0.19687527,0.81810236,0.5030443,1.3647562,1.2177035,2.648222,0.08795877,0.5676321,Medullary_cords,365.0
GTGAACTCCCATTCGA-1,1,30,104,6649,23089.0,6649,4525.9478,Medium-High,0,0,7,4,0,2,4,0,1459.9047914162074,1.0114042647073518,-0.34224680066108704,0.06413161595167988,-0.25229841470718384,0.1786073380525126,-0.07565592229366302,0.6911115720440802,-0.07196096330881119,0.7055129981553819,-0.025435661897063255,0.8938624942283024,0.00279277004301548,0.9883140837348064,0.17271395,0.10590549,0.036476996,0.24383098,0.107457116,0.002033119,0.33158234,0.10408586,0.68211067,2.1763422,2.817198,0.17064455,0.52210546,0.85004264,2.024878,1.1189932,1.5009725,0.08997096,0.29606372,B_cell_zone,0.0
GTGAAGATTTCAAGTG-1,1,21,103,6939,26462.0,6939,4321.9985,High,1,0,3,6,4,2,7,3,2282.5923858630563,0.0,-0.0683220624923706,0.7197941058107347,-0.0891745388507843,0.6393481065541249,0.0024159643799066544,0.9898906830412375,-0.0035580620169639587,0.9851121508432672,-0.14381545782089233,0.4483353574364986,0.0019960999488830566,0.9916474890041047,0.053000867,0.0,0.10267262,0.16850531,0.39850187,0.115813576,0.16150573,0.31687266,0.59367055,2.1767585,2.7692409,0.3313172,0.48399875,0.383813,1.3972152,1.1221104,2.7838595,0.16028562,0.5418183,Medullary_cords,275.98007174431996
GTGAAGCCGTATAGTC-1,1,21,107,6874,25495.0,6874,4458.2266,High,1,0,3,6,4,2,7,5,2419.7789155210025,0.5623351446188083,-0.3268805742263794,0.07788020323681671,-0.21558012068271637,0.25257229004126786,0.21296212077140808,0.2585187895671435,0.3609711825847626,0.05002434077738338,-0.441058874130249,0.014699879353162864,-0.10782589018344879,0.5706125847517203,0.038480885,0.1156437,0.0035624127,0.12280335,0.13772926,0.0979061,0.48387435,0.12409106,0.564694,1.9497604,2.9648492,0.041363686,0.46045285,0.6300481,1.6277571,0.9415731,1.6972393,0.28956002,0.684854,Medullary_cords,276.3494165001982
GTGAAGTCACGACTCG-1,1,49,7,7397,33428.0,7397,4125.508,High,2,7,0,3,3,0,6,4,5728.764701050306,1.0042424730540764,-0.23271812498569489,0.21587742763614948,-0.1807049810886383,0.33927246410088713,0.23827096819877625,0.20481010854778806,-0.542878270149231,0.001936850759551448,-0.1770268827676773,0.3493576658786777,0.14800024032592773,0.4350974706400432,0.043227613,0.0,0.28286618,0.065879926,0.0,0.1181546,0.48987162,0.3297801,0.51239055,2.1176398,2.8018856,0.35428077,0.6736433,0.28102684,1.4368922,0.8889916,2.4715145,0.6215408,0.62084264,Medullary_cords,365.3833603217311
GTGACAGCTTCCCACT-1,1,64,74,4353,11997.0,4353,3868.407,Low,2,6,5,0,2,1,2,4,3260.3105680287576,0.45056120886630463,0.20763999223709106,0.27088805112361164,-0.033595144748687744,0.8601062863341399,-0.05828429386019707,0.7596567879445351,-0.03046727553009987,0.8730211783238845,-0.045355167239904404,0.8118911931444147,0.19741272926330566,0.29571625438610943,0.01331804,0.109690264,0.17153697,0.15138637,0.20742768,0.021015478,0.32562518,0.35500813,0.5609348,1.8937745,2.759735,0.07578118,0.46479774,0.6361069,1.2628022,1.0004363,2.0894957,0.4546871,0.36558074,Medullary_cords,238.40302011509837
GTGACCGCACACTACG-1,1,39,91,5391,14542.0,5391,4402.174,Low,3,0,7,1,0,4,1,3,239.26763257908496,0.8675632284814613,0.07777508348226547,0.6828990024366015,0.2564943730831146,0.17124974692011968,0.2792222201824188,0.13510207034018673,0.08810123801231384,0.6434016113269778,0.2522236406803131,0.17874043757689018,0.09279544651508331,0.6257486192856518,0.0677797,0.0068030506,0.077268645,0.23947862,0.32922298,0.031301495,0.2481455,0.5598274,0.7186447,2.124878,2.8135376,0.19626483,0.5842712,0.20535135,1.6010667,1.1266215,1.8093368,0.3471369,0.5389835,Medullary_cords,137.92751719653333
GTGACGAGGGTGACCC-1,1,32,114,6932,25300.0,6932,4512.1494,High,3,0,0,1,0,4,1,1,1928.6453795345583,1.3296613488547582,-0.2276957780122757,0.22623198133801056,-0.25819215178489685,0.16833453474836552,0.020198184996843338,0.9156301463917424,-0.07822660356760025,0.6811537253778778,-0.40951740741729736,0.024620979161904956,0.10853217542171478,0.5680765153869088,0.093607925,0.06453119,0.025593866,0.23170543,0.2535794,0.20618148,0.124800675,0.30403927,0.7920854,2.2590454,2.7857454,0.33071715,0.70301425,0.48901942,1.8267572,1.2383151,1.9117379,0.14562565,0.6340216,Medullary_cords,0.0
GTGACGCAGGTTTCAT-1,1,65,75,5177,16342.0,5177,3959.0015,Medium-Low,2,6,0,2,2,1,2,4,3355.363616659154,0.6365141682948128,0.2157587856054306,0.25216978455313793,-0.1369427740573883,0.4705371311581959,-0.14603236317634583,0.4412957844309093,0.08338725566864014,0.6613225050993694,0.04699236527085304,0.8052278460594462,0.08697749674320221,0.6476563874431279,0.072807774,0.17813262,0.12284879,0.29538468,0.27153185,0.0,0.05929424,0.27408051,0.5423575,2.1604524,2.8470256,0.19981733,0.439631,0.21439934,1.3343683,1.0012816,2.2066386,0.0,0.41607195,Medullary_cords,239.26763257908496
GTGACTTCAGTAGTGC-1,1,46,50,5791,17761.0,5791,4365.2866,Medium-Low,5,9,4,1,3,7,1,1,2785.4970831074297,1.0114042647073518,-0.23148980736732483,0.21837950289069788,-0.07651972770690918,0.6877597790329917,0.053146250545978546,0.7803046701298468,0.11979806423187256,0.5283302102824213,-0.4459182024002075,0.013520040130778689,0.1516200304031372,0.4238210945822227,0.10992037,0.0006167187,0.0,0.31678906,0.17684022,0.2716255,0.12420813,0.20324199,0.84098214,2.2303596,2.7420704,0.15011236,0.64437765,0.4648987,1.890312,1.6308684,1.8225646,0.0,0.40029967,B_cell_zone,0.0
GTGAGATAACCTTATA-1,1,69,41,7925,36226.0,7925,4453.485,High,1,4,0,3,5,0,6,3,4924.7250684682895,0.8675632284814613,-0.4455663561820984,0.013602725705519623,-0.31767183542251587,0.08714414141082912,-0.053336527198553085,0.7795373066787976,0.40462639927864075,0.026562891624738436,0.15292327105998993,0.419801177175664,0.2528461515903473,0.17763447815152827,0.017877478,0.03888295,0.15351471,0.17497379,0.24640083,0.010622134,0.3577281,0.4349744,0.60855705,1.9088249,2.80318,0.27082732,0.5794922,0.2562628,1.4242649,1.0632048,2.2160952,0.8345907,0.6454764,Medullary_cords,479.00104384019875
GTGAGCGTGCTGCACT-1,1,33,25,6579,29975.0,6579,3706.9827,High,2,7,3,2,3,6,2,4,4377.669242873427,1.0114042647073518,0.030981432646512985,0.8708959485046421,-0.13667786121368408,0.47140423374287727,0.01624121144413948,0.9321164624906089,0.011742372065782547,0.950893535114422,-0.03278335928916931,0.8634548671123801,0.2125096619129181,0.25955571675804745,0.067563966,0.0,0.26893753,0.17285424,0.14200324,0.0,0.34864098,0.2906965,0.5178065,2.099274,2.6188426,0.15867649,0.38733175,0.30773848,1.2971001,0.9304544,3.0211694,0.07197681,0.44315606,Medullary_cords,496.9557324349926
GTGAGGACACTTAAGG-1,1,41,77,4466,11004.0,4466,4161.5674,Low,5,2,4,1,0,4,1,1,837.7690612573372,0.8675632284814612,-0.081782765686512,0.6674649348540593,-0.0168219693005085,0.9296949092170544,0.24402272701263428,0.19376416691056883,0.35733896493911743,0.0525485062919958,-0.2741200029850006,0.14268448056358357,-0.22960582375526428,0.22225530597220017,0.296019,4.719032e-05,0.00043158577,0.1479083,0.0,0.0,0.5555939,0.21030168,0.5608045,2.5431285,2.921684,0.12948951,0.5860204,0.12948951,2.292841,1.0380512,2.0172832,0.0,0.0,B_cell_zone,0.0
GTGAGGAGCGGTTGAG-1,1,13,87,6180,22490.0,6180,4161.328,Medium-High,3,5,2,7,6,3,8,2,2994.96444052346,0.45056120886630463,-0.6898497939109802,2.470847301776533e-05,-0.052352868020534515,0.7835064621679249,0.02068861573934555,0.913589067573093,0.2256581038236618,0.23052697705672498,-0.11539353430271149,0.5437087803282795,0.011799570173025131,0.9506546211081839,0.007421317,0.0,0.24795114,0.34617344,0.18007028,0.0,0.21838379,0.3779779,0.732458,1.7698609,2.460669,0.045982696,1.6277981,0.45604706,0.8945236,1.4233986,2.3910348,0.318099,0.25637323,Medullary_cords,138.0
GTGAGTGGTACAACGC-1,1,52,56,5950,19466.0,5950,4268.999,Medium-Low,1,2,0,3,2,7,6,3,2768.337587795246,0.6931471805599453,-0.5636608600616455,0.0011801169152910523,0.10266143083572388,0.5893096942983568,0.0917031317949295,0.6298387613901688,-0.0788348987698555,0.6788050097487385,-0.11948013305664062,0.5294332211347542,0.0042048171162605286,0.9824063434600967,0.009184097,0.05504066,0.168667,0.11167245,0.07380989,0.15595888,0.42566702,0.542842,0.63031816,2.0829742,2.7786746,0.42055058,0.6072395,0.25677222,1.362135,1.0500712,2.4333494,0.7918396,0.7551349,Medullary_cords,138.0
GTGATCAAGCGTGCAC-1,1,65,27,6871,27570.0,6871,4282.7344,High,3,1,2,0,5,0,5,6,5300.42507729333,0.0,-0.026273585855960846,0.8903865622187317,0.06872320920228958,0.7182151358828401,-0.05800081789493561,0.7607919035701994,-0.12192963808774948,0.520963759840807,-0.05456611514091492,0.7745834473161753,0.4446260929107666,0.013825765367788933,0.023504851,0.07007265,0.12989819,0.48124766,0.11038362,0.032120746,0.15277232,0.30873373,0.9220877,1.4452711,2.5633895,0.11606135,0.6071116,0.18424943,0.8095914,1.6729947,1.6091633,0.15474847,0.44132653,T_cell_zone,602.0830507496453
GTGATCACTAACGCCT-1,1,47,97,5325,15374.0,5325,4263.531,Low,1,10,0,3,0,4,6,3,1243.7093711956986,1.0114042647073518,-0.22590646147727966,0.23000057979929117,0.039577677845954895,0.8355055170217444,0.0831938236951828,0.6620618841602811,-0.0776243731379509,0.6834819060574074,-0.16136470437049866,0.39428149404037804,0.10173600912094116,0.5926880334504911,0.06715722,0.0,0.07942816,0.14569893,0.030253137,0.2374459,0.4400167,0.6196871,0.55920184,2.063901,2.8257046,0.062637314,0.77628505,0.3547209,1.5967863,1.1671174,1.9091426,0.12527463,0.61981076,Medullary_cords,238.40302011509837
GTGATCATAGATCTGC-1,1,45,57,4698,12913.0,4698,3985.614,Low,2,9,0,2,3,7,2,4,2292.9805930273374,0.6931471805599453,-0.1902005970478058,0.31406287065737043,0.040990568697452545,0.8297168252185206,-0.19319888949394226,0.30635152441085706,-0.31674066185951233,0.08812574657831126,0.08974988013505936,0.6371794060751537,0.03808534890413284,0.8416288253544661,0.031873725,0.0026002973,0.25180134,0.2304396,0.11412573,0.012407007,0.35675237,0.3002486,0.6850131,2.0405095,2.5850294,0.45828342,0.5085641,0.56594396,1.1653664,0.9157921,2.5481036,0.23392004,0.45169637,Medullary_cords,364.6601157242179
GTGATCCTTGTCATGA-1,1,62,84,6196,20581.0,6196,4420.885,Medium-High,4,6,1,4,2,1,4,7,2888.4597971929607,0.0,-0.16455280780792236,0.3848795384331695,0.00036404747515916824,0.9984766487794671,-0.028250161558389664,0.882195196392269,-0.13134180009365082,0.48904602058389884,-0.258212149143219,0.16830040895081533,0.16700193285942078,0.37774573837766123,0.15667717,0.20062743,0.16232502,0.19581468,0.24170814,0.029922865,0.012924739,0.099014565,0.53501403,2.1687813,2.6222568,0.28290457,0.2198391,0.8916543,1.9243708,0.9848242,1.9833223,0.26876545,0.3583539,Medullary_cords,0.0
GTGATGCACAACATCT-1,1,12,96,6431,24440.0,6431,4256.4097,Medium-High,5,12,4,7,4,3,8,2,3161.9731181653015,0.6365141682948128,-0.1300106942653656,0.49349860288356145,-0.2765308916568756,0.13906409546190107,0.22924652695655823,0.22299971707516317,0.08744866400957108,0.6458710911895379,0.005827202461659908,0.9756197318578632,-0.08210872113704681,0.6662153657398648,0.101998135,0.12540752,0.011150329,0.29936525,0.17936355,0.0,0.28271523,0.32134283,0.6268748,2.1932156,2.8764615,0.14299735,1.6931179,0.4602419,1.7290485,1.2907329,1.9047146,0.14949352,0.24783537,Medullary_cords,137.0
GTGATTCGCCGCTCAA-1,1,48,40,6294,24928.0,6294,3939.713,Medium-High,2,9,0,2,3,7,2,4,3514.404216933505,0.45056120886630463,0.22425740957260132,0.2335109179061231,-0.031544893980026245,0.8685679355364444,0.03491572290658951,0.8546640589738971,0.09062124043703079,0.6339004770917678,-0.0707710012793541,0.7101725754981071,0.016618814319372177,0.930541924201542,0.026796611,0.04849816,0.22196339,0.1434616,0.1875602,0.2126175,0.15910257,0.25329402,0.6334918,2.1564918,2.52354,0.46704844,0.55996704,0.28818348,1.2567698,0.9883243,3.042114,0.36615646,0.52123976,Medullary_cords,414.77222664976017
GTGCAACAAATGTGGC-1,1,14,62,7060,27209.0,7060,4382.518,High,1,8,0,0,6,3,0,3,3385.633766372258,1.3296613488547582,-0.4077787399291992,0.025297523231923552,-0.05314573273062706,0.780306758694904,-0.3253648281097412,0.0793505167467661,-0.23935003578662872,0.20270555082647926,-0.08125270903110504,0.6694987988782592,0.0012879148125648499,0.9946107753513928,0.045303985,0.049176503,0.17608705,0.16439265,0.079188436,0.22847016,0.25738123,0.37231347,0.7908019,2.0170367,2.7329261,0.41456017,0.64324903,0.4073046,1.6114305,1.1404097,2.3246863,0.612605,0.5104302,Medullary_cords,137.0
GTGCACCAGCTTCAAC-1,1,66,54,4692,12642.0,4692,4007.5461,Low,2,4,0,3,2,0,6,3,4089.966259029529,0.45056120886630463,-0.17731843888759613,0.34855173115329174,0.07372206449508667,0.6986361501540272,0.1517336517572403,0.4234697787920113,-0.17329539358615875,0.35977095183689156,0.032192081212997437,0.865895327929526,-0.026592480018734932,0.8890642237112889,0.011445226,0.0017859553,0.22920848,0.091900036,0.13966776,0.20905389,0.31693867,0.31140196,0.42313778,1.8567724,2.6095548,0.1914405,0.33715343,0.3434313,1.5085654,0.83943486,2.8552623,0.5023654,0.8134519,Medullary_cords,238.90793205751876
GTGCACGAAAGTGACT-1,1,17,71,6471,24391.0,6471,4252.6367,Medium-High,1,3,3,7,6,3,8,2,2773.647418112115,0.6931471805599453,-0.4382336139678955,0.015424411761267347,0.07575128227472305,0.6907412676137579,0.48366492986679077,0.006771973840953453,-0.07378935813903809,0.6983738372204237,-0.2831032872200012,0.12953463782037003,-0.2590624988079071,0.16685381285189704,0.10001883,0.13400939,0.1771338,0.24246465,0.05258142,0.19862095,0.09517099,0.28210142,0.56892633,2.1611955,2.8900862,0.30395323,1.2754662,0.27105838,1.7149271,1.1060209,2.2687778,0.2356084,0.59112906,Medullary_cords,138.42326394071193
GTGCCATCACACGGTG-1,1,42,34,5243,15748.0,5243,4144.465,Low,3,9,2,0,3,6,5,6,3747.9060820676923,0.45056120886630463,-0.3040831387042999,0.10231925094602276,-0.2066643387079239,0.27319645680349447,-0.06813084334135056,0.7205471696734111,0.16421212255954742,0.38587801344215655,0.4065217077732086,0.02579606165249381,0.3044857382774353,0.10184285495636988,0.010209951,0.09189343,0.035428338,0.42275843,0.21286081,0.22023721,0.0066119116,0.3405382,0.95344347,1.5451567,2.4049194,0.12292323,0.52266264,0.32788622,0.7300769,1.5658346,1.6637676,0.12292323,0.30053967,Medullary_cords,364.3295211755424
GTGCCCGTTCGGATTC-1,1,39,85,4873,12619.0,4873,4251.643,Low,0,0,7,1,0,4,4,0,238.90793205751876,1.0114042647073518,0.2337614893913269,0.21376748475968355,-0.02476571314036846,0.8966430102644092,0.1725950837135315,0.36174559440674725,-0.026294613257050514,0.890299360292332,0.04360099136829376,0.8190449441570083,-0.025059586390852928,0.8954231862690497,0.113738686,0.0038291574,0.0,0.29154357,0.26022863,0.27991256,0.050747376,0.2731815,0.5164528,2.2676218,2.9267147,0.07294834,0.33755642,0.57497925,2.085291,1.261731,2.0470808,0.0,0.39737833,B_cell_zone,0.0
GTGCCGCTTCAAAGGT-1,1,44,44,5478,16779.0,5478,4246.1914,Medium-Low,5,9,4,1,3,7,1,1,3112.8451615844947,0.6365141682948128,-0.2094273567199707,0.266691996738333,0.016597606241703033,0.9306303514389699,0.36489957571029663,0.04740348526772489,0.14018210768699646,0.46000190615425557,-0.40820425748825073,0.025130558851264674,0.16944776475429535,0.37069898675555923,0.24513318,0.009365648,0.0,0.33951265,0.33175874,0.005694461,0.068535395,0.15238504,0.44846502,2.4233372,3.011166,0.15654293,0.613917,0.21498194,2.300463,1.2909353,1.8961364,0.0,0.24880944,B_cell_zone,0.0
GTGCCTCAGTGTACGG-1,1,11,93,5462,16375.0,5462,4285.7744,Medium-Low,1,12,7,7,4,3,8,2,3252.5058032231086,1.3296613488547582,-0.36493751406669617,0.04737871726774553,-0.11728222668170929,0.5370886420880412,0.1338326632976532,0.4807693134553526,-0.04227958619594574,0.8244432528233048,-0.41664251685142517,0.022001343026252052,-0.1919407844543457,0.30957269247377545,0.08644195,0.0,0.12794517,0.10071608,0.0,0.23836577,0.44653106,0.49416935,0.63031334,2.0885284,2.6978278,0.15935543,1.5989937,0.47325003,1.6843705,0.9953424,1.8773968,0.19953988,0.34550053,Medullary_cords,137.92751719653333
GTGCCTGAGACCAAAC-1,1,69,89,6638,23610.0,6638,4405.6016,Medium-High,0,6,7,4,2,1,4,0,3713.819193229525,1.3296613488547582,0.18141616880893707,0.33734299491317427,-0.23143674433231354,0.21848803382124685,0.11142075061798096,0.5577578972005509,0.02282780595123768,0.904692631452672,-0.10443750023841858,0.5828496298357403,0.2887289822101593,0.12176606682195373,0.0989912,0.0,0.12241163,0.12488815,0.41837445,0.025800195,0.20953435,0.19079646,0.5298909,2.2431571,2.542011,0.3655799,0.45136622,0.6756636,1.7116209,0.7806491,2.3698182,0.08828832,0.55577374,Medullary_cords,137.55726080436466
GTGCGAAATCGAACAC-1,1,45,43,5864,18952.0,5864,4263.3604,Medium-Low,5,9,4,1,3,7,1,1,3208.541880667915,1.2424533248940002,-0.09052702784538269,0.6342546730953329,-0.19257858395576477,0.3079370797817835,0.17496654391288757,0.3550847837145352,0.020589303225278854,0.9140023441536432,-0.463620662689209,0.009868140640527379,0.11976994574069977,0.5284277182244034,0.16352831,0.0042559053,0.0,0.14458475,0.1558834,0.26706204,0.26468566,0.31252316,0.7049982,2.2410097,2.8291864,0.15889868,0.68835753,0.30075046,1.8157992,1.1103822,1.8408619,0.0,0.29939842,Medullary_cords,0.0
GTGCGACAGGGAGTGT-1,1,36,100,5669,17411.0,5669,4299.7363,Medium-Low,3,0,2,0,0,4,5,6,860.4400037190275,0.0,-0.39683499932289124,0.029913138022513084,-0.010865725576877594,0.9545557593263005,0.029737621545791626,0.8760386323054479,-0.029285481199622154,0.8779092979315399,-0.31415238976478577,0.09089846320466359,-0.08993721008300781,0.6364739139063369,0.065366864,0.0011232775,0.042197507,0.4646696,0.29312038,0.0,0.13352238,0.2016956,1.0698591,1.6970114,2.6001294,0.32254323,0.6836268,0.24795622,1.1305069,1.7432766,1.8131752,0.0,0.32634452,Medullary_cords,477.31017169132275
GTGCGCAGCTTGCTCC-1,1,5,33,5692,17965.0,5692,4196.434,Medium-Low,3,8,2,0,1,5,5,6,5472.5929868756,0.0,-0.5177230834960938,0.0033872588421460467,0.3350277543067932,0.07033337156241323,0.24247297644615173,0.19669879199945517,-0.3698088526725769,0.044282891334907336,-0.1672145128250122,0.37713019205632875,0.16016626358032227,0.39784945667915966,0.051800624,0.0018398055,0.18980178,0.50643784,0.0284973,0.034873433,0.18674926,0.23340648,1.146851,1.5602417,2.4715889,0.14885825,0.5193687,0.40593663,1.0253904,1.7977747,1.9321799,0.11064203,0.35893443,Medullary_cords,365.7608508301565
GTGCGCTTACAAATGA-1,1,0,46,7270,33787.0,7270,4136.69,High,3,8,2,0,1,5,5,6,5391.617568040226,0.0,-0.37889423966407776,0.0389411369611594,-0.10782748460769653,0.5706068538913583,0.09692908078432083,0.6103694796195906,-0.22266578674316406,0.23693288160081583,0.050788890570402145,0.7898281970861366,-0.05846139043569565,0.7589478927379625,0.06498266,0.001502875,0.012765241,0.5506593,0.3664925,0.0,0.0035974288,0.14865014,0.89447385,1.3608506,2.571494,0.21346703,0.85003716,0.30128208,0.9770341,1.4742589,1.5342789,0.19445072,0.23610164,Medullary_cords,551.0009074402691
GTGCGGGACCATCGGC-1,1,6,40,6331,21861.0,6331,4343.201,Medium-High,3,8,2,0,1,5,5,6,5060.295841153954,0.0,-0.34260502457618713,0.06383537013587799,-0.2128036469221115,0.2588816643494446,0.35020148754119873,0.057801037706693176,-0.15416176617145538,0.4160006830270059,0.0005040429532527924,0.9978908409038056,0.022999649867415428,0.9039784454068115,0.055335876,0.0,0.05240965,0.59413445,0.22210407,0.0,0.076015905,0.30483252,1.0875808,1.4127592,2.3056867,0.1282911,0.9016747,0.23542404,0.76912534,1.6178559,1.6998733,0.09416962,0.2966143,Medullary_cords,633.1413744180678
GTGCGGGTCTCCAAAT-1,1,20,56,7260,27793.0,7260,4555.4478,High,0,3,7,4,1,2,4,0,3081.8442530407015,0.0,-0.005534741561859846,0.9768430173616797,0.00302177295088768,0.9873559292797168,0.21357548236846924,0.2571174508643917,0.18414999544620514,0.3299883026248253,-0.11752811074256897,0.5362296100669973,-0.04160504788160324,0.8272019754610699,0.10226331,0.059792604,0.10924127,0.17341766,0.272948,0.2823372,0.0,0.038418654,0.6444119,2.2473896,2.9181185,0.11525597,0.5639501,0.4097435,2.1284568,1.0050766,2.132854,0.33670014,0.32227993,Medullary_cords,0.0
GTGCGTGTATATGAGC-1,1,41,83,4229,10352.0,4229,4085.4114,Low,5,2,7,1,0,4,1,1,497.24139007126104,1.3296613488547582,0.2930600941181183,0.11602392196506606,-0.03030782751739025,0.8736804214119812,-0.13598880171775818,0.4736635323463814,-0.06163541227579117,0.7462756565342116,-0.16311000287532806,0.3891183153834346,-0.08658158034086227,0.6491580343723499,0.14801209,0.19250447,0.14160343,0.16990562,0.053372566,0.0,0.29460195,0.3045349,0.3004653,2.359771,2.9232504,0.0,0.57241654,0.08450586,1.9999925,0.89731956,1.6989665,0.0,0.22534898,B_cell_zone,0.0
GTGCTATCCAGCTGGA-1,1,76,66,4486,13372.0,4486,3781.1858,Low,1,4,3,5,2,1,3,5,4797.5144606347985,1.0821955300387673,-0.18565072119235992,0.3259930304693319,-0.3011925220489502,0.10578906206585846,-0.1445026993751526,0.446146665999212,-0.031402163207530975,0.8691575449985817,-0.1643444150686264,0.3854901151670526,0.18900874257087708,0.3171614320259723,0.03273346,0.0023632043,0.16137253,0.12884897,0.24238603,0.43229577,0.0,0.29857752,0.45807964,1.8937132,2.823739,0.2539268,0.4188058,0.20940289,1.3456697,0.6277542,2.3687198,0.13960193,0.52924126,Medullary_cords,138.42326394071193
GTGCTCAAGTACTGTC-1,1,34,52,4530,13675.0,4530,3808.4346,Low,1,9,3,5,3,6,3,5,2523.721458481502,0.0,0.037867411971092224,0.8425238289141416,0.0261413361877203,0.89093503842484,0.07409017533063889,0.6972016581654815,-0.17787247896194458,0.3470233048509858,-0.33577483892440796,0.06967078999264144,0.10033625364303589,0.5978138522134305,0.043187354,0.079101905,0.06613868,0.1688296,0.3719152,0.21657749,0.054249816,0.18125458,0.6768182,2.2316854,2.7837527,0.20581886,0.3264054,0.35096967,1.6114278,1.3577904,2.3575492,0.0,0.52668226,Medullary_cords,138.00362314084367
GTGCTGTTAGAACATA-1,1,77,81,5266,16389.0,5266,4110.484,Medium-Low,0,6,7,4,2,1,4,0,4696.57630620434,1.0397207708399179,-0.44710931181907654,0.013243231091476999,0.3147464096546173,0.09025632634313263,0.52065110206604,0.0031807705580757044,0.13085608184337616,0.4906683857661173,-0.08167732506990433,0.6678693344161449,0.358622670173645,0.05164516649323714,0.14926644,0.11796585,0.19745684,0.04104096,0.16695514,0.01466057,0.31265414,0.15446337,0.6756208,2.3370059,2.7489529,0.11908999,0.33789116,0.17863499,2.028039,0.5591721,2.3512924,0.0,0.4246832,Medullary_cords,0.0
GTGCTTACATCAGCGC-1,1,46,116,5634,21170.0,5634,3688.5266,Medium-High,2,10,5,2,0,4,2,4,2152.9087300673013,0.0,0.23083867132663727,0.21971381817531901,0.12697309255599976,0.503735747455237,-0.17521487176418304,0.3543915553320149,0.469067245721817,0.00892769814115189,-0.08981354534626007,0.6369396054024746,-0.2222621738910675,0.23780593926646545,0.0698157,0.0,0.42851734,0.11055017,0.19803566,0.0,0.19308113,0.5168745,0.24585469,2.143704,2.4481468,0.27772012,0.5248979,0.179865,1.3093579,0.9537985,3.137594,0.16628692,0.25795728,Medullary_cords,137.92751719653333
GTGGAACCTACATGCG-1,1,15,81,6399,23381.0,6399,4284.08,Medium-High,3,5,2,7,6,3,8,2,2795.9172019214016,0.0,-0.16719219088554382,0.3771947999565778,-0.4961376190185547,0.005296987367071176,-0.3822586238384247,0.03709954551720088,-0.04222315922379494,0.8246739494255317,-0.0896156057715416,0.637685280126158,0.16027991473674774,0.39751031062662806,0.029015034,0.0017570751,0.1698517,0.31746134,0.22598675,0.0,0.25592813,0.3624529,0.8981764,1.5280576,2.3061404,0.3354516,1.4454399,0.50415635,0.94123465,1.3616822,1.9802365,0.17803797,0.26923084,Medullary_cords,551.9601434886399
GTGGACCAACCCGATT-1,1,45,29,6266,20525.0,6266,4407.0527,Medium-High,3,9,2,0,3,6,0,6,4146.840001736262,0.6365141682948128,-0.20018014311790466,0.28886035496660495,0.031954482197761536,0.866876343847825,-0.012012392282485962,0.9497657093992672,-0.021144188940525055,0.9116935414404888,-0.08781410753726959,0.6444877179039712,0.18784546852111816,0.3202038950149244,0.031247983,0.0,0.054240808,0.23791432,0.07100903,0.34043333,0.2651545,0.29782093,0.7815813,1.7105916,2.7599592,0.35485825,0.5086193,0.36066705,1.1727884,1.343174,1.7474191,0.0,0.6593342,Medullary_cords,138.0
GTGGACGCATTTGTCC-1,1,56,64,4860,16506.0,4860,3611.8997,Medium-Low,2,2,5,2,2,7,2,4,2716.2858833340792,0.45056120886630463,-0.2257094830274582,0.23041801182444663,-0.15357807278633118,0.4177894295363308,0.02939777635037899,0.8774446323503761,0.42750656604766846,0.018451229291566045,-0.22474800050258636,0.232462867216587,-0.31635087728500366,0.08853913396879864,0.07785958,0.0,0.17926706,0.11370683,0.120624505,0.20485178,0.30369022,0.37214774,0.34412646,2.2392523,2.500383,0.21764073,0.40291202,0.33605823,1.3857071,0.7735918,3.039467,0.1184175,0.36913267,Medullary_cords,364.3295211755424
GTGGACGTGCTGAGAC-1,1,17,39,6179,21508.0,6179,4305.688,Medium-High,3,11,2,0,1,5,5,6,4207.456476304895,0.0,-0.30741041898727417,0.09843202846923725,0.13156020641326904,0.488317405041448,0.08044972270727158,0.6725842785155625,0.05843226611614227,0.7590644605682705,-0.03089810162782669,0.8712403315742461,0.28733643889427185,0.12365615594233886,0.026292562,0.0006707525,0.100182004,0.4839901,0.20566764,0.017078841,0.16611816,0.24566594,1.1109889,1.5600662,2.380863,0.1313617,0.7102665,0.12993294,0.9371627,1.8015194,1.8469924,0.095472574,0.4830973,Medullary_cords,601.2096140282522
GTGGAGCGTTTACCGA-1,1,58,16,7903,37060.0,7903,4370.879,High,2,1,0,0,5,0,0,3,5504.63114113925,0.8675632284814613,0.6726336479187012,4.6631293342924375e-05,0.6019484996795654,0.0004329902177962487,0.6235800981521606,0.00023182743385279908,0.3864756226539612,0.0348908958643406,0.46441835165023804,0.009725407770944427,0.5432335138320923,0.0019210254941463645,0.038036097,0.0017738083,0.2559129,0.16102394,0.23084791,0.114422604,0.19798276,0.35338196,0.50362873,2.0499153,2.7353258,0.23782572,0.70657057,0.5756188,1.2203999,1.072648,2.336624,0.34726444,0.43748027,Medullary_cords,276.0018115882575
GTGGAGTCGGCGGTTG-1,1,54,38,5888,20815.0,5888,3995.7974,Medium-High,2,9,5,2,5,0,2,4,3939.364669588232,0.0,0.18277055025100708,0.3336870069145191,-0.33128851652145386,0.07372336567988572,-0.08513212203979492,0.6546670674250085,0.23272953927516937,0.21585426869663982,-0.15069131553173065,0.42669870435998,0.2929714024066925,0.1161394537589684,0.028945811,0.0019091333,0.23568144,0.18979824,0.09537737,0.24606754,0.20222041,0.40489224,0.7152089,2.1859097,2.5979671,0.23210225,0.70855504,0.19616385,1.2629257,0.9451269,2.8906457,0.6146028,0.8068511,Medullary_cords,477.53533900644464
GTGGCAAACAGCGGCA-1,1,50,20,5150,17351.0,5150,3742.1675,Medium-Low,2,7,5,2,3,6,2,4,4896.318004378392,0.0,-0.06086418405175209,0.7493489537512462,0.07952025532722473,0.6761622782212868,0.0010827481746673584,0.9954692768553522,-0.23164227604866028,0.2180678592821382,0.011598117649555206,0.951496098023407,0.22498813271522522,0.23195102401462364,0.06639607,0.00052131753,0.40770155,0.19815877,0.0,0.0064324685,0.32078984,0.26321825,0.49565458,2.179278,2.499092,0.11377574,0.6446973,0.46505672,1.3322418,1.0025401,3.1638293,0.49056244,0.6221496,Medullary_cords,728.9478719359842
GTGGCCGGTTTCTCGG-1,1,68,10,6025,23330.0,6025,4015.8298,Medium-High,5,1,3,5,5,0,3,1,6460.653914272146,0.6829081047004717,-0.12781691551208496,0.5008813607131581,0.4188716411590576,0.02123049877942565,-0.021577585488557816,0.9098907274380509,-0.3974606394767761,0.029632039111252013,-0.38309040665626526,0.036655223799841485,0.1549849808216095,0.4134851953227363,0.1980728,0.0012509492,0.054662097,0.31255445,0.11491316,0.056293733,0.26225284,0.21400684,0.6638044,2.3383656,2.8940024,0.2651316,0.3359847,0.38057443,1.8620166,1.1873418,1.9544683,0.089179456,0.24097735,Medullary_cords,0.0
GTGGCGGGCCGTAGCT-1,1,1,69,5391,16514.0,5391,4215.1016,Medium-Low,3,5,7,0,6,3,5,6,4619.990043279315,0.6615632381579821,-0.6376281976699829,0.00015064332951964275,-0.04381005838513374,0.818191582840296,0.17731349170207977,0.3485653971025214,-0.12215066701173782,0.5202027836768555,0.08721891790628433,0.6467413802683953,-0.03446728363633156,0.856511399541758,0.027527293,0.08468342,0.05792234,0.30859423,0.28361756,0.025371624,0.21228349,0.09918591,0.96303535,1.7668035,2.684735,0.17754915,0.47006574,0.17754915,1.3768207,1.572257,1.7496363,0.63347584,0.4626602,Medullary_cords,138.42326394071193
GTGGCGGTCCCAGCGT-1,1,40,20,3500,10074.0,3500,3444.316,Low,5,7,6,5,3,6,3,5,4686.7260427722895,0.6365141682948128,0.02326778508722782,0.9028642180431782,0.31485292315483093,0.09014155065649343,-0.09340603649616241,0.6234670068815417,-0.13602031767368317,0.4735600747031444,-0.22448836266994476,0.23301713848407082,0.009223144501447678,0.9614200897266804,0.18286417,0.0,0.033229265,0.33560148,0.40787917,0.040425964,0.0,0.35963193,0.39628583,2.205814,2.457057,0.086189635,0.30910042,0.65385896,1.7491611,1.141716,2.0135787,0.34475854,0.11491951,Medullary_cords,138.00362314084367
GTGGCTGTTTCTGTTC-1,1,70,92,3684,9244.0,3684,3645.5425,Low,2,6,7,2,2,1,2,4,3843.58088245844,0.5982695885852573,0.11588679999113083,0.5419761174826566,-0.1871921420097351,0.3219205068514969,0.1283523440361023,0.49907438675372673,-0.23354482650756836,0.214204469839612,-0.3010387420654297,0.10597609495177836,0.34104329347610474,0.06513475985819395,0.019514298,0.00021950055,0.17795725,0.07113782,0.26244956,0.27506033,0.19366118,0.23563182,0.67485076,2.0551784,2.488409,0.091660105,0.45313674,0.48409292,1.4910697,0.9379817,2.6102343,0.36664042,1.0354824,Medullary_cords,137.55726080436466
GTGGGAACAAACCGGG-1,1,71,47,7090,27974.0,7090,4378.455,High,1,4,0,3,5,0,6,3,4856.845066501504,1.0114042647073518,-0.21061305701732635,0.26393186922473333,0.20904524624347687,0.2675854748691773,-0.4214323163032532,0.020372573786129174,0.14018243551254272,0.46000084632989485,0.23802495002746582,0.20529202397445595,0.08312194794416428,0.6623367032029474,0.0,0.035578884,0.18121012,0.20133887,0.13254762,0.19846104,0.25086352,0.4458141,0.7524603,1.7521719,2.658529,0.2719741,0.41519788,0.33122647,1.2842021,1.3589321,2.044617,0.964969,0.7304159,Medullary_cords,479.00104384019875
GTGGGAAGACTGAATC-1,1,45,15,7525,35955.0,7525,3953.5076,High,2,7,0,2,3,6,2,4,5094.578490905798,0.45056120886630463,-0.36229535937309265,0.049128386386187085,-0.13249512016773224,0.4852047457322766,0.1443037986755371,0.4467795225607919,-0.22502362728118896,0.23187543134363162,-0.1839243322610855,0.33059164974906774,0.24234679341316223,0.19693908039890456,0.093497954,0.05061076,0.2909617,0.115250215,0.05379865,0.0,0.39588076,0.31193754,0.41538668,2.2650895,2.7170503,0.20001319,0.51982903,0.116644606,1.4987698,0.8452689,2.8050394,0.12270936,0.32917187,Medullary_cords,238.76766950322232
GTGGGCTTAGACACAC-1,1,29,39,4986,14292.0,4986,4109.0537,Low,1,11,4,6,1,6,7,5,3540.5543351288934,0.6931471805599453,0.178009033203125,0.34664721395918996,0.07384614646434784,0.6981525008690298,-0.27928072214126587,0.13501687248796052,0.2151140570640564,0.2536242528646987,-0.4205058813095093,0.020679604726758515,0.0748022198677063,0.6944297957106097,0.033987246,0.068634644,0.05708439,0.05436263,0.10599715,0.2788156,0.40111828,0.3205787,0.46855307,2.2286077,2.949871,0.24201329,0.5502359,0.4497072,1.8594542,1.1070341,2.0107868,0.13261178,0.65486246,Medullary_cords,0.0
GTGGTATAGTCTGCCG-1,1,57,41,5265,18997.0,5265,3675.6294,Medium-Low,2,2,5,2,5,0,2,4,3955.951971397024,0.45056120886630463,0.3424168825149536,0.06399082735248383,0.06717320531606674,0.7243224060450767,-0.15251727402210236,0.42105121975052345,0.08372814208269119,0.6600202528397037,-0.2490600049495697,0.1844358212279779,0.2061471939086914,0.27442516638215203,0.05340757,0.0,0.2707065,0.2279489,0.2539785,0.19395852,0.0,0.2838689,0.7321782,2.2025342,2.6990697,0.22416256,0.35685098,0.26431954,1.1552994,1.1870202,2.926315,0.39125654,0.380705,Medullary_cords,240.00208332429116
GTGGTCAGCGAAGTAT-1,1,8,92,7110,29445.0,7110,4405.0454,High,4,12,1,4,6,3,4,7,3603.904133020189,1.2424533248940002,-0.3238151967525482,0.08087565559010741,-0.17071236670017242,0.36708597817246635,-0.07245095074176788,0.7035973556936754,0.1330094188451767,0.48349680390269034,-0.35419556498527527,0.05481324561551666,-0.39128074049949646,0.032504823984696604,0.170736,0.0,0.25921872,0.16712317,0.041726917,0.0,0.36119518,0.20268,0.63670385,2.1785848,2.7268436,0.2475316,0.66661376,0.84147847,2.066876,0.8390589,2.1521711,0.12958421,0.22150949,Medullary_cords,0.0
GTGGTGGCCAAGTGAA-1,1,45,79,5845,18045.0,5845,4328.7065,Medium-Low,1,2,4,6,0,4,1,3,1042.2518889404807,0.8675632284814612,0.19469298422336578,0.30255352256408913,-0.3596711754798889,0.050916484793176287,0.12495753169059753,0.5105864457219342,-0.6731328368186951,4.5806964040807606e-05,0.12429714947938919,0.5128409886488677,-0.10414711385965347,0.5839037085531797,0.078152664,0.071878016,0.11269373,0.12464306,0.035077766,0.17711784,0.4004369,0.055117715,0.4371505,2.3379138,2.9385238,0.16535315,0.541002,0.4361172,1.9695013,1.0559714,2.3294184,0.22047086,0.36101872,Medullary_cords,0.0
GTGGTTACTTCTTTCG-1,1,31,105,6587,22081.0,6587,4547.826,Medium-High,4,0,1,4,0,4,4,7,1439.2723856171215,1.2424533248940002,-0.3639259934425354,0.04804261413242868,-0.39288878440856934,0.03173647553180691,-0.006103143095970154,0.9744655958448756,-0.06312695890665054,0.7403427835651732,-0.19383487105369568,0.304731219312956,0.03315170109272003,0.8619351817931032,0.15599567,0.0022926182,0.11227858,0.22217068,0.23847055,0.26879188,0.0,0.19457743,0.49631664,2.1404808,2.8113246,0.12730315,0.44438863,0.8261148,2.0220842,0.71238804,1.9311624,0.093386605,0.18677321,B_cell_zone,0.0
GTGGTTTCCGCCTTTC-1,1,42,32,4524,12995.0,4524,3916.6174,Low,3,9,2,0,3,6,5,6,3884.8985829748503,0.6365141682948128,-0.1931779533624649,0.3064049554586221,-0.16706335544586182,0.3775678231226096,-0.3153539299964905,0.08960316946514627,0.044469963759183884,0.8154993475406457,0.08220907300710678,0.6658308370787311,0.3187055289745331,0.08606425461535577,0.006190216,0.08671951,0.09433822,0.29328707,0.0790512,0.36699733,0.073416494,0.30311596,0.8533759,1.51035,2.3299575,0.0,0.2660388,0.25915194,0.7129189,1.5234053,1.9617177,0.0,0.34553593,Medullary_cords,414.40318531594323
GTGTACCTTGGCTACG-1,1,26,78,4949,13386.0,4949,4226.799,Low,5,3,0,1,4,2,1,3,1593.138098219988,1.0114042647073518,-0.1719258725643158,0.36363853497181864,-0.1396719515323639,0.46165274963127295,0.19308798015117645,0.3066346422997722,-0.14950571954250336,0.4303878507210774,-0.03297083079814911,0.8626813469569253,-0.1562945395708084,0.40950118758005377,0.09054427,0.21521941,0.16822506,0.09648684,0.33006188,0.01637366,0.08308887,0.06974501,0.51975596,2.1965237,2.7760108,0.06974501,0.7576498,0.5149804,1.6229622,0.6966504,2.1280828,0.13949002,0.28898987,Medullary_cords,138.42326394071193
GTGTATATCAGCGGGC-1,1,58,76,5055,13635.0,5055,4269.527,Low,0,6,0,1,2,1,1,1,2534.325156723186,1.3296613488547582,-0.42707177996635437,0.018583582392444977,0.1852625012397766,0.32702369808905957,0.20369182527065277,0.28030761120141967,-0.024977579712867737,0.8957635603567309,0.0026896707713603973,0.9887454591979689,0.10235271602869034,0.5904357532918394,0.13988665,0.0,0.24829488,0.23408394,0.37773457,0.0,0.0,0.2795825,0.65446997,2.1504283,3.0106947,0.2062949,0.40674636,0.4204686,2.1612544,1.0945297,2.3493285,0.27505985,0.19387834,Medullary_cords,0.0
GTGTATGACTTTAAAG-1,1,5,41,6500,22397.0,6500,4400.4336,Medium-High,3,8,2,0,1,5,5,6,5108.135667736322,0.0,-0.1673680543899536,0.3766859610968241,-0.16911935806274414,0.37164065665014995,-0.038898665457963943,0.8382904872128251,-0.15318483114242554,0.41899694134947685,0.1341232806444168,0.4798083651529143,0.03644184395670891,0.8483829169973461,0.047654428,2.9027397e-05,0.12044119,0.43959698,0.099552296,0.01653303,0.27619308,0.092284694,0.9293357,1.3976175,2.6110132,0.21819586,0.79139364,0.48613638,0.92526555,1.5782782,1.7462801,0.092284694,0.3543706,Medullary_cords,551.9601434886399
GTGTCAGTGTACGTGG-1,1,68,42,7307,29478.0,7307,4460.107,High,1,4,0,3,5,0,6,3,4789.589230821365,0.45056120886630463,-0.45754262804985046,0.011014699054801525,-0.22028830647468567,0.24210653549114824,-0.019171463325619698,0.9199048535582264,0.1538037657737732,0.4170972790919297,0.07454962283372879,0.6954126710887301,0.04918846860527992,0.7963108057003905,0.0,0.05562213,0.11938575,0.12460339,0.09967698,0.2568481,0.3438636,0.5820245,0.68093747,1.8125658,2.9908519,0.28979686,0.66101986,0.33196676,1.4080539,1.2672836,2.0789227,0.6259454,0.86589974,Medullary_cords,365.57078657901536
GTGTCCGATAAGGCAT-1,1,4,98,6271,22066.0,6271,4288.97,Medium-High,1,12,3,6,6,3,7,5,4130.195758072491,0.9556998911125343,0.22099775075912476,0.2405549099587786,0.4528280794620514,0.011979247583631428,-0.23510627448558807,0.21106879782294072,-0.1977621614933014,0.2948449506541577,-0.172584667801857,0.3617750122059634,-0.04249880835413933,0.8235471189366069,0.05796594,0.0019387341,0.079057716,0.13686842,0.29407114,0.0,0.4300981,0.27532986,0.5606963,2.061133,2.8890755,0.12737894,0.75200135,0.688493,1.5180398,0.9387175,2.0871618,0.25475788,0.460661,Medullary_cords,276.3494165001982
GTGTCGTATAGCGTTC-1,1,54,76,3934,11871.0,3934,3395.6965,Low,2,6,5,2,2,1,2,4,2087.2474697553234,0.0,-0.19100923836231232,0.31197133534536836,0.06723421066999435,0.7240817182902413,-0.32598111033439636,0.07875015516733705,-0.177806556224823,0.3472049537858542,0.28709104657173157,0.1239914555846915,-0.07078680396080017,0.7101106287757547,0.04404525,0.0,0.4585483,0.020092944,0.2782996,0.0,0.19901392,0.20636913,0.42315394,1.8805935,2.4909048,0.15276578,0.5053642,0.19983265,1.1171957,0.7159081,2.9770727,0.15276578,0.40197292,Medullary_cords,238.40302011509837
GTGTCGTATTCACCTT-1,1,9,117,6770,26520.0,6770,4324.1494,High,5,12,4,1,4,3,1,1,4006.0738884848342,0.0,0.1229923814535141,0.5173098296252824,0.279086172580719,0.13530035163175508,-0.2290155291557312,0.22347920076820885,-0.020686641335487366,0.9135972835924648,-0.36583927273750305,0.04679302617774556,-0.0010010041296482086,0.9958113289574243,0.1258042,0.17072329,0.012519417,0.11802065,0.2641989,0.0,0.30873352,0.23022833,0.3874997,2.3935506,2.950286,0.07999022,0.6111363,0.2980477,2.0825741,0.97037184,2.1887476,0.28099158,0.3365893,Medullary_cords,0.0
GTGTGAATAACTTAGG-1,1,33,83,5404,15360.0,5404,4335.641,Low,5,0,7,1,4,2,1,3,690.3832269109672,1.2424533248940002,-0.027853311970829964,0.8838389006520374,0.22809284925460815,0.22540136333777902,0.09868178516626358,0.6038968254403552,0.2431010603904724,0.195505760448557,-0.09970329701900482,0.6001379320789637,-0.13212336599826813,0.4864412294119923,0.11058053,0.00034949364,0.08688037,0.16053402,0.021683255,0.0,0.6199724,0.26244214,0.63735616,2.1975307,2.843373,0.0,0.61499506,0.35496488,1.7091659,1.1111281,1.965332,0.54230857,0.08357629,Medullary_cords,138.42326394071193
GTGTGAGCCGAGGTGC-1,1,1,33,6770,28598.0,6770,4296.377,High,4,8,1,4,1,5,4,7,5828.489770086244,0.0,-0.6546071767807007,8.689474044304717e-05,-0.3076425790786743,0.098165018526072,0.12843015789985657,0.49881205187616307,0.25300729274749756,0.1773489794599654,-0.35919082164764404,0.051249300628886676,-0.027452105656266212,0.8855011305757708,0.24125761,0.2037712,0.082342744,0.30438638,0.1682421,0.0,0.0,0.03748296,0.547441,2.0569687,2.4923186,0.03748296,0.45823967,0.9812857,1.9433229,0.9099598,1.8664851,0.0,0.09995456,B_cell_zone,0.0
GTGTTACTATGCGTCC-1,1,41,75,3901,9634.0,3901,3919.663,Low,5,2,4,1,0,4,1,1,964.5102384111846,0.6931471805599453,-0.09331779181957245,0.6237965433562048,-0.2747773230075836,0.1416906879872156,0.10334029048681259,0.5868368059155642,0.16167163848876953,0.39337065204023086,-0.3331303894519806,0.07203808749955738,-0.17096468806266785,0.3663675789884036,0.1808501,0.0,0.055531245,0.19462685,0.53257436,0.005063052,0.031354345,0.14045298,0.40790847,2.4332523,3.0315943,0.17799106,0.38769728,0.17799106,2.0856178,0.9888737,2.1690211,0.17799106,0.42459208,Medullary_cords,0.0
GTTAAAGTAGGACTGG-1,1,49,83,5277,15292.0,5277,4154.855,Low,2,10,0,2,0,4,2,4,1362.3663237176702,0.45056120886630463,-0.0977674275636673,0.6072698710029234,-0.16699320077896118,0.377771035485168,0.29542097449302673,0.11297986952385623,-0.15105795860290527,0.42556138208246963,0.10165125876665115,0.592997841655813,-0.0977475717663765,0.6073432067326536,0.06466656,0.08876596,0.19739684,0.068749994,0.14762199,0.23780468,0.194994,0.24434675,0.5213147,2.224614,2.8437672,0.2515921,0.366072,0.397785,1.5972931,0.8168474,2.680451,0.20909089,0.44651592,Medullary_cords,137.55726080436466
GTTAACATCACTTAAA-1,1,55,73,6187,19954.0,6187,4393.8774,Medium-Low,5,6,0,1,2,7,0,3,2283.035260349695,0.6931471805599453,-0.00943122711032629,0.9605503549280829,0.10310795158147812,0.5876826374301363,-0.11313454806804657,0.5516768897465457,-0.04020395502448082,0.832938566806389,-0.0053619155660271645,0.9775659265254633,-0.30826547741889954,0.0974513175800077,0.12871289,0.00075652066,0.11009229,0.12725137,0.25426698,0.028538682,0.3503813,0.36689833,0.513868,2.2980566,2.953609,0.1883457,0.5912667,0.1883457,1.8268464,0.8558433,2.1688313,0.0,0.4974246,Medullary_cords,0.0
GTTAACTATGTTGTCA-1,1,43,111,5694,19558.0,5694,3897.102,Medium-Low,2,10,5,2,0,4,2,4,1693.0002953337014,0.0,-0.2940669357776642,0.11471836588726239,0.14600515365600586,0.44138182116261515,-0.1615588665008545,0.3937051683324167,-0.05072272568941116,0.7900959329352093,-0.1823512613773346,0.33481623475295674,0.15180400013923645,0.4232523432565373,0.048622813,0.0027193755,0.3254811,0.13567515,0.008331297,0.0,0.47917023,0.3295543,0.7368889,2.273337,2.5239236,0.15487024,0.5763971,0.16784719,1.2960314,1.0241748,2.7139864,0.27840012,0.2723666,Medullary_cords,365.65831044842946
GTTAAGGGTGCGATGT-1,1,61,71,6384,20072.0,6384,4512.2603,Medium-Low,1,6,0,3,2,1,7,3,2993.181083730151,0.8675632284814612,-0.13265320658683777,0.4846794258050152,-0.07539544999599457,0.6921234008746605,0.2260459065437317,0.22970537863060703,0.09430909156799316,0.6200987874874548,-0.22269810736179352,0.23686306137672605,0.22896143794059753,0.22359157890509734,0.057381827,0.00053894264,0.029737588,0.22200334,0.16977891,0.0,0.5205594,0.4211676,0.7407221,2.0488095,2.8191237,0.5371824,0.43872193,0.1648064,1.2600908,1.245164,2.025076,0.17284422,0.595827,Medullary_cords,239.26763257908496
GTTAAGTTAGAGTGGG-1,1,36,116,5558,16024.0,5558,4351.642,Medium-Low,1,0,0,3,0,4,0,3,1942.3864188157825,0.9743147528693494,0.11877620220184326,0.5318793270714706,-0.18821291625499725,0.31924091849384006,0.09003239125013351,0.6361155770842245,-0.2774736285209656,0.1376667458335375,0.042354509234428406,0.8241369588732287,-0.03688102215528488,0.8465770343867173,0.058682594,0.0039127977,0.1349601,0.15939817,0.0,0.020444246,0.62260205,0.2922556,0.71703213,2.1427116,2.6806233,0.2937631,0.58148116,0.50560665,1.5142096,1.2389504,1.8888533,0.20252445,0.5876803,Medullary_cords,138.42326394071193
GTTAATGTCTATCTTA-1,1,30,12,6104,22483.0,6104,4169.3394,Medium-High,5,7,7,1,3,6,1,1,5318.625856365533,1.3321790402101223,-0.36899733543395996,0.04478711339996557,-0.010866658762097359,0.9545518604140868,0.2800922691822052,0.1338390409244341,0.044804155826568604,0.8141367173437962,-0.3162234127521515,0.08867463688883791,-0.47142618894577026,0.00854451210360939,0.15570047,0.23966181,0.043193318,0.19534072,0.3460312,0.020072527,0.0,0.18552089,0.44401324,2.315752,3.0338075,0.0459981,0.5768356,0.36610192,1.9949987,0.8483568,1.8746538,0.1839924,0.24532321,B_cell_zone,0.0
GTTACAATTGGTGACG-1,1,37,33,4131,12265.0,4131,3639.9348,Low,1,7,6,5,3,6,3,5,3787.5976555067195,1.2424533248940002,-0.10409505665302277,0.5840927605963715,0.08723099529743195,0.6466956191516262,0.13205476105213165,0.48666959072079186,0.06081201881170273,0.7495569655412652,-0.26039448380470276,0.1646056586864421,0.26256173849105835,0.16099393755992553,0.04621619,0.0,0.03731556,0.27900112,0.38604057,0.25142667,0.0,0.4068906,0.5194767,1.7906563,2.707299,0.22359982,0.40479696,0.511779,1.0568012,1.2111955,1.9963957,0.0,0.45933867,Medullary_cords,364.00137362378183
GTTACCTACAACTTGC-1,1,47,67,4388,10849.0,4388,4050.2202,Low,2,2,5,3,0,7,6,3,1803.6000110889331,0.45056120886630463,-0.2732159495353699,0.1440595519864581,-0.04329712688922882,0.820285607011756,-0.020059911534190178,0.916205709657814,-0.01394493505358696,0.9416967312489575,0.049548160284757614,0.7948526777838725,-0.11023940145969391,0.5619675008334071,0.0,0.09732312,0.37709242,0.0512213,0.0017164551,0.003780316,0.4688664,0.31624445,0.6822854,2.111247,2.9057302,0.21230906,0.5062833,0.32666075,1.5027692,0.6750444,2.5700731,0.80064476,0.65267146,Medullary_cords,240.0
GTTACGAAATCCACGC-1,1,3,33,5616,18120.0,5616,4199.7495,Medium-Low,3,8,2,0,1,5,5,6,5648.637446322786,0.6365141682948128,-0.7321294546127319,4.257814102796615e-06,-0.10028430819511414,0.598004439021914,0.349170446395874,0.058592710570365386,-0.0008417833596467972,0.9964775789017409,-0.4042695462703705,0.026709332263621783,0.11923439800739288,0.530286516884999,0.085852444,0.0014489258,0.0627561,0.48938197,0.24573621,0.0,0.114824355,0.29942697,0.8773888,1.7707314,2.56754,0.0,0.65653414,0.51084745,1.3275932,1.5670565,1.8800557,0.10986619,0.073244125,Medullary_cords,137.55726080436466
GTTACGGCCCGACTGC-1,1,3,39,4765,13511.0,4765,4052.0994,Low,3,8,2,0,1,5,5,6,5380.571066346025,0.45056120886630463,-0.6378384828567505,0.00014965025523879948,-0.23473671078681946,0.2118080986080471,0.20454226434230804,0.27826108035928354,0.1373414695262909,0.46923370710048423,-0.20336543023586273,0.2810956208926722,-0.15676668286323547,0.40807012045018487,0.041127156,0.0,0.16646613,0.46633744,0.1281996,0.039136298,0.15873338,0.32899627,1.0637219,1.5739722,2.2669384,0.0,0.54741436,0.069249466,1.0774316,1.6771388,1.8452463,0.13849893,0.6245436,Medullary_cords,275.98007174431996
GTTACTTTGGGCCTAG-1,1,43,51,4837,13801.0,4837,4066.2456,Low,5,9,3,1,3,7,7,1,2615.922399460657,0.6931471805599453,0.07903599739074707,0.6780291856939489,-0.03060668334364891,0.8724448603735844,0.08383151888847351,0.6596255254733755,0.13672229647636414,0.4712587318276224,-0.3132695257663727,0.09185924832746117,-0.05144082009792328,0.7871914260777115,0.11231661,0.12065728,0.079925075,0.18558161,0.11374587,0.0,0.38777357,0.22393733,0.696549,2.0720747,3.072342,0.27249327,0.5726717,0.3063155,1.8221915,1.2388911,1.9350001,0.0,0.33095375,Medullary_cords,0.0
GTTAGAGTGTGCCGCT-1,1,7,75,6566,24003.0,6566,4316.254,Medium-High,1,5,3,3,6,3,0,5,3819.5205196464126,0.8675632284814613,-0.5221142172813416,0.0030817144202911423,-0.06751599907875061,0.7229702980122196,-0.4483563303947449,0.012958516785131961,-0.06236317753791809,0.7433790501871432,0.0959814265370369,0.6138811954560809,0.3340500593185425,0.07120784676481907,0.032453347,0.0615726,0.15108113,0.066362105,0.2998218,0.028664943,0.36004412,0.31942987,0.5559154,1.9788923,2.9640374,0.17414722,0.4878708,0.365565,1.3560152,0.83827597,2.165811,0.32567644,0.82821333,Medullary_cords,277.34635386101615
GTTAGCCCATGACATC-1,1,67,75,5228,15490.0,5228,4114.8623,Low,2,6,0,3,2,1,0,3,3587.1398077019526,1.0114042647073518,0.31730738282203674,0.08752733435556194,-0.32120606303215027,0.08349423972864953,-0.17562012374401093,0.3532619964914712,0.19245368242263794,0.3082569586597157,-0.06811846047639847,0.7205959450136548,0.17270788550376892,0.36142709758195124,0.052597523,0.002816825,0.01177546,0.23478928,0.30005687,0.038817715,0.35914627,0.32910496,0.54715055,2.115261,2.6533227,0.46649072,0.41498005,0.25920844,1.5141674,1.1760037,2.0222373,0.0,0.75998956,Medullary_cords,238.40302011509837
GTTAGCCGTAAATCAA-1,1,30,110,7472,30705.0,7472,4518.145,High,5,0,7,1,0,4,1,1,1792.0903995055608,1.0114042647073518,-0.41373711824417114,0.023040430849537344,-0.2692464590072632,0.15021090095293524,0.20320886373519897,0.28147412049966913,-0.006058099679648876,0.9746539888785988,-0.2731558382511139,0.14415132086722948,0.15456943213939667,0.4147539170860571,0.10045199,0.057926033,0.10649012,0.15482426,0.06924184,0.15440603,0.35665974,0.4014023,0.5739174,2.1604037,2.9239848,0.20998868,0.5509324,0.428992,1.7009352,1.016176,1.9439944,0.14096671,0.29779485,Medullary_cords,137.55726080436466
GTTAGGCTACCCGTTT-1,1,54,14,7095,30417.0,7095,4142.098,High,2,7,0,2,5,0,2,4,5442.33056695383,0.6365141682948128,-0.11575981229543686,0.5424219300385511,-0.12552033364772797,0.5086689150324384,-0.20453855395317078,0.27826998825625393,0.11715837568044662,0.5375215811929631,0.2984773814678192,0.10912787517128635,0.26996198296546936,0.14908833299842206,0.041579694,0.06345473,0.35396042,0.2226794,0.2657515,0.0,0.05257421,0.27860042,0.71899426,2.0241752,2.7541027,0.33982033,0.46889624,0.26178774,1.2215742,1.1186404,2.6554124,0.28093386,0.30167282,Medullary_cords,414.77222664976017
GTTATAATACGGTGAA-1,1,53,107,6740,24662.0,6740,4364.7856,Medium-High,3,10,0,0,0,4,0,3,2223.1520415842006,1.549826045878202,-0.24010956287384033,0.20123316785718337,-0.28888991475105286,0.12154901815714292,0.14718176424503326,0.43766967334483603,-0.025719430297613144,0.8926851282149528,-0.23406921327114105,0.2131478851417503,-0.07542277872562408,0.692017215455407,0.041649483,0.004355414,0.17864424,0.27270815,0.2853537,0.03618934,0.18109964,0.46440738,0.70498616,1.9307246,2.7697759,0.18458895,0.51692164,0.5920172,1.3785698,1.1669232,2.526238,0.2969388,0.54379857,Medullary_cords,138.0
GTTATATCAGGAGCCA-1,1,23,115,6804,25766.0,6804,4372.6924,High,3,0,2,0,4,2,5,6,2585.4643683485565,0.7356219397587946,-0.49447986483573914,0.005475640470995498,0.05048852786421776,0.7910438012176743,0.1849214881658554,0.3279306864710189,-0.17433568835258484,0.3568495052716561,-0.3390842378139496,0.06679377410401312,-0.11695651710033417,0.5382275620132162,0.060438845,0.0,0.147597,0.41425812,0.34026235,0.037443772,0.0,0.17582609,1.006717,1.7423195,2.6855102,0.1948013,0.6870237,0.57507616,1.0198969,1.3790685,2.2492554,0.081990905,0.33953473,Medullary_cords,364.6601157242179
GTTATATTATCTCCCT-1,1,48,56,4438,11048.0,4438,4083.2217,Low,2,2,0,3,3,7,0,3,2507.430756770763,0.6365141682948128,-0.0187224131077528,0.9217751478502884,-0.10792481899261475,0.5702570527082947,-0.31788936257362366,0.08691603942753547,-0.22384178638458252,0.2344012884382694,0.16774649918079376,0.37559233714839596,0.046317074447870255,0.8079746676737102,0.023999633,0.0,0.28545418,0.19181548,0.18442135,0.0,0.31430933,0.30917466,0.47131932,1.7979925,2.6893332,0.16114978,0.8807361,0.2903177,1.022177,1.0217094,2.559682,0.41948563,0.3870903,Medullary_cords,476.6686480145301
GTTATCAAGCTATCGA-1,1,71,103,6076,20779.0,6076,4308.1997,Medium-High,1,13,5,5,7,1,3,5,4085.127170603138,0.6931471805599453,0.20895801484584808,0.26778971791341016,0.3339446485042572,0.0713026295458533,-0.2214847356081009,0.23949366650622086,0.00015333062037825584,0.9993583900068457,-0.47042426466941833,0.008705532233980965,-0.2009618878364563,0.2869421813767743,0.0,0.03466479,0.025270425,0.07439542,0.5462349,0.0,0.31943443,0.18329756,0.23717137,1.6172802,2.1252253,0.20994478,0.5393503,0.3573019,1.0052589,0.5515938,2.1993203,0.4198896,0.47209176,Medullary_cords,601.4000332557357
GTTATCACCTTCTGAA-1,1,6,58,5547,16943.0,5547,4239.635,Medium-Low,5,8,7,1,6,5,1,1,4353.740920174281,1.5607104090414063,-0.24323688447475433,0.19524842640747292,-0.039088647812604904,0.8375110799005249,-0.16051313281059265,0.39681488149677047,-0.027728712186217308,0.8843550761311726,-0.18776114284992218,0.320425141709019,0.07265514880418777,0.7027995519959437,0.1402021,0.13296255,0.040038586,0.2706607,0.40965438,0.006481567,0.0,0.1515245,0.9118107,2.317079,2.8106759,0.21340735,0.496216,0.27139097,2.016048,1.2786782,1.8898436,0.115967184,0.28454316,B_cell_zone,0.0
GTTATTAAATACGACC-1,1,3,85,6294,23970.0,6294,3990.9211,Medium-High,2,12,7,2,6,3,2,4,4196.562521874302,1.3296613488547582,0.12374047935009003,0.5147452597017012,-0.0973074659705162,0.6089696589531648,-0.27711164951324463,0.13820206557625114,0.23422634601593018,0.21283197263566836,-0.04412009194493294,0.8169264754422441,-0.11918219923973083,0.5304678580017376,0.08724578,0.0,0.34109896,0.09684799,0.11721115,0.006155057,0.3514411,0.3579174,0.40276474,2.1272676,2.6170664,0.04358741,0.63614684,0.29377988,1.4614395,0.81318337,2.5933878,0.08717482,0.36585808,Medullary_cords,237.9012400135821
GTTATTAACGTGGGAG-1,1,22,18,6839,25880.0,6839,4292.642,High,1,11,0,3,1,6,0,3,5185.223717449422,0.6931471805599453,-0.4594802260398865,0.010637642307788645,-0.09458932280540466,0.6190551051691281,0.2852400243282318,0.12654229343805976,-0.08181452751159668,0.6673431356554839,-0.526412844657898,0.0028059020870512827,0.1719772219657898,0.36349308020982674,0.04058109,0.14650524,0.16740978,0.21708961,0.23155361,0.033512704,0.16334803,0.44087008,0.6966324,1.9517219,2.8682356,0.21614948,0.57733315,0.39701313,1.6069112,1.1330884,2.3995118,0.08168278,0.5825963,Medullary_cords,138.42326394071193
GTTCAATCTATGTCAA-1,1,4,84,5711,19758.0,5711,4036.6814,Medium-Low,2,5,0,2,6,3,2,4,4081.961415790208,1.2424533248940002,-0.02478233352303505,0.8965740153490789,-0.02072819136083126,0.913424384732693,-0.26422762870788574,0.15825646119208656,0.40969476103782654,0.02455280846980217,-0.07824348658323288,0.6810884980544932,-0.01979326829314232,0.9173157291082337,0.05372502,0.085981645,0.2776698,0.3001265,0.051971205,0.017316325,0.21320954,0.39269292,0.6769659,2.0068471,2.5617814,0.0,0.6878832,0.32804054,1.2515626,0.95683676,2.660356,0.0,0.5054789,Medullary_cords,275.0
GTTCACAGGAGTCTAG-1,1,32,34,4850,15621.0,4850,3859.814,Low,3,7,2,5,3,6,3,6,3785.979661857681,0.45056120886630463,0.10499465465545654,0.5808295584289754,-0.06061390042304993,0.7503471303980908,-0.04960901290178299,0.7946060586347186,0.38723134994506836,0.03450653302631573,-0.2092554122209549,0.2670938093396346,-0.12073015421628952,0.525102865466569,0.15471226,0.0,0.01546775,0.6441748,0.020236108,0.0,0.16540912,0.16489702,0.9416437,1.8097968,2.7958095,0.18555793,0.44455665,0.42257655,1.2141836,1.5586342,1.8243575,0.37111586,0.08247019,Medullary_cords,238.76766950322232
GTTCAGTCGCCAAATG-1,1,70,60,6970,25842.0,6970,4424.4204,High,3,4,0,0,2,1,0,3,4290.567328454362,1.0114042647073518,-0.3189316987991333,0.08582934602434132,-0.237996444106102,0.20534791343114814,-0.14562463760375977,0.4425859672201256,-0.028138183057308197,0.8826589498890414,-0.07587860524654388,0.6902469526936307,0.3877517580986023,0.03424384611368535,0.015576468,0.05822958,0.19472812,0.25289696,0.260963,0.021642333,0.19596347,0.37600118,0.8267367,1.7836521,2.8064725,0.23959783,0.5451554,0.2967568,1.2657566,1.157239,2.1444166,0.49953532,0.4614548,Medullary_cords,600.204131941792
GTTCATCGTTTGGCTG-1,1,33,105,6121,21084.0,6121,4398.697,Medium-High,4,0,1,4,0,4,4,7,1314.443608527958,0.45056120886630463,-0.6953189373016357,2.0012514407764304e-05,-0.22905795276165009,0.22339108959740073,0.5953254103660583,0.0005196536200202722,0.045270148664712906,0.8122375724599517,-0.6316125988960266,0.00018164960266317233,0.03337819129228592,0.8610009798334889,0.14377461,0.09295802,0.0068016234,0.19442041,0.22606097,0.2658819,0.0701025,0.14557275,0.53559315,2.1246114,2.4867055,0.22896367,0.5128015,0.73991716,1.9741054,1.0325234,1.809304,0.0,0.3699839,B_cell_zone,0.0
GTTCCAAGACAGCGAC-1,1,4,26,7254,30121.0,7254,4369.042,High,3,8,2,0,1,5,0,6,5899.248087680327,0.45056120886630463,-0.43871089816093445,0.015299970283013628,-0.3317168056964874,0.07332879760851348,0.08592332899570465,0.6516576589238134,-0.07852159440517426,0.6800143565888247,-0.26361221075057983,0.15926383973034947,0.06282030791044235,0.7415613593909108,0.045555267,0.06589209,0.14119811,0.37687492,0.32990244,0.0,0.04057717,0.3202943,0.7748238,1.6569672,2.607648,0.09948954,0.6437006,0.37439802,1.1035258,1.183887,2.229317,0.21501416,0.36905104,Medullary_cords,237.9012400135821
GTTCCAGTCTGACCAT-1,1,17,53,6238,21043.0,6238,4397.3833,Medium-High,5,8,4,1,1,5,1,1,3482.4281758566103,1.5607104090414068,-0.06479988992214203,0.7337057679095489,-0.20763204991817474,0.27090679156296876,-0.203197181224823,0.2815023760743864,-0.3833339512348175,0.03652594105641895,-0.45662710070610046,0.01119672554815003,0.37546470761299133,0.0408931886978671,0.116605446,0.101161666,0.18703862,0.14290954,0.011508511,0.029141827,0.41163436,0.1807146,0.6710097,2.2773001,2.845263,0.21562147,0.67565805,0.4732135,1.6419326,1.0146605,1.8915695,0.29161555,0.32383746,Medullary_cords,137.55726080436466
GTTCCGTCCGCCTGCA-1,1,70,42,6108,20912.0,6108,4261.6924,Medium-High,5,4,0,1,5,0,1,1,4971.914118325054,1.0114042647073518,-0.5006779432296753,0.004832932725879188,-0.408180296421051,0.025139936674755087,-0.1216839849948883,0.5218101493451909,0.28925082087516785,0.12106330625737896,0.015502115711569786,0.9351990846218383,0.13209229707717896,0.48654463994510133,0.057380885,0.0058046244,0.10183127,0.27582124,0.10242016,0.1996707,0.25707102,0.18250276,0.6537771,2.055869,2.838397,0.09771306,0.49523625,0.4753382,1.6116338,1.523705,1.8349985,0.2931392,0.43716303,Medullary_cords,603.0762804156701
GTTCGACAATTGTATA-1,1,69,27,7166,28001.0,7166,4469.2827,High,3,1,7,1,5,0,5,6,5605.735990929291,1.0114042647073518,-0.6465871334075928,0.0001131531273153474,0.05405649170279503,0.7766356173466231,0.17717114090919495,0.3489587602834716,0.12109765410423279,0.5238330309843467,-0.005340405739843845,0.9776559006234639,0.08085417002439499,0.6710295320539065,0.08214741,0.07417778,0.0004488957,0.33678925,0.38714254,0.0,0.11929406,0.3484741,0.7017318,1.942876,2.7130895,0.24372762,0.71195626,0.6203611,1.359882,1.1838125,1.80963,0.0,0.10179701,Medullary_cords,137.55726080436466
GTTCGCCATAAGTGCC-1,1,37,53,4562,13687.0,4562,3806.0227,Low,1,9,3,5,3,7,3,5,2411.695876349255,0.45056120886630463,0.10452672839164734,0.5825259075907646,0.023731311783194542,0.9009384752879426,0.16802769899368286,0.3747809319245205,0.10444281250238419,0.5828303545721459,0.17169666290283203,0.36428822472589456,0.2266129106283188,0.22850767181087575,0.07882377,0.0,0.036852762,0.09762501,0.30715156,0.0,0.47954696,0.3293266,0.3509316,2.1926265,2.8138373,0.27425537,0.36230493,0.2497163,1.5952306,0.9062508,2.3498573,0.22517723,0.28486085,Medullary_cords,137.92751719653333
GTTCGCTGAGACGTCT-1,1,53,109,6900,25362.0,6900,4376.0483,High,1,10,0,3,0,4,6,3,2305.9377701924222,1.0042424730540764,-0.15327070653438568,0.4187330816365799,-0.17095308005809784,0.36640061062903784,0.14301477372646332,0.4508925867944521,-0.09373059868812561,0.6222555914156277,-0.10332510620355606,0.5868920681260759,-0.15615054965019226,0.4099381820263217,0.028165894,0.0010412176,0.22290236,0.09551202,0.16125141,0.14818624,0.34294087,0.52292883,0.49198246,1.9768088,2.6951156,0.1557743,0.4090475,0.2844841,1.4182783,1.2686714,2.4717705,0.6231809,0.6991486,Medullary_cords,138.0
GTTCGGAGCACTCAAC-1,1,64,114,5747,19970.0,5747,4020.3245,Medium-Low,1,13,3,5,7,1,3,5,3592.339627596478,0.7356219397587946,-0.08632752299308777,0.6501223437489443,0.11225923895835876,0.5547788689031643,0.16073359549045563,0.39615812594244804,0.1137017160654068,0.5496712328909761,-0.3337622880935669,0.07146683420773219,0.33624711632728577,0.0692544369742699,0.09155756,0.1524844,0.09294491,0.17638928,0.40554845,0.0,0.08107543,0.25822952,0.55557615,2.1608586,2.6832135,0.15224342,0.38959676,0.3257242,1.6924211,1.0272506,2.482496,0.17348078,0.45991677,Medullary_cords,237.9012400135821
GTTCGGATCGGGAACA-1,1,44,110,5800,22546.0,5800,3710.9683,Medium-High,2,10,5,2,0,4,2,4,1676.1506495539118,0.0,-0.1765098124742508,0.3507897262625232,0.12738238275051117,0.5023502351386042,-0.26964429020881653,0.1495860039486057,-0.1821955293416977,0.3352362439571097,-0.04199783504009247,0.8255953096376895,0.2639753520488739,0.15866886022202806,0.105081245,0.004040671,0.5377628,0.11502277,0.073356844,0.029624796,0.13511081,0.31460986,0.35749757,2.3413737,2.444359,0.33520192,0.31041056,0.2977364,1.3200985,0.88265413,2.8946795,0.50561744,0.58650064,Medullary_cords,238.90793205751876
GTTCGGGCGTACCATT-1,1,32,108,5515,16250.0,5515,4319.1094,Medium-Low,0,0,7,1,0,4,1,0,1553.0321954164376,1.5607104090414068,-0.3716545104980469,0.0431529735696378,-0.3819791376590729,0.03724981021352052,0.005330700892955065,0.9776964954070445,0.0074012260884046555,0.9690370122699844,-0.2637973427772522,0.15896031591605314,-0.05454730987548828,0.7746591466817652,0.12560564,0.11989158,0.06923525,0.1677147,0.26566443,0.0,0.25188845,0.23561446,0.5164561,2.1933749,2.753919,0.0,0.49157265,0.740564,1.7563243,1.0945538,1.8373096,0.20058662,0.28688106,Medullary_cords,137.00364958642524
GTTCGTCTAAAGAACT-1,1,51,89,7139,32939.0,7139,3904.0767,High,2,10,0,2,0,4,2,4,1558.7103643717776,0.45056120886630463,-0.279915452003479,0.13409502064400997,0.16899697482585907,0.3719919353979365,0.2797834575176239,0.13428634331252662,0.11998019367456436,0.527698840482579,-0.2834455668926239,0.12905184014780943,-0.33174610137939453,0.07330186826849314,0.066758566,0.050044402,0.28341424,0.18430531,0.21058527,0.0,0.20489213,0.31848413,0.39235762,2.1688592,2.596208,0.25435168,0.62776196,0.35053432,1.2692189,0.8852546,2.974905,0.23726441,0.34409904,Medullary_cords,276.3494165001982
GTTCGTTGCGGACCAG-1,1,0,36,6435,25402.0,6435,4249.8926,High,4,8,1,4,1,5,4,7,5790.246022406993,0.0,-0.7761428952217102,4.6528169412569196e-07,-0.2348850518465042,0.21151113468827576,0.20866668224334717,0.26847257592637847,0.10874181985855103,0.5673247241974493,-0.3186713755130768,0.08609977031610472,-0.019915342330932617,0.9168075233441397,0.15859808,0.0,0.121610455,0.26875636,0.4171074,0.033927705,0.0,0.11821561,0.5481725,2.1282713,2.5197158,0.04149255,0.44385627,0.6747411,1.8167104,1.039757,2.007001,0.0,0.33739945,Medullary_cords,0.0
GTTCTTCCCTCGATGT-1,1,15,51,4701,13024.0,4701,4040.3025,Low,2,8,0,2,1,5,2,3,3750.9082900012363,1.0114042647073518,0.3944059908390045,0.031025086182082426,-0.27278968691825867,0.14471122060166877,-0.23913726210594177,0.20311935030450246,-0.42157214879989624,0.02032655973578546,-0.6425138115882874,0.0001290214969871471,0.09110406041145325,0.6320865415420578,0.08800846,0.0,0.30113733,0.24560098,0.0,0.0,0.3652532,0.14937723,0.5718986,2.043045,2.7388034,0.21366625,0.56953204,0.26568812,1.3706802,1.2621508,2.6778612,0.60768783,0.5441764,Medullary_cords,237.9012400135821
GTTCTTGTAACTCAAT-1,1,75,61,5567,17775.0,5567,4122.577,Medium-Low,1,4,3,3,2,1,7,5,4806.461588320456,1.0986122886681096,-0.350412517786026,0.05764004129224828,-0.23211483657360077,0.21710387277486484,-0.2284124791622162,0.22473423898435554,0.1937730759382248,0.3048884199034428,-0.11026058346033096,0.5618918935946008,0.1783515214920044,0.34570502938773917,0.07703876,0.0021608095,0.14531265,0.21887544,0.20893748,0.0,0.34767488,0.268919,0.55717796,2.0927405,2.8690224,0.16739395,0.42098993,0.16739395,1.658571,1.3214242,2.291469,0.22319195,0.43566757,Medullary_cords,365.0986168146902
GTTGAACCGGTTCCAT-1,1,42,40,4582,14009.0,4582,3801.5073,Low,5,9,3,5,3,6,3,1,3338.70903194633,1.0114042647073518,-0.263363242149353,0.15967267662740647,-0.41723981499671936,0.021792572670827133,0.14219070971012115,0.45353261542785317,0.14288319647312164,0.45131356425242086,-0.12033711373806,0.5264625971541792,0.1457052379846573,0.4423307585382894,0.1070089,0.12258011,0.0,0.15949515,0.3589809,0.0,0.25193495,0.38025016,0.61513865,2.2693496,2.8671806,0.0,0.45777455,0.13468963,1.9410102,1.0843217,1.6449741,0.0,0.23762095,B_cell_zone,0.0
GTTGAGTCCCGCCGGT-1,1,52,78,5591,21859.0,5591,3590.5823,Medium-High,2,6,5,2,0,4,2,4,1812.9801432999757,0.0,0.037266865372657776,0.8449910910277649,0.09865409880876541,0.6039988429245352,-0.31723204255104065,0.08760670864319386,-0.07871708273887634,0.6792596851078293,0.3789636194705963,0.03890243288137719,-0.06040949001908302,0.7511626495686342,0.09578907,0.00092745025,0.33964247,0.24959241,0.31404865,0.0,0.0,0.24293844,0.6299281,2.4046059,2.3469398,0.12830016,0.4191746,0.3507771,1.1849759,0.7876123,3.3452113,0.25660032,0.23385143,Medullary_cords,476.80604023019674
GTTGCACGGAGTTTCG-1,1,24,48,5570,16327.0,5570,4330.6543,Medium-Low,5,3,4,1,1,2,1,1,3223.3443812289124,0.6365141682948128,-0.1548730581998825,0.41382669509039216,-0.30968841910362244,0.09583565775814765,-0.10467730462551117,0.5819797927714554,-0.3542405962944031,0.05478026754759856,-0.007854253053665161,0.9671427603763464,0.025304345414042473,0.8944074063528548,0.19708887,0.0027095908,0.020051975,0.11085826,0.21545741,0.021132281,0.4327017,0.35472953,0.49273154,2.49896,3.031777,0.0,0.50946397,0.21941136,2.0963442,0.98435044,1.8116641,0.119443715,0.23888743,B_cell_zone,0.0
GTTGCCCTAACGGGTG-1,1,73,15,5893,21800.0,5893,3994.7427,Medium-High,5,1,3,5,5,0,3,5,6544.635207557409,0.6365141682948128,0.24486014246940613,0.19219113628665987,0.11343233287334442,0.5506234197703365,-0.2062925100326538,0.2740795428987955,-0.28219184279441833,0.13082672511617918,-0.08323140442371368,0.6619182102675208,0.2917017638683319,0.11780269169709959,0.095848225,0.0,0.17761381,0.20860884,0.1503543,0.0006342121,0.36694053,0.2303701,0.6337104,2.0476615,2.9016767,0.12856784,0.42939037,0.4051482,1.5127163,0.96827894,2.5350676,0.0,0.42641002,Medullary_cords,238.90793205751876
GTTGGACCGCATCAGG-1,1,20,116,7847,37319.0,7847,4510.5674,High,4,12,1,4,4,2,4,7,2891.9766596568516,0.8675632284814613,-0.6211574077606201,0.0002491987017184157,-0.06751462817192078,0.7229757037614941,0.18190249800682068,0.33602741844923867,-0.02157752215862274,0.9098909908418628,-0.2844585180282593,0.12763077753761812,-0.09504648298025131,0.6173540336004679,0.23251125,0.08559759,0.06733637,0.16082975,0.20760493,0.029912071,0.21620804,0.1207308,0.5114723,2.2751822,2.5961807,0.08331736,0.5469404,1.1328374,1.911998,0.8611894,1.684094,0.16663472,0.25929773,B_cell_zone,0.0
GTTGGATTCAGTGGCT-1,1,16,96,6852,25485.0,6852,4476.7627,High,1,5,3,7,4,3,8,2,2691.750545648686,0.45056120886630463,-0.23700888454914093,0.2072906053308265,-0.13231763243675232,0.4857948831461126,0.20230205357074738,0.2836727611057709,0.1691892296075821,0.3714401903710307,0.14216582477092743,0.4536124665526815,0.049901142716407776,0.793422406305488,0.047022827,0.09171113,0.03398515,0.08718785,0.24953362,0.1301844,0.360375,0.4378849,0.61948025,2.042554,2.8409123,0.11379261,1.5820212,0.18001327,1.4438621,0.8257798,1.8852637,0.22758523,0.62657654,Medullary_cords,414.90360326225175
GTTGGATTGAGAACAC-1,1,32,88,6330,20529.0,6330,4469.1357,Medium-High,3,0,2,0,0,2,5,6,718.0006963784924,0.45056120886630463,-0.05429679527878761,0.775667769712261,-0.011818144470453262,0.9505770379765784,0.07260343432426453,0.703001571723506,-0.09809722751379013,0.6060523293963179,0.028583016246557236,0.880816920893975,-0.14165233075618744,0.4552618454057375,0.07890797,0.0010144535,0.20927206,0.31773913,0.087507896,0.0,0.30555847,0.29865897,0.97700584,1.8241692,2.76141,0.19843522,0.45405176,0.29684186,1.382926,1.3457727,2.0028727,0.26927444,0.48812705,Medullary_cords,413.90457837525787
GTTGGATTTGCGTTGG-1,1,36,50,5508,17317.0,5508,4200.085,Medium-Low,1,9,3,6,3,6,7,5,2626.3558403232414,0.0,0.04610471427440643,0.8088389309612495,0.02939295768737793,0.8774645706549643,0.19632607698440552,0.29843620500588586,-0.144235759973526,0.44699611692974023,-0.018650729209184647,0.9220737494195199,0.03574583679437637,0.851246407679201,0.042094503,0.0,0.062536545,0.033707324,0.12174375,0.22571735,0.5142005,0.29536316,0.32255358,2.2168307,2.9374464,0.1529476,0.5002129,0.3025612,1.685199,0.6737178,2.2845278,0.22791028,0.5709451,Medullary_cords,137.92751719653333
GTTGGTCATGCTATCC-1,1,55,63,5038,15766.0,5038,3857.6636,Low,2,2,5,2,2,7,2,4,2666.5215168829973,0.0,-0.23746345937252045,0.20639482242373625,-0.10734565556049347,0.5723398767439049,-0.007088400423526764,0.9703451342981965,0.46337857842445374,0.009911804633378792,-0.33784568309783936,0.06785947994912302,-0.1638057380914688,0.38707099217269214,0.03202462,0.0015277547,0.34804824,0.13478471,0.1466041,0.21317278,0.123837784,0.33452088,0.42269725,2.142324,2.7187133,0.18420003,0.6128306,0.45038557,1.4872257,0.96408224,2.9761124,0.7253982,0.43709528,Medullary_cords,413.0012106519786
GTTGTAGATTTATGAG-1,1,71,63,4953,13830.0,4953,4159.0454,Low,3,4,0,0,2,1,0,6,4311.075271901432,1.0114042647073518,-0.43298667669296265,0.016848793269582635,-0.32341229915618896,0.08127584504068962,-0.18633893132209778,0.324170844175596,0.0908118486404419,0.6331841204140402,-0.09335649758577347,0.6236519937259324,0.3989848494529724,0.02895619060219111,0.13119207,0.0037750097,0.0,0.3965311,0.36590582,0.0014959839,0.1011,0.11182417,0.79770166,2.181777,2.5842373,0.24786563,0.42771053,0.21221791,1.6718329,1.3195275,2.1079092,0.0,0.42118183,Medullary_cords,364.00137362378183
GTTGTCGTGTTAGTTG-1,1,15,47,3897,9348.0,3897,3869.7393,Low,2,8,0,2,1,5,2,4,3943.9504307229827,0.0,0.1791525036096573,0.3435075592685338,0.03572086617350578,0.8513491757023973,-0.1921170949935913,0.30912000924403465,-0.10454040765762329,0.5824762858441824,-0.4983050227165222,0.005070929611985504,-0.08037394285202026,0.6728757333224367,0.016852815,0.09064029,0.15351121,0.064167134,0.2829154,0.37871382,0.013199318,0.23104326,0.61015856,2.1892757,2.4013956,0.0,0.55883944,0.32488734,1.4458611,0.91135937,2.8882785,0.18187049,0.5026253,Medullary_cords,496.47255714691823
GTTGTTACATTGCGCT-1,1,12,118,6057,21985.0,6057,4110.556,Medium-High,1,12,3,5,4,3,3,5,3736.7800309892473,0.0,-0.09586217999458313,0.6143236823170856,0.12068957835435867,0.5252431598111598,-0.2810617983341217,0.1324417921658336,-0.15068119764328003,0.42673011365364627,-0.3016110360622406,0.10528130294855827,0.1008889451622963,0.5957876555551023,0.055809464,0.055489767,0.07659234,0.1122534,0.22401112,0.13575442,0.3400895,0.24539787,0.5536315,2.1866271,2.7907739,0.09373021,0.5046355,0.046865106,1.6762445,1.1737885,2.3783467,0.16174342,0.54899967,Medullary_cords,238.76766950322232
GTTTACGTTCCATCTG-1,1,48,64,3001,6857.0,3001,3453.9277,Low,2,2,5,2,0,7,2,4,2040.5893756461637,0.0,-0.11837443709373474,0.533277851807222,0.025093521922826767,0.8952823399410785,0.10096702724695206,0.5955016412516692,0.10043559223413467,0.5974494535678543,0.05332455039024353,0.7795856017631735,-0.1150718480348587,0.544840148685803,0.06671017,0.0052103205,0.3163195,0.2356007,0.060754415,0.028480642,0.28692427,0.26442468,0.5515217,2.2105904,2.9360893,0.11244781,0.11244781,0.33734345,1.0880531,1.134552,2.6293485,0.34134126,0.22756085,Medullary_cords,365.3833603217311
GTTTCAAACGAGTTGT-1,1,61,109,6018,23038.0,6018,3936.5547,Medium-High,5,13,3,5,7,1,3,5,3112.027152837841,0.8675632284814613,0.08013546466827393,0.6737932406531192,0.048036109656095505,0.8009867755734716,0.07069945335388184,0.7104530669699739,0.08357404917478561,0.6606087973646613,-0.31323251128196716,0.09189969743930441,0.31239986419677734,0.09281318530624637,0.11766436,0.084854335,0.05638358,0.16126388,0.3026006,0.0,0.27723324,0.2343787,0.26142,2.1925511,2.8438642,0.20131883,0.5095203,0.22743613,1.9406784,0.96997976,1.9901608,0.090138204,0.36334032,Medullary_cords,0.0
GTTTCATATCGTCGCT-1,1,39,27,3464,8777.0,3464,3617.9646,Low,1,7,6,5,3,6,3,5,4201.011901911253,0.8675632284814613,-0.12502354383468628,0.5103613500437315,0.0782260000705719,0.6811560570229501,0.1535153090953827,0.4179820254854098,-0.14413486421108246,0.44731741236083195,-0.5787717700004578,0.0008061877577696896,0.24289068579673767,0.19590480254409184,0.06762555,0.0,0.035198312,0.22262198,0.10343726,0.0,0.5711169,0.28518677,0.5492898,2.0573983,2.7836466,0.433617,0.73047745,0.095062256,1.4881424,1.1540079,2.1197705,0.29686046,0.19790697,Medullary_cords,138.0
GTTTCCTGGAGGGTGA-1,1,25,49,5356,15815.0,5356,4269.3916,Low,5,3,4,1,1,2,1,1,3102.876729746124,0.0,0.004196951165795326,0.9824392508807533,-0.1931648701429367,0.306438348073153,-0.2546316981315613,0.174488996337662,-0.35256218910217285,0.05602003795745403,-0.135597825050354,0.4749479703859235,0.13857151567935944,0.46522433602539576,0.12633237,0.10705538,0.0,0.17094664,0.31841257,0.00980426,0.26744884,0.17824212,0.4763463,2.4361908,3.008819,0.06125267,0.2859384,0.32686615,2.4046977,1.2045033,1.8475021,0.0,0.38125122,B_cell_zone,0.0
GTTTCTAGAGGCGCGG-1,1,69,93,5440,17168.0,5440,4053.5884,Medium-Low,2,6,5,5,2,1,3,4,3729.7423503507584,0.6730116670092565,0.15608906745910645,0.41012485388939945,-0.15140976011753082,0.42447167253509305,0.0704566165804863,0.711405343517727,0.07428447157144547,0.696444916667001,-0.32094308733940125,0.08376172522274693,0.08284829556941986,0.6633834142359327,0.041072488,0.060277987,0.094365925,0.08387965,0.24513796,0.24853662,0.22672932,0.15036839,0.81787664,2.2111034,2.5962121,0.33763188,0.4764149,0.4799707,1.5286944,1.0393509,2.5470753,0.25266713,0.46562302,Medullary_cords,238.40302011509837
GTTTCTGCAGTCTCCC-1,1,40,72,3852,9397.0,3852,3857.8127,Low,5,2,7,1,0,7,1,1,1127.4972283779682,1.0986122886681096,-0.0024824365973472595,0.9896125525720783,-0.431050568819046,0.017401198147232202,0.2926083207130432,0.11661330291464317,0.23197579383850098,0.21738720773304251,-0.37870776653289795,0.039045315668886464,-0.3445785939693451,0.062222361547612876,0.16497919,0.0,0.05062112,0.1980061,0.12884732,0.0,0.45754623,0.3237675,0.4795918,2.3923345,2.838419,0.090597846,0.647535,0.090597846,1.8788013,0.82638717,2.3000312,0.18119569,0.12079713,Medullary_cords,0.0
GTTTGACCAAATCCTA-1,1,30,58,5767,18364.0,5767,4249.6045,Medium-Low,5,3,4,1,1,2,1,1,2276.1146719794237,1.0114042647073518,-0.0028212214820086956,0.9881950412393534,0.06920627504587173,0.7163152298623728,0.24978606402873993,0.1831176372896377,-0.44189906120300293,0.01448996496951837,-0.3573158383369446,0.052564894116369,0.2059248983860016,0.27495442379637103,0.092476174,0.0039920416,0.0,0.18873674,0.27290696,0.22052947,0.22135867,0.32184365,0.47762755,2.3292775,3.051518,0.10869173,0.38498574,0.43604606,1.9496591,1.0884231,1.8925698,0.10869173,0.5015861,B_cell_zone,0.0
GTTTGAGCGGTTATGT-1,1,0,42,6669,26383.0,6669,4281.7065,High,3,8,2,0,1,5,5,6,5544.480588837876,0.0,-0.6647212505340576,6.15948391088357e-05,-0.22531658411026,0.2312521533626874,0.10589699447154999,0.5775645406555305,0.03748372942209244,0.8440999682007359,-0.08405321836471558,0.6587793045143933,-0.14135168492794037,0.45622902017009537,0.0375481,0.0,0.0,0.50746083,0.4348886,0.0,0.020102447,0.49944377,1.0797918,1.4525337,2.8045053,0.27604717,0.7965551,0.42606542,1.0166382,1.7758592,1.8811028,0.08035065,0.35496968,Medullary_cords,276.0018115882575
GTTTGGCCCAAGTTAT-1,1,42,80,3998,9437.0,3998,3996.746,Low,5,2,4,1,0,4,1,1,729.9054733319925,0.6365141682948128,0.10554251819849014,0.5788461998997401,0.014682497829198837,0.9386186211031938,-0.0030065530445426702,0.9874196092654242,0.04285961389541626,0.8220726960203776,-0.25675639510154724,0.17079752011276791,-0.06434178352355957,0.73552136573134,0.06459322,0.16099365,0.051103536,0.112053156,0.067498595,0.40341187,0.14034604,0.3593934,0.54288256,2.476511,2.933464,0.0,0.4515877,0.0,2.3035336,0.8970487,2.1845124,0.18063508,0.49962813,B_cell_zone,0.0
GTTTGGCCGCTCAGCG-1,1,12,32,6008,21269.0,6008,4123.352,Medium-High,3,11,2,0,1,5,0,3,4955.408055851707,1.0114042647073518,-0.6061139702796936,0.0003852560433591526,-0.3561774492263794,0.053376575094407464,0.13355901837348938,0.48167504612770873,0.2678731679916382,0.152382465017263,-0.34473130106925964,0.062098893961318145,0.2021317481994629,0.2840869039914054,0.025007391,0.057504874,0.19599171,0.2295981,0.05135787,0.15849109,0.282049,0.34023142,0.87879354,1.8868277,2.7589374,0.1926958,0.4778114,0.14452185,1.283492,1.3478466,2.486226,0.35841674,0.533862,Medullary_cords,138.42326394071193
GTTTGGGCTTGTGAGC-1,1,51,65,3720,9723.0,3720,3564.423,Low,2,2,5,2,2,7,2,4,2220.3517739313293,0.0,-0.034842126071453094,0.854967188927999,0.1842963695526123,0.3295973082927137,-0.06976349651813507,0.7141257292805124,0.44110816717147827,0.014687494331874091,0.07153040170669556,0.7071977690745214,-0.1628899723291397,0.3897670879964683,0.08270327,0.0003246422,0.33763248,0.092726,0.05821671,0.0,0.4283969,0.3153143,0.6263212,2.3152814,2.6743486,0.31650117,0.45617953,0.31650117,1.583666,0.70490915,2.9038513,0.45617953,0.47033644,Medullary_cords,552.826374189944
GTTTGGGTTTCGCCCG-1,1,63,91,5424,17208.0,5424,4120.5234,Medium-Low,5,6,3,1,2,1,1,1,3001.638219372881,1.0114042647073518,0.36661073565483093,0.046296544185737226,-0.2525634169578552,0.17813618900768785,-0.11527116596698761,0.5441390186705338,-0.4307667016983032,0.017483437233505643,-0.5256142020225525,0.002855471581385321,0.23996128141880035,0.20152003833198673,0.066785395,0.07050837,0.0,0.0662441,0.13900743,0.15918483,0.4982699,0.057267077,0.4445412,2.3394694,2.9299088,0.057267077,0.4299743,0.114534155,1.6923312,0.8350123,1.7416757,0.22906831,0.35759324,Medullary_cords,137.55726080436466
GTTTGGTAGGGTCAAC-1,1,53,59,5413,15747.0,5413,4267.055,Low,2,2,0,0,2,7,0,3,2686.125090162407,0.45056120886630463,-0.3957479000091553,0.030406718589315585,-0.11833222955465317,0.533424876129062,0.06600188463926315,0.7289486528225064,0.13499289751052856,0.4769388362872878,0.01930919475853443,0.9193312855625939,-0.14055101573467255,0.4588100840438876,0.04402213,0.0005921455,0.15522753,0.22967522,0.30471,0.002486204,0.2632868,0.33961132,0.72352934,2.1414375,2.7312279,0.45078826,0.6440984,0.22539411,1.4862275,1.0913683,2.5781891,0.24583411,0.52507776,Medullary_cords,364.00137362378183
GTTTGGTGATCGGTGC-1,1,66,38,5879,19383.0,5879,4189.1455,Medium-Low,1,4,3,1,5,0,7,1,4805.052861311726,0.6365141682948128,-0.20897901058197021,0.2677405493782584,-0.3594975471496582,0.05103658619039776,-0.043086938560009,0.8211440440110743,-0.049053922295570374,0.7968564062747985,-0.3518059551715851,0.05658580267124602,0.188514843583107,0.31845099467684745,0.06817181,0.15020223,0.016262654,0.25085077,0.19436052,0.0,0.320152,0.22824554,0.5669824,2.0484111,2.9049122,0.20552567,0.29414618,0.27291918,1.4051069,1.0704137,1.6072562,0.20801872,0.45042622,Medullary_cords,238.40302011509837
TAAACCCAGGAGGGCA-1,1,54,36,6642,27471.0,6642,3907.4207,High,2,9,5,2,5,0,2,4,4060.326341564185,0.0,0.2848016917705536,0.12715195982709634,-0.23026204109191895,0.22090006333336892,0.05162210017442703,0.7864586353887509,0.15216214954853058,0.42214631932180535,0.0546310618519783,0.7743220241624983,0.4473487138748169,0.013188170252393659,0.030152058,0.0016295705,0.32359597,0.14869405,0.110779874,0.217418,0.16773051,0.23065408,0.5999212,2.0656617,2.584565,0.18479273,0.50023365,0.20868836,1.2396764,1.1410091,2.886315,0.6611823,0.43873572,Medullary_cords,364.44478319767455
TAAAGACAACCCTTTA-1,1,40,118,7096,30835.0,7096,4181.9077,High,3,10,0,0,0,4,0,6,2079.322245348229,0.6730116670092565,0.10631407797336578,0.5760581354821911,0.10597995668649673,0.5772647614832263,0.0506020151078701,0.7905844480070846,-0.04615864157676697,0.8086194367372105,-0.06412412226200104,0.7363845057249548,-0.06738946586847305,0.7234692978264802,0.05945096,0.0005234891,0.22158593,0.3525201,0.16907589,0.008378206,0.18846545,0.4062058,0.70519143,1.8864365,2.6500187,0.4503274,0.5670971,0.3277643,1.19995,1.2662936,2.4110749,0.124990046,0.3572178,Medullary_cords,634.0859563182266
TAAAGAGCCCGAAACC-1,1,10,46,6463,22869.0,6463,4339.3003,Medium-High,3,8,0,0,1,5,0,3,4427.179350331315,1.0986122886681096,-0.3029916286468506,0.10361926428158254,0.22586391866207123,0.23009069245022945,-0.11205326020717621,0.5555099999229112,-0.20486903190612793,0.277477296719756,0.15192057192325592,0.4228921746491061,-0.040563009679317474,0.8314676507239566,0.08152864,0.0,0.076165855,0.28186333,0.273466,0.0,0.28697625,0.3281698,0.8588883,2.0470254,2.9025364,0.49107078,0.8598377,0.29313216,1.3014878,1.1755133,2.352467,0.18138051,0.349139,Medullary_cords,551.0036297521098
TAAAGCGGTATTTCCA-1,1,63,49,6391,22226.0,6391,4347.729,Medium-High,3,4,0,3,2,0,0,3,4021.4835570968085,1.0114042647073518,-0.08507595956325531,0.6548808876058682,-0.0807153731584549,0.6715629350845376,0.36405500769615173,0.047957528875709164,0.33674898743629456,0.06881411367786655,-0.028085380792617798,0.882877641092217,-0.0454254224896431,0.8116049882404279,0.08896342,0.0017237369,0.0733464,0.1879953,0.30207053,0.0058212816,0.34007928,0.20996496,0.6229269,2.2063541,2.814839,0.28262818,0.32632792,0.37276676,1.5741888,1.2366182,2.1850247,0.16044334,0.38280514,Medullary_cords,138.00362314084367
TAAAGCGTTAGGAGAA-1,1,28,88,5993,18129.0,5993,4442.829,Medium-Low,3,0,0,0,4,2,0,3,1197.0037593925927,1.0114042647073518,-0.3938794732093811,0.03127048022198774,-0.2876805365085602,0.12318711435719301,-0.20574024319648743,0.2753945648266997,-0.13285832107067108,0.4839982664514,0.20951835811138153,0.26647949711433944,0.2717076539993286,0.14637501042873427,0.024572825,0.07989106,0.14455394,0.25555053,0.2789398,0.0,0.21649191,0.23188697,0.79950345,1.8159046,2.6472602,0.14785595,0.55119723,0.5140213,1.1697582,1.2139622,2.2254763,0.43932745,0.46456712,Medullary_cords,238.40302011509837
TAAAGCTGCAATAGGG-1,1,17,97,7765,39570.0,7765,4091.999,High,1,5,3,6,4,3,7,5,2590.807789088183,0.6365141682948128,-0.02457415498793125,0.8974382640855855,-0.1654050052165985,0.38238847966865386,-0.01281370036303997,0.9464193583791933,0.1802321821451187,0.3405588737063473,0.24840979278087616,0.18562192454621462,0.19030383229255676,0.31379537038128513,0.06749712,0.07825324,0.23403633,0.06506346,0.2547353,0.0,0.3004146,0.3249311,0.5302878,2.2068815,2.7109957,0.22036496,0.69243187,0.30224818,1.4390426,0.8667106,3.025613,0.1689859,0.39568904,Medullary_cords,552.4608583420187
TAAAGGAGAAACTAGT-1,1,0,74,7848,34879.0,7848,4453.7334,High,3,5,2,0,6,3,0,6,4652.314047869082,0.5623351446188083,-0.6672396063804626,5.6423534781205266e-05,0.1179497092962265,0.5347582167768975,0.13071368634700775,0.4911445238926674,-0.23839491605758667,0.20456760667934645,0.017145730555057526,0.9283452058989627,0.013439925387501717,0.9438047926103736,0.0,0.031057157,0.11248189,0.18520434,0.19880457,0.17029071,0.3021614,0.16912912,0.7939567,1.5727108,2.7187638,0.282175,0.60135007,0.3538648,1.1071079,1.2966793,2.0040653,0.12604572,0.6925267,Medullary_cords,276.0018115882575
TAAAGTGCACGTCTCG-1,1,72,50,6194,21772.0,6194,4227.3906,Medium-High,3,4,2,0,2,0,5,6,4840.400499958655,0.8675632284814612,-0.27651137113571167,0.13909313795195663,0.11918756365776062,0.5304492203744627,-0.37009045481681824,0.04410898454076321,0.06395974010229111,0.737036574946735,0.2528156638145447,0.17768853063586848,0.23959921300411224,0.20222169256963823,0.02695928,0.083753325,0.18798457,0.4355979,0.042899802,0.0,0.2228051,0.41867095,1.0537001,1.5836971,2.593745,0.21015276,0.7324354,0.43409318,0.9802732,1.5053415,1.9788824,0.18898755,0.1259917,Medullary_cords,414.2764777295472
TAAATGAATCCGTTTC-1,1,23,29,6822,26374.0,6822,4386.6377,High,5,11,4,1,1,5,1,1,4441.365218038255,0.45056120886630463,-0.4690682590007782,0.008927530483498194,0.35306602716445923,0.055645576847318946,-0.14721620082855225,0.437561284060803,-0.0746876522898674,0.6948755272992678,-0.08341187238693237,0.6612284319390832,0.14552395045757294,0.44290488934891215,0.28160045,0.0055242237,0.021337295,0.09853745,0.17879221,0.04059484,0.37361357,0.08036889,0.39782602,2.4538183,3.1450574,0.11072948,0.48974967,0.3885994,2.3928185,0.9878652,1.942671,0.0,0.25479785,B_cell_zone,0.0
TAAATGCCGTCTCATG-1,1,11,103,6439,25039.0,6439,4108.5854,Medium-High,1,12,3,6,4,3,7,5,3394.4544480667287,0.8675632284814613,0.1322866976261139,0.4858977773242418,-0.12449706345796585,0.5121579658231032,-0.036155667155981064,0.8495600697197274,-0.25041651725769043,0.18197839318384568,-0.0698181614279747,0.7139110529108206,0.37145695090293884,0.0432728085036226,0.042316135,0.0,0.24969748,0.11197976,0.09408385,0.12471592,0.37720686,0.40563682,0.589389,1.9193175,2.9444244,0.18877694,0.5476725,0.540486,1.1482543,0.9513206,2.5275662,0.08400678,0.47203773,Medullary_cords,238.76766950322232
TAAATTGTGGGTAAAG-1,1,74,74,5069,15638.0,5069,3915.704,Low,2,6,5,2,2,1,2,4,4418.9856302097205,0.0,-0.3042493462562561,0.10212237490005444,0.30901676416397095,0.09659573517243092,0.3492301404476166,0.05854664436773492,-0.15504837036132812,0.4132918503100935,-0.28440073132514954,0.1277115354067369,0.2757304608821869,0.14025859377781474,0.088366024,0.0,0.28690258,0.15377344,0.11286795,0.0,0.35809,0.32933307,0.37533486,2.1423135,2.8117256,0.061799593,0.31928363,0.35016644,1.7021309,0.97890073,2.5131693,0.24719837,0.42751655,Medullary_cords,138.42326394071193
TAAATTTAGTAACACC-1,1,71,39,7157,30384.0,7157,4264.8306,High,3,4,2,0,5,0,5,6,5196.084102475633,0.0,-0.34171566367149353,0.06457283122999696,-0.2338583618402481,0.21357230053747966,-0.13210827112197876,0.486491470153077,0.1706656664609909,0.367219032152194,0.01963096857070923,0.9179914476301315,0.2847675681114197,0.1271995120796602,0.012140768,0.05266561,0.16189693,0.41573077,0.019956257,0.13912183,0.19848786,0.29351813,1.1255171,1.4715719,2.4424498,0.098787025,0.6662461,0.22522967,0.8419218,1.7348733,2.042981,0.21339425,0.33090097,Medullary_cords,630.7154667518469
TAACAAAGGGAGAAGC-1,1,21,35,6697,23461.0,6697,4495.017,Medium-High,1,11,0,3,1,5,6,3,4177.695297649171,1.0114042647073518,-0.6650675535202026,6.0859497372922465e-05,0.11409102380275726,0.5482965066797127,0.002876521088182926,0.9879636651450471,-0.03330366685986519,0.8613083498163221,0.2510756552219391,0.18079263815182275,0.2675740122795105,0.15285849533273213,0.04881526,0.061621256,0.14242674,0.19949736,0.14617944,0.16053122,0.24092877,0.3641173,0.60294765,1.9642272,2.8138418,0.36436138,0.5376339,0.2902296,1.5646693,1.0416256,2.1123207,0.24290758,0.3298724,Medullary_cords,364.6601157242179
TAACAATATTTGTTGC-1,1,28,16,5072,14967.0,5072,4057.7212,Low,2,11,5,2,3,6,2,4,5098.6180480596895,0.5982695885852573,0.028500238433480263,0.8811596532543671,0.26948243379592896,0.14984001480495907,-0.15620474517345428,0.409773673500472,0.12892787158489227,0.49713574356571605,-0.3189088702201843,0.08585303441547797,-0.32493388652801514,0.07977241070002024,0.05783481,0.00085143454,0.38152853,0.21116069,0.2011038,0.0,0.14752068,0.35890073,0.51881987,1.9855664,2.8034582,0.063966736,0.7883968,0.2435901,1.4309784,0.9515839,2.5782957,0.38380042,0.26864326,Medullary_cords,275.4813968310746
TAACAGCGTTTGTGCT-1,1,63,37,6213,21636.0,6213,4211.467,Medium-High,1,1,0,3,5,0,0,3,4614.002384047932,1.0114042647073518,-0.41161563992500305,0.023824316750566638,-0.3079680800437927,0.0977915773203924,0.018560240045189857,0.9224506997442954,0.05769996717572212,0.7619971251118934,-0.2932630777359009,0.11575983224710201,-0.23747698962688446,0.2063682005527935,0.04138554,0.0037276426,0.2949057,0.23484781,0.10290302,0.03460552,0.2876248,0.30976918,0.69849664,1.9068146,2.886785,0.15623507,0.73257476,0.47767416,1.2453821,1.1199827,2.0716767,0.25865433,0.76278174,Medullary_cords,239.26763257908496
TAACAGGTTCCCTTAG-1,1,74,60,5500,15858.0,5500,4280.6597,Low,3,4,0,3,2,1,0,3,4723.492140355481,0.8675632284814613,-0.3838166892528534,0.036270770300375524,-0.29075145721435547,0.11905911198210796,0.10104765743017197,0.5952063554302415,0.1757674515247345,0.3528518837453117,-0.22593560814857483,0.2299388560706584,0.1706199049949646,0.36734943901815625,0.031299252,0.07479005,0.096427865,0.12669152,0.13808133,0.19945146,0.33325854,0.28602707,0.89673364,2.137054,2.7145135,0.25498217,0.6119553,0.30560642,1.3199731,0.9019718,2.094693,0.12224257,0.6529504,Medullary_cords,497.90159670360566
TAACATACAATGTGGG-1,1,38,70,4336,11457.0,4336,3944.2192,Low,1,2,3,6,0,7,7,5,1239.0036319559358,1.0114042647073518,0.16709715127944946,0.37746995170810443,-0.38190025091171265,0.03729231184504049,0.07528465986251831,0.692553933071823,-0.1086185947060585,0.5677665586877179,-0.41313567757606506,0.023260482092671182,-0.16881297528743744,0.37252043852937156,0.057567984,0.0007466402,0.14702195,0.036392942,0.11485004,0.29463568,0.34878474,0.36154634,0.23662174,2.113119,3.0744379,0.0,0.28700954,0.3309364,1.6075776,0.93324256,2.2300134,0.0,0.55286795,Medullary_cords,137.00364958642524
TAACATACACGCGATC-1,1,55,25,6809,30692.0,6809,3871.7734,High,2,9,5,2,5,0,2,4,4791.287196568371,0.0,-0.2718640863895416,0.14613362045648287,-0.2604381740093231,0.164532284431522,-0.15407948195934296,0.4162525864564821,0.1508428156375885,0.42622854998242304,0.010470477864146233,0.9562072228424808,-0.11604687571525574,0.5414143899181767,0.08083916,0.0,0.30482996,0.08859331,0.23653826,0.0,0.28919935,0.3235563,0.41495672,2.2467203,2.6670072,0.13323174,0.5149215,0.30803472,1.3369501,0.78236914,3.0551696,0.40454134,0.32128784,Medullary_cords,238.76766950322232
TAACCGCCCGCAGTGC-1,1,9,49,7411,30607.0,7411,4429.7183,High,3,8,0,0,1,5,0,6,4390.027106977815,0.45056120886630463,-0.6164860129356384,0.0002859754460826421,-0.12295437604188919,0.5174402834431139,-0.09362950921058655,0.6226328003794689,0.2184520661830902,0.24615342472622823,-0.0411631241440773,0.8290104480779559,-0.1867252141237259,0.3231508291968876,0.036049336,0.09219834,0.1516631,0.18229915,0.23197733,0.1458334,0.15997939,0.39750573,0.71120566,1.9331396,2.649353,0.20421913,0.5222405,0.63934433,1.4805715,1.1711912,2.1538403,0.19639847,0.40619478,Medullary_cords,364.9465714320385
TAACCTACCGTCCGAG-1,1,33,101,6195,19687.0,6195,4483.8066,Medium-Low,0,0,7,4,0,4,4,0,1077.2358144807476,1.0114042647073518,-0.6476361155509949,0.00010935901766776278,-0.05252132564783096,0.7828263390939482,0.6321563124656677,0.00017863123447799196,-0.1006636768579483,0.5966131438652869,-0.7706483006477356,6.296301812869474e-07,-0.027764011174440384,0.8842088394396098,0.18151233,1.0544343e-05,0.09620446,0.17628808,0.16355628,0.026997106,0.35543117,0.24567108,0.59288394,2.1831002,2.6167517,0.15405719,0.58891845,0.7298266,1.663637,1.0073144,1.8779123,0.0,0.3021924,Medullary_cords,137.92751719653333
TAACCTAGGGAGTCCA-1,1,60,106,5763,17767.0,5763,4315.0684,Medium-Low,1,13,3,6,7,1,7,5,2912.033653651688,0.0,-0.005237953271716833,0.9780844557992568,0.15624141693115234,0.4096623787742379,0.022349536418914795,0.9066807092348732,-0.2669017016887665,0.15393220664752702,-0.10868609696626663,0.5675245041861584,0.16823187470436096,0.3741924229650813,0.0,0.0,0.088076465,0.09484111,0.20623277,0.0037746702,0.60707504,0.42305937,0.5807535,1.754024,2.71758,0.23525988,0.50336707,0.3468913,0.98454225,0.8871069,2.161803,0.3348943,1.0816764,Medullary_cords,138.42326394071193
TAACGCTTTGAGAGCG-1,1,27,29,5688,18233.0,5688,4234.406,Medium-Low,5,11,4,1,1,6,1,1,4268.9981260244185,1.0114042647073518,-0.39661604166030884,0.03001202538645589,-0.1765075922012329,0.3507958830293443,-0.016441894695162773,0.9312796166136404,-0.25075605511665344,0.18136690314457737,-0.19650913774967194,0.29797689146445616,-0.13948754966259003,0.46225023473736493,0.07938538,0.08813856,0.1472898,0.029867793,0.072260045,0.22299017,0.36006826,0.21417522,0.4035273,2.1465833,2.9916315,0.054662153,0.47752023,0.25655186,1.7644788,0.72564477,1.8867972,0.21864861,0.60850114,Medullary_cords,137.00364958642524
TAACTATCGAAGGTCC-1,1,24,34,5836,19895.0,5836,4134.492,Medium-Low,1,11,3,6,1,5,7,5,4077.752444668509,0.6931471805599453,-0.2939281463623047,0.11489767991724038,0.16526003181934357,0.3828115906094486,0.18385788798332214,0.33076942780015844,-0.0398121140897274,0.8345444272868782,-0.22328048944473267,0.23560733255719704,0.11224890500307083,0.5548155391524233,0.034067433,0.101503655,0.05961394,0.15940116,0.13070859,0.007873047,0.5068321,0.24403852,0.5202389,2.118652,2.8894691,0.1887785,0.39068288,0.39068288,1.6492072,0.96968806,2.0522597,0.377557,0.5767958,Medullary_cords,138.00362314084367
TAACTATTACGCCAAA-1,1,29,107,7572,30829.0,7572,4574.553,High,0,0,7,4,0,2,4,0,1695.3456874631793,1.5607104090414068,-0.5290301442146301,0.0026486184962240234,-0.1641022115945816,0.3862004575148494,0.06058448553085327,0.7504644683242161,-0.016596537083387375,0.9306348093239538,-0.21948190033435822,0.24387829043799575,0.21840719878673553,0.24625286541649744,0.11702528,0.12655419,0.020594506,0.24353917,0.3097928,0.0005453215,0.18194878,0.2183603,0.65601677,2.1768315,2.730641,0.10535429,0.39048445,0.6603011,1.8687738,1.085879,1.7801586,0.07023619,0.25429827,B_cell_zone,0.0
TAACTCATCCGCGCGG-1,1,43,49,4444,13655.0,4444,3788.6228,Low,5,9,4,5,3,7,1,1,2750.5863011365414,0.6365141682948128,-0.070561483502388,0.7109940589627545,-0.02111312374472618,0.9118227809769395,-0.15292073786258698,0.4198089703532743,-0.03717109188437462,0.8453846966139614,-0.24849767982959747,0.1854612920496365,-0.12955203652381897,0.49503756227212986,0.2003024,0.0,0.080720894,0.20733535,0.26492354,0.0,0.24671774,0.0,0.3906436,2.2259197,3.0114527,0.13736719,0.61243236,0.20605078,2.1586666,0.78879976,1.8556103,0.13736719,0.091578126,B_cell_zone,0.0
TAACTCCATGGAGGCT-1,1,19,27,6378,22728.0,6378,4237.9497,Medium-High,3,11,0,0,1,5,0,3,4775.3367420528575,0.6931471805599453,-0.4975943863391876,0.005144122663297374,-0.027616357430815697,0.8848205643204324,-0.34917309880256653,0.058590663090985776,-0.3021295964717865,0.1046547012035093,-0.1674865037202835,0.37634346859677564,0.20963077247142792,0.26621714760900667,0.022229886,0.057236534,0.18815416,0.19610329,0.103743605,0.2608614,0.17167106,0.34496093,0.8695761,1.8748033,2.5758,0.17006543,0.70160294,0.26987737,1.1829996,1.3059351,2.6762626,0.18231668,0.5166588,Medullary_cords,365.57078657901536
TAAGAGGGACAGGGAC-1,1,63,19,7930,37698.0,7930,4496.172,High,4,1,1,4,5,0,4,7,5614.499087184893,0.0,-0.4843935966491699,0.0066771207949775915,-0.0034138066694140434,0.9857156901720323,0.14981430768966675,0.4294259552984916,-0.1872158944606781,0.32185799815022675,-0.21951955556869507,0.2437953670597274,0.21384619176387787,0.2565005528649624,0.15544476,0.06437539,0.108757764,0.19420183,0.47722027,0.0,0.0,0.13495198,0.4614607,2.1424363,2.6779838,0.029411692,0.33539265,0.9546426,1.6727736,0.81038064,2.0591586,0.058823384,0.13679443,Medullary_cords,138.00362314084367
TAAGATTTAGCGGGAG-1,1,4,36,5943,20114.0,5943,4196.622,Medium-Low,3,8,2,0,1,5,5,6,5421.152091576107,0.0,-0.5466998815536499,0.0017723975913444409,0.003780885599553585,0.9841799116054699,0.16641280055046082,0.37945468434580676,-0.049645040184259415,0.7944600589753277,-0.23553070425987244,0.21022191747615235,-0.02783089503645897,0.8839317631250841,0.04130724,0.00022891772,0.18564044,0.41148022,0.1270224,0.010854757,0.22346602,0.18745743,0.910577,1.479741,2.5150008,0.23774686,0.68065816,0.2003992,0.810014,1.6160808,1.9650196,0.20178705,0.3344613,Medullary_cords,365.0986168146902
TAAGCAGGCGACACGC-1,1,35,19,3936,11040.0,3936,3703.379,Low,0,7,6,5,3,6,3,0,4762.730729319053,1.0114042647073518,-0.19328457117080688,0.3061329172441404,0.06605058908462524,0.7287561024862241,0.28725871443748474,0.1237622847789187,-0.08528342843055725,0.6540911513087073,-0.26034680008888245,0.16468576630473347,-0.18217377364635468,0.335294944578051,0.053691097,0.112250455,0.093321726,0.12819128,0.07555221,0.29894623,0.23804711,0.20984417,0.37305632,1.9727714,2.6218343,0.0,0.4545982,0.6781409,1.5602586,0.7784326,1.990124,0.16123585,0.4947734,Medullary_cords,138.06158046321215
TAAGCCCTTACGACCA-1,1,14,114,6246,21343.0,6246,4310.3936,Medium-High,1,12,4,6,4,3,1,5,3386.403697139489,0.45056120886630463,-0.1609327793121338,0.39556529368000876,0.03764886409044266,0.8434215346040679,-0.010806525126099586,0.9548031049904174,-0.13939321041107178,0.4625560633428051,-0.11917898058891296,0.5304790407289569,0.07381197065114975,0.6982857005138247,0.076515175,0.15443094,0.15050079,0.10926652,0.0,0.16238415,0.34690246,0.20579237,0.5092845,2.4479353,2.77169,0.048033394,0.59807426,0.15775898,1.8910801,0.9410622,2.4726782,0.09606679,0.5216711,Medullary_cords,0.0
TAAGCGCGAATCAAAT-1,1,65,25,7483,33405.0,7483,4335.455,High,3,1,2,0,5,0,5,6,5410.200181139327,0.0,-0.3292423188686371,0.07563114208585382,0.07124022394418716,0.7083339891070844,0.019226836040616035,0.9196742549880573,-0.2286880612373352,0.22416012177041708,-0.20597544312477112,0.2748340253763175,0.42736223340034485,0.018495078851525886,0.0043485914,0.053893182,0.16874115,0.41456258,0.16343024,0.0075030616,0.18752114,0.43739134,1.1177596,1.4386394,2.4704916,0.112840906,0.6991718,0.18958923,0.97294897,1.7035728,1.6116171,0.26229468,0.2094188,T_cell_zone,496.47255714691823
TAAGGAACTTGTGGGA-1,1,16,40,7140,28537.0,7140,4436.621,High,3,11,2,0,1,5,5,6,4225.781466190603,0.6365141682948128,-0.3797984719276428,0.03843912048231348,0.10709932446479797,0.573226782164192,-0.06523877382278442,0.7319676732281709,0.19978389143943787,0.2898357526420857,0.09664188325405121,0.6114328554332586,0.3723812401294708,0.04271443516569355,0.057518296,0.0,0.105801545,0.4081474,0.115967095,0.14324696,0.16931865,0.32822734,1.0808393,1.6136744,2.5110614,0.112663314,0.70909023,0.3439781,1.0667001,1.7656609,2.2278297,0.0,0.22712386,Medullary_cords,601.1222837326861
TAAGGCAACATAAGAT-1,1,25,71,6668,23742.0,6668,4318.705,Medium-High,2,3,0,0,4,2,0,3,1947.6118709845655,0.6931471805599453,-0.17012405395507812,0.3687642183991701,0.03926395624876022,0.8367920063789462,-0.16702614724636078,0.3776755937103782,-0.01148178055882454,0.9519820670119722,0.0260698851197958,0.8912313864467623,-0.115231953561306,0.5442769205363586,0.04198929,0.06250685,0.15572806,0.31368023,0.25030303,0.17579256,0.0,0.36171785,0.85667646,1.978399,2.5356364,0.4009648,0.86815107,0.34002972,1.3927879,1.4357511,2.5419517,0.08788067,0.42689615,Medullary_cords,365.57078657901536
TAAGGCATAACATCAA-1,1,57,49,7010,27700.0,7010,4275.8926,High,2,2,5,3,2,0,6,4,3519.819597649857,0.0,0.019520988687872887,0.9184493696365502,0.23168562352657318,0.2179793128972987,-0.01972169801592827,0.9176136978057867,-0.07526849210262299,0.6926167690953048,-0.4705677628517151,0.008682314552196129,0.27156126499176025,0.14660116354387848,0.030633703,0.005823146,0.40055043,0.1301618,0.027264776,0.015566289,0.3899998,0.41656113,0.626967,2.1558957,2.7367532,0.22207125,0.42800295,0.23674229,1.3595818,0.93332446,2.869907,0.88777333,0.6848697,Medullary_cords,364.9465714320385
TAAGGCCCGTCACCCT-1,1,62,70,5792,17256.0,5792,4380.4404,Medium-Low,3,6,0,0,2,1,0,1,3130.6082476094,1.3296613488547582,-0.14905595779418945,0.43179191080890345,-0.1883309930562973,0.318931853350599,0.03242270648479462,0.8649432924553784,0.19505943357944489,0.3016265461303745,-0.12038079649209976,0.5263113918366489,0.1958586871623993,0.2996109478484111,0.092277184,6.5896106e-06,0.1850768,0.28032812,0.43720925,0.0051020854,0.0,0.5071493,0.61290896,2.0057359,2.8729873,0.24020591,0.28569612,0.20706078,1.6331735,1.0655066,2.163925,0.11427845,0.25655106,Medullary_cords,137.92751719653333
TAAGGCTGAATCCCTC-1,1,45,97,5549,16884.0,5549,4275.1216,Medium-Low,3,10,0,0,0,4,0,6,1042.8101457120563,1.0114042647073518,-0.294724702835083,0.11387136886340092,-0.2990618050098419,0.10840264261981072,-0.05346609652042389,0.7790148849403333,0.025797080248594284,0.8923629944317246,0.058262668550014496,0.7597433644185196,0.18516360223293304,0.3272865799115255,0.20572963,0.0,0.09037278,0.50430614,0.039809015,0.001775646,0.15800685,0.5947125,1.0328504,2.2794747,2.757927,0.43930784,1.203541,0.11629122,1.4945279,1.5733607,2.230403,0.11629122,0.3004536,Medullary_cords,364.6601157242179
TAAGGGCCTGTCCGAT-1,1,57,95,7334,28507.0,7334,4547.196,High,4,10,7,4,0,4,4,7,2326.7507386911902,1.0114042647073518,0.24636299908161163,0.18939041488215885,0.28615230321884155,0.1252803273698231,0.17556196451187134,0.3534239713254535,0.22083085775375366,0.24091932456303783,0.22642388939857483,0.22890648138139508,-0.02469572052359581,0.8969335733287691,0.053412702,0.0,0.04113984,0.12417082,0.33442038,0.26471722,0.18213901,0.20181757,0.46433508,1.9587383,2.6890903,0.11276914,0.4598588,0.8176841,1.6026249,1.0334635,1.9410193,0.15035886,0.4431837,Medullary_cords,137.92751719653333
TAAGGGCTGGGAGAGG-1,1,34,18,5281,18575.0,5281,3875.0203,Medium-Low,1,7,3,5,3,6,3,5,4842.570495098652,1.3296613488547582,-0.20627258718013763,0.2741269112702977,-0.08238289505243301,0.6651649816510882,0.3122809827327728,0.09294416876433126,-0.20718935132026672,0.27195269683455375,-0.28813692927360535,0.12256702986830839,-0.24987518787384033,0.18295628594481436,0.080235876,0.0013421688,0.055031784,0.08053372,0.30613136,0.2221275,0.25459757,0.27454254,0.45919096,2.1570642,2.7525382,0.21535781,0.42302006,0.28874934,1.8449166,0.9608307,2.3206758,0.21535781,0.5441601,Medullary_cords,0.0
TAAGTAAATGTGCCGC-1,1,5,97,7411,31497.0,7411,4462.492,High,5,12,7,1,6,3,1,1,4000.7769245485306,1.277034259466139,0.02159300446510315,0.9098265966357248,0.32699429988861084,0.07777073774719036,-0.2540721893310547,0.17547038754050925,-0.036477234214544296,0.8482373657216253,-0.21934811770915985,0.24417305448512303,-0.1306597888469696,0.4913248060460932,0.09185087,0.12058395,0.021858763,0.31248513,0.24723095,0.0,0.20599036,0.22223255,0.7110592,2.0046887,2.8263025,0.13038611,0.81243145,0.62470925,1.5297555,1.0736984,1.7818534,0.13786441,0.3782486,Medullary_cords,137.92751719653333
TAAGTAACATCTTGAC-1,1,46,40,6141,19309.0,6141,4425.8687,Medium-Low,3,9,0,3,3,7,0,3,3440.68205447699,1.0114042647073518,0.017296435311436653,0.9277170107010073,-0.22764445841312408,0.22633948526539371,0.06543174386024475,0.7312038722219759,0.02827514335513115,0.8820917407030513,-0.1907041370868683,0.3127594522187162,0.17862841486930847,0.3449444251752782,0.03508376,0.0,0.081038326,0.20321971,0.25996947,0.19544818,0.22524056,0.40807995,0.6504319,1.8946533,2.756399,0.27369872,0.5590133,0.4430622,1.2660444,1.2414569,2.2976327,0.10433525,0.6801058,Medullary_cords,239.77072381756702
TAAGTCGCCGAGTATC-1,1,54,32,6255,24652.0,6255,3905.8296,Medium-High,2,9,5,3,5,0,6,4,4304.878163200441,0.0,-0.34144842624664307,0.06479571855314022,-0.14001967012882233,0.4605272079826463,-0.13527221977710724,0.47601902765752374,-0.15987741947174072,0.3987121369156436,-0.20130348205566406,0.28610656666882645,0.31993749737739563,0.08479061104320454,0.019120604,0.0,0.2490358,0.13598906,0.1765059,0.0,0.41934863,0.41893795,0.48621237,2.164164,2.6993136,0.23364955,0.5765573,0.2445201,1.3079332,1.0424155,2.9787836,0.87041014,0.50068885,Medullary_cords,239.00209204105306
TAAGTGAATAGTCTAC-1,1,72,24,7097,27223.0,7097,4462.0767,High,5,1,4,1,5,0,1,1,5998.909400882797,0.6931471805599453,-0.2001086175441742,0.2890362647011893,0.1204909235239029,0.5259302866185025,0.22161543369293213,0.23920937957382699,0.03680269420146942,0.8468990601619173,-0.22141486406326294,0.23964573938972974,0.2508535385131836,0.18119160724129343,0.097295806,0.06520686,0.081263706,0.2877815,0.01998878,0.17834198,0.2701214,0.25855666,0.91504693,2.0772147,2.763097,0.11733165,0.4659431,0.47555572,1.5945358,1.2142569,2.159158,0.18573305,0.45045763,Medullary_cords,138.00362314084367
TAAGTTGCGACGTAGG-1,1,53,95,5323,15206.0,5323,4236.9287,Low,2,10,0,0,0,4,0,3,1860.8559858301771,0.8675632284814613,-0.08252443373203278,0.664622977560748,0.019248249009251595,0.919585082817185,-0.14216628670692444,0.4536109842180013,0.30012184381484985,0.10709640816727835,-0.3555246591567993,0.05384646278135451,0.11233322322368622,0.5545163669633045,0.068732895,0.0025113192,0.28339094,0.19368091,0.0,0.20616482,0.24551915,0.58484566,0.61975104,2.1071177,2.7173355,0.063173994,0.66979384,0.23128879,1.5462224,1.2094351,2.5499048,0.3362296,0.16846399,Medullary_cords,237.9012400135821
TAATAAACAAGGAGAT-1,1,17,91,7600,32850.0,7600,4404.506,High,3,5,2,7,4,3,8,2,2524.016045907791,0.0,-0.6687941551208496,5.342852651714189e-05,-0.4242073893547058,0.01947528499693418,0.20866432785987854,0.2684780989944561,0.5016077160835266,0.004742317741954755,-0.09406059980392456,0.6210248661066983,0.06314986199140549,0.7402517955046503,0.0074240775,0.110518076,0.14537933,0.1800536,0.19259754,0.2353104,0.12871702,0.30495864,0.92830634,1.9040098,2.7036645,0.35852534,1.7387693,0.4165942,1.1416646,1.1246587,1.8726206,0.22864369,0.5996166,Medullary_cords,276.3494165001982
TAATACACAGTAGTAT-1,1,20,64,6323,21037.0,6323,4448.035,Medium-High,5,3,4,1,6,2,1,1,2716.017857084154,0.8675632284814612,-0.368925541639328,0.04483194060553592,-0.22061826288700104,0.24138406212650307,0.34858956933021545,0.05904246292642264,0.039703477174043655,0.83498976386839,-0.588523268699646,0.0006241998926828423,-0.07272449135780334,0.7025287003209202,0.06274539,0.11013064,0.048834447,0.19509372,0.22187206,0.28879967,0.07252406,0.23174153,0.6321513,2.158494,2.8812783,0.04861407,0.84890157,0.31880215,1.7624545,1.0800967,2.2722092,0.19445628,0.54664195,Medullary_cords,137.92751719653333
TAATACTAGAACAGAC-1,1,69,77,7197,28246.0,7197,4426.052,High,1,6,3,6,2,1,7,5,3789.5552509496415,0.8675632284814613,0.03289420157670975,0.8629975093221658,-0.18842436373233795,0.3186875874390781,-0.13926729559898376,0.462964419642845,-0.21238233149051666,0.25984801766790516,-0.21463504433631897,0.25470844363378375,0.11326560378074646,0.5512131401008025,0.034082603,0.00029779482,0.111640595,0.110016935,0.22003946,0.128407,0.39551565,0.27007607,0.3666508,2.0908823,2.9223244,0.1894468,0.466055,0.23866627,1.3360856,0.8540871,2.204309,0.4643734,0.7203297,Medullary_cords,138.0
TAATAGAACAGAGTTA-1,1,50,38,5822,22445.0,5822,3713.9788,Medium-High,2,9,5,2,3,7,2,4,3729.7131256974712,0.0,-0.17621231079101562,0.3516152685574052,-0.3609221875667572,0.05005773803825648,0.13873350620269775,0.4646976683361109,0.20408420264720917,0.2793621808848172,-0.00640484131872654,0.9732037852965059,0.15623752772808075,0.40967418126964106,0.07149004,0.0,0.5104059,0.25689238,0.029611403,0.0,0.13160026,0.43768513,0.5492846,2.1805983,2.3368185,0.30995288,0.476072,0.38394898,1.3503318,0.9833343,3.100689,0.2558117,0.25671378,Medullary_cords,478.17360864020924
TAATAGGTCACCAGAA-1,1,61,21,7857,36308.0,7857,4365.225,High,3,1,0,0,5,0,0,6,5371.850798374802,1.3296613488547582,-0.346432626247406,0.06073624648771878,-0.3224566578865051,0.08223113556099577,-0.16925758123397827,0.3712441462091179,0.11361628025770187,0.5499731391487043,-0.030011385679244995,0.8749062900516225,0.05150176212191582,0.7869450594738664,0.041362546,0.04741306,0.14915887,0.3653306,0.19346042,0.10993947,0.09333504,0.5627745,0.8184265,1.8441339,2.85182,0.3312238,0.7616876,0.34407717,1.1668884,1.395514,2.2680645,0.21139649,0.18147908,Medullary_cords,364.6601157242179
TAATAGTGACGACCAG-1,1,27,83,4761,11995.0,4761,4232.2983,Low,1,3,4,3,4,2,6,3,1360.9794267364955,1.3296613488547582,-0.1871291995048523,0.3220861872054969,-0.34026676416397095,0.06578847332516356,-0.04250920191407204,0.8235046376490063,0.042995285242795944,0.8215184317762175,0.18615734577178955,0.32465102140542407,0.09243825078010559,0.6270849388936558,0.090565026,0.008224139,0.20845222,0.096547954,0.17647497,0.051007945,0.36872768,0.46446455,0.7480889,2.2127945,2.7878766,0.0757954,0.6270639,0.3031816,1.6314846,0.92854166,1.920038,0.46487087,0.512035,Medullary_cords,137.92751719653333
TAATATTGAAATTCGC-1,1,17,47,6542,23512.0,6542,4309.8657,Medium-High,2,8,0,2,1,5,0,3,3779.9005277917036,1.0114042647073518,-0.10540665686130524,0.5793377603721709,-0.18555569648742676,0.32624512258224775,-0.15975306928157806,0.3990838566803607,0.012077250517904758,0.9494948223425977,-0.2991776168346405,0.10825935639941871,-0.09377467632293701,0.622091147863759,0.10768365,0.0,0.24267833,0.26541373,0.02617445,0.20987572,0.14817418,0.32695752,0.6887177,2.1470714,2.787114,0.16554451,0.5391184,0.5579457,1.4340303,1.1041692,2.7601855,0.265804,0.3668403,Medullary_cords,476.6686480145301
TAATCAGGAATGCTGC-1,1,0,108,4532,13026.0,4532,3914.2144,Low,5,12,3,5,6,3,3,1,4755.415964981402,0.0,0.2843203842639923,0.12782388415626367,0.4105328917503357,0.024232737269939134,-0.2092992067337036,0.266991429760362,-0.05505963787436485,0.7725975299330061,-0.29845884442329407,0.10915093764712043,-0.003858476411551237,0.9838552954037001,0.064679086,0.0,0.12672776,0.15672822,0.28865388,0.25103155,0.11217959,0.24668895,0.7384833,2.2625642,2.7496748,0.0,0.9369218,0.4723414,1.5813832,1.0568593,2.4800868,0.14241916,0.5440931,Medullary_cords,276.3494165001982
TAATCGATCCGTACGT-1,1,25,93,6061,18666.0,6061,4451.107,Medium-Low,3,0,2,0,4,2,5,6,1594.8808732943035,0.45056120886630463,-0.41032060980796814,0.02431347999546561,-0.15824060142040253,0.4036208323570354,0.2067810446023941,0.2729196621449235,0.15645845234394073,0.4090040482617647,-0.14177370071411133,0.45487170880829947,-0.00973534770309925,0.9592792847700846,0.03249655,0.0,0.10017311,0.4633767,0.33881348,0.0036997274,0.061440486,0.24840523,0.7820639,1.5208085,2.6555777,0.19829229,0.48410475,0.49863744,1.0466671,1.6531267,1.9482261,0.10725669,0.3742317,Medullary_cords,137.0
TAATGAAAGACCCTTG-1,1,25,17,8087,37715.0,8087,4391.9307,High,3,11,0,0,1,6,0,3,5129.22079852291,0.9556998911125343,-0.04041951149702072,0.832055443834273,0.3378307819366455,0.06787238151848063,-0.1526491343975067,0.42064500267216687,-0.12918876111507416,0.4962581978308873,-0.6576207280158997,7.853078966532054e-05,0.032753586769104004,0.8635777219530602,0.030055253,0.0008225901,0.09488213,0.21372047,0.286996,0.107254565,0.26626897,0.4391931,0.77835995,1.837317,2.7411623,0.24213867,0.7360601,0.39324322,1.1624177,1.279926,2.2111394,0.16516915,0.58792424,Medullary_cords,275.0018181758077
TAATGTCGGTTCATGG-1,1,74,24,7222,30608.0,7222,4275.519,High,5,1,4,1,5,0,1,1,6164.767148887296,1.0789922078775833,-0.11890614032745361,0.5314273950295312,-0.10508707165718079,0.5804947825046703,0.13131563365459442,0.48913335038682215,-0.22339700162410736,0.23535664520732186,-0.4802887737751007,0.007226528551446113,0.03278651833534241,0.8634418316467194,0.08954974,0.11116408,0.021215068,0.28368697,0.36249176,0.006296385,0.12559588,0.15607566,0.6435314,2.1740868,2.7313805,0.070677936,0.5384984,0.20634079,1.636457,1.2167886,2.2691891,0.070677936,0.49824804,Medullary_cords,138.42326394071193
TAATTACGTCAGTAGA-1,1,62,102,6786,26279.0,6786,4270.823,High,1,13,3,3,7,1,7,5,3032.650655779528,0.45056120886630463,0.0013881716877222061,0.9941912614830531,0.0196012444794178,0.9181152069663661,0.08602795004844666,0.6512601256785004,-0.11194464564323425,0.555895711309899,-0.01624966785311699,0.9320811979656466,-0.06032097339630127,0.7515158785662502,0.08773062,0.0,0.066673875,0.05991775,0.30270502,0.15519002,0.32778275,0.379881,0.37951252,2.2804375,2.835414,0.13550253,0.4869023,0.23197424,1.6798016,0.8327518,2.284789,0.14147954,0.4829184,Medullary_cords,364.6601157242179
TAATTAGATGGATATG-1,1,10,32,6673,24789.0,6673,4333.664,Medium-High,3,8,2,0,1,5,5,6,5109.315511886108,0.0,-0.7389481067657471,3.109680932408081e-06,-0.25943523645401,0.1662225122697204,0.2538255453109741,0.17590424029747245,0.25656256079673767,0.17113197949082684,-0.32871830463409424,0.07612577744941156,0.003861641511321068,0.9838420536486023,0.01913073,0.06472445,0.1267739,0.4057109,0.11954093,0.17459896,0.08952013,0.2048173,1.2699147,1.409202,2.4182258,0.16945063,0.5705172,0.2787626,0.8108518,1.8102965,1.8881245,0.23261595,0.5123875,Medullary_cords,365.7608508301565
TAATTAGGACATCCGT-1,1,42,108,5602,17209.0,5602,4207.078,Medium-Low,2,10,0,3,0,4,0,3,1457.8957438719683,0.0,-0.3119344413280487,0.09332678780155006,0.07221619039773941,0.7045149477432628,-0.03461581468582153,0.8558994447412196,0.07106876373291016,0.7090056474176765,0.019870180636644363,0.9169955320136962,0.3124168813228607,0.09279444731962365,0.047522303,0.0,0.21500862,0.03836324,0.12319648,0.200273,0.37563643,0.35561356,0.6924169,2.1499474,2.7535062,0.25004396,0.5444869,0.394327,1.2332864,0.7316185,2.520904,0.19277954,0.7099767,Medullary_cords,238.40302011509837
TAATTGGAATCGGGAA-1,1,17,105,6872,25898.0,6872,4384.269,High,1,12,3,6,4,3,7,5,2774.025955177781,0.410116318288409,0.16181589663028717,0.39294297547731977,0.10268566757440567,0.5892213287457058,-0.0675601065158844,0.7227963808806954,0.19512462615966797,0.3014618213440858,-0.20142363011837006,0.2858130278430814,-0.09598152339458466,0.6138808361018137,0.01875673,0.038064063,0.04105599,0.094931655,0.24259473,0.23368026,0.3309166,0.32677722,0.5601537,1.9778903,2.8298712,0.11675452,0.47277057,0.23481981,1.4827005,0.9267434,2.277647,0.4582295,0.8311537,Medullary_cords,138.0
TACAAATTGCGGAGGT-1,1,1,81,6530,24242.0,6530,4278.545,Medium-High,0,5,7,4,6,3,4,0,4457.237260905011,0.6931471805599453,-0.21093109250068665,0.263194710915954,-0.06064602732658386,0.7502189803192507,-0.1615426391363144,0.39375331706614747,-0.1101350337266922,0.5623400998762859,-0.2574761211872101,0.16955968853630993,0.23404809832572937,0.21319036072307318,0.15306346,0.0,0.22197793,0.05080771,0.16912396,0.4022513,0.0027755755,0.11837695,0.6378551,2.4030657,2.9773118,0.2301982,0.43416926,0.35513085,2.0702863,0.8056321,2.2892017,0.086347595,0.7068838,Medullary_cords,0.0
TACAACGCACAACTCA-1,1,41,49,5513,19904.0,5513,3916.3137,Medium-Low,5,9,3,5,3,7,3,5,2708.839603963291,0.6365141682948128,0.0031241076067090034,0.9869277637647903,0.1362600028514862,0.4727736430568596,-0.0895347148180008,0.6379901110493297,0.06291172653436661,0.7411980139990225,-0.06494718790054321,0.7331222851745676,-0.009503786452114582,0.9602470848774247,0.11010809,0.084872745,0.09991025,0.058614608,0.18087962,0.21413031,0.25148436,0.15266442,0.6340513,2.2447054,2.8948545,0.0,0.7081503,0.3626286,1.8171276,0.9888848,2.0541148,0.20355256,0.48350483,Medullary_cords,0.0
TACAAGCTGTTCACTG-1,1,1,53,6864,26786.0,6864,4342.8955,High,3,8,2,0,1,5,5,6,5044.390547925487,0.37677016125643675,-0.3891316056251526,0.03355514849323438,-0.13952752947807312,0.4621206605189131,0.040689170360565186,0.8309509485737971,0.2194761484861374,0.24389095865698157,-0.1412871927022934,0.4564366332101995,-0.05673367530107498,0.7658718133000357,0.029853754,0.06788654,0.09529436,0.48379448,0.20819718,0.012412364,0.10256133,0.24880126,1.1695379,1.4890442,2.456623,0.15862407,0.7392392,0.42204204,1.0600386,1.6191971,1.862431,0.0,0.32394117,Medullary_cords,365.0986168146902
TACAAGGGCTTCTTTA-1,1,68,94,4029,11074.0,4029,3712.0562,Low,1,6,3,5,2,1,3,5,3617.697195731008,0.6365141682948128,0.2640587091445923,0.15853251063635593,-0.24227511882781982,0.1970756596281106,0.0057447366416454315,0.9759646588954555,-0.05903065577149391,0.7566704950249072,-0.5032999515533447,0.004581117891126566,0.13535432517528534,0.4757488293756181,0.09246028,0.0010477052,0.22405271,0.01582417,0.2944868,0.026639042,0.3454892,0.27151445,0.4464176,2.235896,2.567087,0.20940143,0.53112143,0.16086002,1.8046536,0.8894856,2.6074796,0.3821689,0.4329426,Medullary_cords,276.84652788142387
TACAAGTCTCGTGCAT-1,1,31,27,6329,21446.0,6329,4358.212,Medium-High,3,7,0,0,3,6,0,6,4281.820290483944,0.6365141682948128,-0.11276666074991226,0.5529796516953366,-0.26085248589515686,0.16383763714336413,-0.36220940947532654,0.04918615222838567,0.1396915763616562,0.4615891867433521,-0.16150790452957153,0.39385639055754323,0.1073533222079277,0.5723122831708376,0.030359248,0.05826363,0.10704958,0.20870116,0.16594385,0.25914538,0.17053717,0.28993195,0.7055393,1.9818988,2.748717,0.3352561,0.55127734,0.40668026,1.2718081,1.4162416,2.2187552,0.42511004,0.39321554,Medullary_cords,365.0
TACAATGAAACCAGCA-1,1,1,45,6656,26272.0,6656,4221.723,High,3,8,2,0,1,5,5,6,5329.0352785471405,0.0,-0.3915502429008484,0.0323750117871821,-0.14433355629444122,0.44668480991793647,0.17816652357578278,0.34621376652637936,-0.0637836828827858,0.7377351551761486,0.11156372725963593,0.5572494019051192,-0.08129944652318954,0.669319371492263,0.035460807,0.0,0.029516416,0.39625317,0.22454813,0.30682796,0.007393475,0.16233423,1.1330458,1.4519448,2.4218037,0.28691924,0.75151485,0.19170755,0.9515185,1.6030464,1.6312536,0.08063559,0.46065035,Medullary_cords,496.47255714691823
TACACAGCCGTGGTGC-1,1,72,74,4313,13502.0,4313,3515.5415,Low,2,6,5,2,2,1,2,4,4185.18111913929,0.0,-0.3129209876060486,0.09224066390798151,0.3023505210876465,0.1043885989818512,0.16416078805923462,0.3860285933129356,-0.14808791875839233,0.4348224159863853,-0.29834699630737305,0.10929016843600685,0.3295966684818268,0.0752980663981589,0.14451548,0.16846696,0.37495652,0.0,0.22430983,0.013877715,0.073873505,0.172124,0.42662603,2.2654474,2.5818014,0.13857768,0.13857768,0.06928884,1.3437133,0.53521377,2.599082,0.27715537,0.37978214,Medullary_cords,137.92751719653333
TACACCGTCGTTAGTC-1,1,25,117,6072,20424.0,6072,4241.4883,Medium-High,3,0,0,0,4,2,0,3,2532.1715976607907,0.6730116670092565,-0.5108944773674011,0.003914091787618373,-0.1806754171848297,0.33935281624293867,0.3907737135887146,0.03275018713656519,-0.02523537166416645,0.8946936393660017,-0.43594488501548767,0.016032901894737755,-0.1968882977962494,0.29702697032417613,0.04594944,0.0030582752,0.15002517,0.14962333,0.16921414,0.31467175,0.16745788,0.25436658,0.78933257,1.9666224,2.7200258,0.2703186,0.51888037,0.37038213,1.465933,1.0507361,2.2301035,0.0996343,0.7351507,Medullary_cords,240.0
TACACCTCTTCGAATC-1,1,71,91,5441,15714.0,5441,4369.914,Low,4,6,1,4,2,1,4,7,3957.8984322491146,0.6365141682948128,0.008254783228039742,0.9654681601376224,-0.17288808524608612,0.36091864698223025,0.1796695590019226,0.34209352317500474,-0.2829180955886841,0.12979640914090132,-0.45613688230514526,0.011295224452249264,0.340756893157959,0.06537527121377067,0.1540522,0.22554548,0.1182692,0.29949534,0.15683901,0.03240644,0.013392279,0.22574472,0.5094758,2.210452,2.3913236,0.061560445,0.19504201,0.6756461,1.9105456,0.88602877,2.0819106,0.0,0.35574418,Medullary_cords,0.0
TACAGAAACGGTGGGC-1,1,59,85,6717,24502.0,6717,4364.371,Medium-High,3,6,2,0,2,1,5,6,2523.936607761772,0.0,-0.34164896607398987,0.0646284037759058,0.11571399867534637,0.5425828091868485,0.16095587611198425,0.39549658330588233,0.20543673634529114,0.2761189855161668,-0.09300300478935242,0.6249726476743827,0.10913706570863724,0.5659085874349485,0.02658384,0.0,0.0232806,0.3170432,0.12747806,0.30824858,0.19736573,0.32109502,0.9466704,1.680043,2.6613493,0.3631329,0.7580583,0.2665918,1.0554487,1.5230466,1.8294215,0.0,0.49149698,Medullary_cords,238.76766950322232
TACATAGGCATACACC-1,1,40,60,4073,10142.0,4073,3958.972,Low,1,9,3,6,0,7,7,5,1942.5122908234068,0.6365141682948128,0.07515130937099457,0.6930722597024913,-0.03534969314932823,0.8528770400759096,-0.11165937781333923,0.556909340646584,0.2916688919067383,0.11784598756301208,-0.0995713546872139,0.6006228819408275,-0.02299216389656067,0.9040095556949089,0.039574005,0.0,0.077147394,0.059135582,0.042393,0.2627868,0.5189633,0.3077256,0.6236973,2.1055088,3.0031757,0.3077256,0.3077256,0.25733244,1.6523396,1.0507795,1.9230354,0.44389623,1.1188335,Medullary_cords,137.05838172107534
TACATCCCTATCCCTG-1,1,44,14,7045,28351.0,7045,4299.5244,High,2,7,0,3,3,6,2,3,5144.203048092095,1.0986122886681096,-0.5417085886001587,0.0019897588558243358,0.036665722727775574,0.847462242146143,0.0757373720407486,0.6907952798511654,-0.12119361013174057,0.5235017162040316,-0.029928218573331833,0.8752502600441021,0.24311116337776184,0.1954866111143684,0.07929837,0.00025801206,0.12098024,0.10456658,0.1943906,0.16940318,0.331103,0.25505862,0.558177,2.1500473,2.869332,0.24128592,0.57680094,0.16575634,1.6050395,0.8621137,2.324665,0.075529575,0.5380395,Medullary_cords,138.00362314084367
TACATTTCTAACGTGC-1,1,39,55,3593,10028.0,3593,3526.16,Low,1,9,3,5,3,7,3,5,2274.4926906895084,0.45056120886630463,0.04532572627067566,0.8120111364411344,-0.0833224356174469,0.6615702400845553,-0.16008785367012024,0.39808353550121217,0.12778708338737488,0.5009821350077736,-0.07166977226734161,0.7066522686202031,-0.07767278701066971,0.6832946358652214,0.06597573,0.0,0.13744128,0.13273108,0.20995301,0.018322743,0.4355762,0.28736898,0.4743054,2.1233888,2.9964635,0.22356239,0.6838689,0.13709363,1.4714837,1.1055322,2.372999,0.0,0.71157444,Medullary_cords,239.0
TACCAAATAGCCCAGA-1,1,59,61,6260,20364.0,6260,4377.296,Medium-High,2,2,0,3,2,1,0,3,3127.347758085116,0.6365141682948128,0.0272452924400568,0.8863581608329426,-0.007625480182468891,0.9680993122850431,0.02194172888994217,0.9083763266784243,-0.1686762422323227,0.37291346249023555,-0.15317632257938385,0.4190230896926898,0.4495653808116913,0.01268737316363986,0.09673367,0.0,0.20810772,0.14488429,0.15481374,0.00592257,0.38953805,0.34181994,0.76949435,2.2132025,2.8445165,0.18539347,0.39031875,0.3564359,1.7855954,1.1545944,2.3810818,0.27091467,0.42415172,Medullary_cords,365.0
TACCAATAAAGTACCA-1,1,55,83,6683,25522.0,6683,4244.0376,High,2,6,0,0,2,4,0,3,2065.015738438814,0.6365141682948128,-0.0760609582066536,0.6895392085151454,0.238922581076622,0.20353744804803148,-0.20234324038028717,0.2835726624631912,0.1849817931652069,0.3277701818125786,-0.16147498786449432,0.39395408363021944,6.342306733131409e-05,0.9997346069745737,0.054480746,0.0,0.30140105,0.33082783,0.14655887,0.0,0.16673157,0.27236396,1.005269,1.7411953,2.4350781,0.20663902,0.6225138,0.32030085,1.1797178,1.4408468,2.7172937,0.27697054,0.33619612,Medullary_cords,601.4000332557357
TACCAGAAGTAGGTTC-1,1,49,51,5119,16371.0,5119,3949.4775,Medium-Low,2,9,0,2,3,7,0,3,2867.910737801998,0.6365141682948128,0.07135670632123947,0.7078778168304378,-0.08385194092988968,0.6595475578509202,-0.15520529448986053,0.4128134323688381,-0.19378361105918884,0.3048616160136164,-0.025191547349095345,0.8948755118960013,-0.020897258073091507,0.9127209007163792,0.0036186727,0.06562187,0.24611825,0.12692188,0.07840787,0.28593644,0.19337507,0.35311607,0.5147059,1.9205033,2.8072672,0.2785651,0.7334132,0.09978254,1.1990058,1.0688088,2.4587986,0.57904416,0.61314106,Medullary_cords,275.98007174431996
TACCAGCTAGGTTTAA-1,1,11,65,5848,18533.0,5848,4372.102,Medium-Low,0,5,7,4,6,3,4,0,3600.5806476178254,1.0114042647073518,-0.20729216933250427,0.27170954972603206,-0.21963171660900116,0.24354847986471728,-0.41523754596710205,0.022498901382238992,0.20813775062561035,0.26971523182871127,0.07216121256351471,0.704729894739149,0.009078471921384335,0.9620248116332657,0.27853435,0.0,0.06621154,0.2932037,0.25390562,0.024670104,0.08347462,0.091502264,0.39613754,2.3168957,2.7084932,0.19938882,0.5855238,0.5425416,2.0546508,0.840946,1.9051588,0.0,0.30430838,B_cell_zone,0.0
TACCAGGAATCCCGTC-1,1,68,36,4622,12897.0,4622,3963.652,Low,3,4,0,0,5,0,0,3,5072.124308413586,1.0114042647073518,-0.3146219849586487,0.09039054328200574,-0.29621124267578125,0.11197432761760348,-0.08726217597723007,0.6465774817014607,0.17188039422035217,0.3637673878284242,0.013785962015390396,0.9423602912738924,0.22906753420829773,0.22337119278513026,0.0394329,0.003196756,0.28973114,0.24746536,0.25422922,0.024453834,0.14149082,0.30432692,0.7413405,2.0204573,2.8225427,0.07175139,0.5995768,0.6448737,1.161097,1.1679041,2.3451543,0.28700557,0.5600537,Medullary_cords,497.9317222270539
TACCGAATAATTGTAA-1,1,67,93,6666,25385.0,6666,4195.49,High,1,6,3,3,2,1,6,5,3490.893581878428,0.8675632284814613,0.2647884786128998,0.15734238409773466,-0.32756033539772034,0.07722766634481988,0.04735642671585083,0.8037479250373502,0.037954095751047134,0.8421678207603638,-0.48182910680770874,0.007016034010883877,0.11786797642707825,0.5350433167600659,0.037149422,0.0,0.058872115,0.014369141,0.4206957,0.0,0.46891358,0.34530902,0.53166246,2.2557597,2.6781201,0.041517586,0.37355545,0.36111325,1.5276257,0.71359235,2.3506315,0.37355545,0.5934608,Medullary_cords,138.42326394071193
TACCGCGGACTTGCAG-1,1,33,97,5996,19005.0,5996,4345.3916,Medium-Low,3,0,2,0,0,4,5,6,861.3501030359258,0.45056120886630463,-0.2879963219165802,0.12275782187211957,-0.1477237194776535,0.43596556136492914,-0.014727708883583546,0.9384299671460802,-0.059125758707523346,0.7562902211776288,-0.5289824604988098,0.002651414444948774,0.10456275939941406,0.5823952085731047,0.04920536,0.0027030932,0.14843968,0.45264956,0.23600948,0.037184335,0.07380844,0.14271922,1.1215941,1.6867216,2.5575356,0.40849113,0.39002573,0.3012565,1.0121638,1.6696554,2.1114376,0.10569152,0.6568136,Medullary_cords,364.6601157242179
TACCGGCTCACTGCCC-1,1,47,65,3641,8170.0,3641,3848.6558,Low,2,2,5,2,0,7,2,3,1914.9736290612464,0.6365141682948128,-0.2916434109210968,0.11787955684542979,-0.10436157137155533,0.5831251643567148,0.058421868830919266,0.7591060761497761,0.048672713339328766,0.7984027607992734,-0.02329535409808159,0.9027496661137278,-0.18846482038497925,0.3185817852360958,0.026764302,0.0019063643,0.10530772,0.15821542,0.10878504,0.26998076,0.32904038,0.099912874,0.48644173,2.1540167,2.5285237,0.0,0.7470727,0.25463647,1.6847582,1.2171155,2.4151697,0.19982575,0.86287975,Medullary_cords,239.00209204105306
TACCGGTCGTTTCCAT-1,1,44,34,5328,15681.0,5328,4241.4683,Low,0,9,2,1,3,6,1,0,3785.658331122871,0.8675632284814613,-0.10563643276691437,0.5785065155073076,-0.13390421867370605,0.48053261826150334,-0.14741605520248413,0.43693252995620474,0.024995170533657074,0.8956905469728651,0.2841607928276062,0.1280472551803088,0.26715391874313354,0.15352877113401764,0.108401425,0.0021821088,0.11477564,0.15253276,0.24884236,0.0,0.3732658,0.061662704,0.52456945,2.2368436,2.801492,0.12332541,0.57562137,0.32886755,1.7525212,1.008023,2.080937,0.0,0.45784906,Medullary_cords,477.31017169132275
TACCGTAGGTTAACTA-1,1,59,57,6026,21419.0,6026,4040.2446,Medium-High,2,2,5,2,2,1,2,4,3299.0642612716715,0.0,0.21448908746242523,0.25503940510148765,-0.2905445098876953,0.11933403247330622,0.06987851113080978,0.7136740764645826,-0.17439812421798706,0.35667461805614,-0.19970257580280304,0.2900361749096862,0.2477165013551712,0.18689247327779546,0.006398767,0.0022671532,0.24290337,0.15929484,0.38659087,0.014284688,0.1882603,0.35620594,0.647068,2.0170012,2.5565717,0.34443724,0.31471595,0.3701151,1.2576709,0.9555515,3.1500053,0.41049957,0.6651318,Medullary_cords,237.9012400135821
TACCGTGCCTCGGACC-1,1,51,69,4389,13503.0,4389,3582.1863,Low,2,2,5,2,2,7,2,4,2033.9953293948342,0.0,0.17040306329727173,0.36796774550100303,0.22800078988075256,0.22559375524541697,-0.03872092068195343,0.8390198253856941,0.28672903776168823,0.12448732134646748,0.02971530519425869,0.8761309477258045,-0.3050417900085449,0.10118762547962919,0.017061159,0.0,0.56328523,0.13793498,0.11976473,0.0,0.16195394,0.33207595,0.4772784,1.9981729,2.552059,0.43501183,0.5292525,0.25214443,0.8965518,0.77695596,2.980926,0.5695876,0.3029077,Medullary_cords,414.03864553927815
TACCTACTCCCAGTAT-1,1,58,62,5270,15821.0,5270,4085.5833,Low,2,2,0,2,2,1,2,4,2990.4273942030427,0.45056120886630463,-0.06203567236661911,0.7446821438226343,-0.051919497549533844,0.7852568497470868,-0.009598543867468834,0.9598510436387954,-0.08923105895519257,0.6391349292855489,-0.13794687390327454,0.4672581204998109,0.43341875076293945,0.016727521152554926,0.04358832,0.0,0.268956,0.28405407,0.21064726,0.017339751,0.17541459,0.21137857,0.7002647,1.8795865,2.860817,0.3471078,0.38802877,0.18371208,1.220208,1.1698259,2.7561753,0.65421826,0.40863338,Medullary_cords,496.9557324349926
TACCTCACGCTTGTAC-1,1,16,56,6068,20676.0,6068,4168.8096,Medium-High,1,8,4,3,1,3,0,3,3433.8494434089566,1.0114042647073518,0.16585727035999298,0.38107026746295436,-0.07786796987056732,0.6825398339886121,-0.03326873481273651,0.8614524310521435,-0.3046819567680359,0.10161127538132747,-0.5292771458625793,0.0026341761805053795,0.11539436876773834,0.5437058469580789,0.074920714,0.07210389,0.17946672,0.09857198,0.012370249,0.16574967,0.3968167,0.4673164,0.570031,2.4206185,2.788311,0.26780277,0.35802823,0.26000944,1.487906,0.9989625,2.2253098,0.54688436,0.3937069,Medullary_cords,137.05838172107534
TACCTCAGTTGTCTGT-1,1,60,50,5982,22656.0,5982,3914.5513,Medium-High,2,2,5,2,2,0,2,4,3713.0910303950263,0.45056120886630463,-0.2668737471103668,0.1539769684198062,-0.15127483010292053,0.42488943754395875,0.16543713212013245,0.38229475264941853,0.1616581678390503,0.39341060155702895,-0.29943767189979553,0.10793812389357849,-0.06676116585731506,0.7259487213902716,0.07540347,0.0,0.41217265,0.09503994,0.1946285,0.22275539,0.0,0.32987934,0.49262673,2.0077307,2.5639997,0.374393,0.40308028,0.4944846,1.1017982,0.75763106,2.9442198,0.09140435,0.52189636,Medullary_cords,364.3295211755424
TACCTCCACACCAATG-1,1,65,29,5368,17122.0,5368,4088.293,Medium-Low,3,1,2,0,5,0,5,6,5191.372169282415,0.0,0.007471635937690735,0.968742594880578,0.09974848479032516,0.5999718843553649,-0.03569142147898674,0.8514703600983938,-0.10831257700920105,0.5688644845707472,0.12051322311162949,0.5258531329816297,0.4632434546947479,0.009936247106886412,0.03697297,0.0,0.09715584,0.35906854,0.0,0.3949714,0.11183128,0.21172595,1.0403751,1.3254274,2.5767617,0.057497628,0.64500517,0.21172595,0.8301039,1.5793926,1.5639532,0.114995256,0.37436706,T_cell_zone,602.8474102125678
TACCTGCTGCACTGTG-1,1,28,22,6584,27443.0,6584,3970.8743,High,2,11,0,2,3,6,2,4,4698.160491085846,0.0,-0.03052287921309471,0.8727913026322872,-0.004253626801073551,0.9822021474325395,-0.3222622573375702,0.08242651352751926,0.21931859850883484,0.2442381261422223,-0.10716012120246887,0.5730078286415027,-0.02124984748661518,0.9112539901305737,0.052728537,0.0,0.363881,0.23381533,0.005007936,0.18908127,0.15548599,0.24018213,0.78062516,2.0315433,2.6271374,0.14611745,0.33107713,0.3830804,1.2590094,1.2322078,2.5800636,0.07768446,0.52344024,Medullary_cords,365.65831044842946
TACCTTAAGATTTCCC-1,1,49,29,5575,16722.0,5575,4283.79,Medium-Low,3,9,0,0,3,6,0,3,4269.771422453431,0.6365141682948128,-0.3862980604171753,0.03498170324089455,-0.04024149104952812,0.8327847694211981,0.09392136335372925,0.6215440206022882,-0.00719103217124939,0.9699159575508122,-0.2664646506309509,0.15463309685489673,0.06209515407681465,0.744445423612917,0.057818286,0.0,0.15798737,0.24435975,0.13205004,0.35336834,0.05441624,0.42992923,0.69321775,2.0213363,2.6841888,0.058598045,0.37407815,0.29299024,1.3323138,1.46301,2.5098212,0.11719609,0.7978567,Medullary_cords,365.7608508301565
TACGAACACGACTTCA-1,1,31,53,6683,25217.0,6683,4197.3223,Medium-High,1,3,3,3,1,2,3,3,2550.518574721619,0.0,0.04483259096741676,0.8140208007663764,0.012436943128705025,0.9479926303119415,-0.18219222128391266,0.3352451692645993,-0.39223358035087585,0.03204774634475808,-0.44922733306884766,0.012762702102660813,0.04313534125685692,0.8209463429968579,0.016385064,0.0007896214,0.12056784,0.13129026,0.25556064,0.12892178,0.34648475,0.18991624,0.6752493,2.0223467,2.7220566,0.24000743,0.47749233,0.22949852,1.371798,0.99578464,2.4695146,0.22949852,0.7556621,Medullary_cords,137.92751719653333
TACGACGCTTGCTGCG-1,1,46,54,4823,12890.0,4823,4171.084,Low,3,9,0,0,3,7,0,3,2528.9404896122014,1.0114042647073518,-0.06899489462375641,0.7171463890933931,0.1418369859457016,0.4546683527816272,-0.3055717349052429,0.10056611741351593,-0.4318249225616455,0.01717848821264376,0.029205136001110077,0.8782417823675563,0.32085415720939636,0.08385232862142444,0.005836765,0.08830676,0.15698183,0.1339374,0.22189844,0.2346407,0.1583981,0.3904326,0.6202433,1.9549553,2.9056175,0.38698754,0.8013576,0.14356208,1.1571624,0.9681754,2.2014387,0.44410878,0.5479001,Medullary_cords,238.76766950322232
TACGACTGCCTCTTAG-1,1,44,66,3493,7379.0,3493,3937.527,Low,4,2,1,4,0,7,4,7,1675.969271794683,0.0,-0.18526411056518555,0.3270194214396757,-0.2062244415283203,0.27424140370632893,-0.028977034613490105,0.8791858218023583,-0.01075042225420475,0.955037512444354,-0.10286330431699753,0.5885738533350545,-0.2008439004421234,0.28723116599088405,0.22957581,0.0,0.069240555,0.233422,0.3147509,0.0,0.1530107,0.0,0.70667857,2.2215757,2.645202,0.10707806,0.21415612,1.069291,1.8046561,0.9352226,2.2695196,0.0,0.14277075,Medullary_cords,137.55726080436466
TACGAGAACTTCACGT-1,1,35,39,4770,13554.0,4770,4085.6934,Low,4,9,1,4,3,6,4,7,3392.2082778037084,1.0114042647073518,-0.3858557343482971,0.035208743081906406,-0.18159714341163635,0.3368530727123252,-0.10755191743373871,0.571597713286187,0.4843114912509918,0.006687752018196153,-0.2786440849304199,0.13594613507485448,-0.3974931240081787,0.02961750269358447,0.106461234,0.0,0.12629032,0.28227106,0.32097822,0.031946562,0.1320526,0.06907675,0.6451634,2.035424,2.871178,0.06907675,0.46744645,0.75164497,1.9894307,1.2590297,2.0516033,0.1381535,0.3211038,Medullary_cords,0.0
TACGATGTTGATCATC-1,1,35,35,2738,6496.0,2738,3293.5671,Low,5,7,6,5,3,6,3,5,3665.7469907237187,0.8675632284814612,-0.09482777863740921,0.6181675808302647,0.1831771582365036,0.3325941520979777,-0.028950903564691544,0.879293980331714,0.12359640002250671,0.5152386949874095,-0.10618482530117035,0.5765247775219589,-0.016535364091396332,0.930889875217537,0.042988244,0.0,0.15062088,0.5278215,0.0,0.0,0.27856934,0.0,0.7497749,1.4853601,2.4496865,0.23298283,0.5252001,0.2922173,0.990573,1.1862555,1.6431767,0.0,0.1553219,Medullary_cords,238.40302011509837
TACGCAGTTCTTTCCT-1,1,41,51,4457,13160.0,4457,3817.6553,Low,1,9,3,5,3,7,3,5,2572.1726225119496,0.6365141682948128,-0.07780290395021439,0.6827914205164891,0.3204283118247986,0.0842872260662526,-0.027627747505903244,0.8847733732778431,0.1913306713104248,0.31114237122176863,-0.18000110983848572,0.34118865714415336,0.05214688926935196,0.7843382837850995,0.015977379,0.0,0.09095379,0.12491138,0.29712272,0.16727392,0.3037608,0.14132759,0.4026094,2.078003,2.8757896,0.0,0.60345465,0.14132759,1.6171495,0.7767966,2.2343318,0.14132759,0.5751856,Medullary_cords,138.0
TACGCCATATTCTAAT-1,1,40,58,5008,14155.0,5008,4161.236,Low,1,9,3,6,0,7,7,5,2078.4900769549035,0.6931471805599453,0.05621073767542839,0.7679710340137544,-0.10069228708744049,0.596508275335283,-0.1667405515909195,0.3785033951892592,0.4512975811958313,0.01230718614315214,-0.11133236438035965,0.558072348858452,0.048281580209732056,0.7999901495720366,0.04998073,0.0010960774,0.08471558,0.027561774,0.2295341,0.21292877,0.39418295,0.22022061,0.531162,2.1920526,3.12071,0.24372348,0.5648668,0.31053007,1.7492936,0.77596104,1.8520083,0.63825536,0.64645517,Medullary_cords,137.55726080436466
TACGCCGAGGGTACCC-1,1,56,34,6026,21771.0,6026,4011.088,Medium-High,2,9,5,3,5,0,6,4,4297.228060040566,0.0,0.09692022204399109,0.6104022683374434,0.1218692809343338,0.5211716564478446,0.032174915075302124,0.8659661981868764,0.19209694862365723,0.30917171478777167,-0.11407019942998886,0.5483700011888816,-0.003967169672250748,0.9834005603396224,0.02749125,0.048829,0.20858014,0.0977318,0.047972057,0.21939787,0.34999794,0.2624619,0.48443854,2.3168626,2.7941687,0.12871349,0.61100227,0.30467927,1.4898164,0.95373917,2.7523706,0.82087743,0.8222873,Medullary_cords,365.65831044842946
TACGCCTCCATTCCGA-1,1,55,59,5614,18658.0,5614,3991.7139,Medium-Low,2,2,5,2,2,7,2,4,2851.2737504490865,0.0,-0.1282932162284851,0.4992737714092705,-0.19142982363700867,0.3108869383322963,0.25008490681648254,0.18257700011850492,0.2029636949300766,0.28206747261921006,0.011406339704990387,0.9522972112713317,-0.12966397404670715,0.49466174874967506,0.02590601,0.062698744,0.25629932,0.10089798,0.07155867,0.16563646,0.31700283,0.30436164,0.4191367,2.0455618,2.5456705,0.28075176,0.4325902,0.19834924,1.3357228,0.8015603,2.6812081,0.1072894,0.5124532,Medullary_cords,497.1810535408605
TACGCTATAGAAACCT-1,1,34,104,7378,29872.0,7378,4505.9785,High,0,0,7,4,0,4,4,0,1201.4832499872814,0.6931471805599453,-0.7044654488563538,1.3921647652307729e-05,-0.17038494348526,0.3680194403862857,0.7005655765533447,1.627793953101039e-05,-0.08632806688547134,0.6501202787386885,-0.6792387962341309,3.6727686156364334e-05,-0.1691305935382843,0.3716084170174112,0.14382249,0.0020983566,0.112163246,0.2993745,0.17012945,0.0053207893,0.26709113,0.25915325,0.7391953,2.114208,2.7254891,0.14231202,0.6266001,0.56203216,1.5297278,1.1567783,1.9085002,0.24601004,0.29741222,Medullary_cords,137.00364958642524
TACGCTCCTAGAACTG-1,1,73,47,4787,13564.0,4787,4032.844,Low,2,4,0,0,5,0,0,3,5053.6071275871855,0.6365141682948128,-0.25505852699279785,0.17374293777119681,0.08914367109537125,0.6394645425713511,-0.380601704120636,0.03799754926791356,-0.011183595284819603,0.9532277378051457,-0.040123604238033295,0.8332678105990337,0.1522473394870758,0.4218834748135079,0.013707884,0.08389271,0.2609428,0.046056714,0.15952398,0.23477505,0.2011009,0.29554632,0.63530207,2.0042021,2.481992,0.25132957,0.61308,0.18229195,1.3405712,1.1002502,2.6197643,0.42977822,0.5154285,Medullary_cords,240.00208332429116
TACGCTCGGTATTGGA-1,1,61,113,4893,15741.0,4893,3853.7673,Low,2,13,3,2,7,1,2,4,3248.6897358781434,1.0114042647073518,0.021366000175476074,0.9107708116447636,0.181200310587883,0.3379279174368303,0.0945744439959526,0.6191105010049116,0.2308986485004425,0.21959068157612405,-0.030646689236164093,0.872279486082239,0.35854867100715637,0.051696903708059794,0.03671679,0.20415747,0.23435505,0.16184932,0.09175443,0.0,0.27116692,0.27335984,0.5999203,2.0531607,2.7651627,0.24590814,0.29732153,0.24590814,1.4261622,1.271668,2.2814994,0.20500743,0.38257977,Medullary_cords,137.92751719653333
TACGCTGATAGTTGTA-1,1,73,13,7074,30566.0,7074,4172.674,High,5,1,3,5,5,0,3,5,6650.197666235193,0.6365141682948128,-0.26513341069221497,0.1567820928648791,0.36151838302612305,0.049652541891815144,-0.04699605330824852,0.8052128507567516,-0.34860262274742126,0.059032326478181275,-0.1529930979013443,0.419586392170508,0.20753885805606842,0.27112674680624665,0.07914996,0.06321308,0.07313687,0.26715446,0.15326545,0.14052631,0.22355391,0.21963596,0.62853944,1.945992,2.7475672,0.14152905,0.55368984,0.5003784,1.4811804,1.1217465,2.22575,0.0,0.40160793,Medullary_cords,276.3494165001982
TACGCTGCTGTGTTAA-1,1,68,24,6865,27228.0,6865,4346.2925,High,3,1,2,0,5,0,5,6,5685.281435426043,0.0,-0.5260420441627502,0.0028288235517935035,-0.05137122422456741,0.7874728016959479,0.16864782571792603,0.3729951730577529,-0.06796082854270935,0.7212169413220636,-0.08883309364318848,0.6406365362303995,0.3160937428474426,0.08881264625661972,0.02813937,0.0,0.1234797,0.3429055,0.18465437,0.026806846,0.29401422,0.33977935,1.0669454,1.5602355,2.5692391,0.18183249,0.5397633,0.5710698,0.9687963,1.4420606,1.8260076,0.07820876,0.46179557,Medullary_cords,238.90793205751876
TACGGAAGCCAAACCA-1,1,69,73,5699,21703.0,5699,3766.5662,Medium-High,2,6,5,2,2,1,2,4,3854.2424677230674,0.0,0.27217474579811096,0.14565509746963065,-0.08624566346406937,0.6504331708866814,-0.12659800052642822,0.505007165721346,-0.17568860948085785,0.3530713189943148,-0.5288975834846497,0.0026563975373222327,0.06810523569583893,0.7206480377942522,0.036974367,0.059474684,0.24865375,0.1429236,0.11970363,0.13322335,0.25904655,0.21225706,0.4318319,2.2951434,2.670521,0.2375265,0.33227035,0.1085115,1.3349313,0.6661048,2.8610644,0.18948767,0.4724971,Medullary_cords,365.0
TACGGCATGGACGCTA-1,1,63,115,5254,17175.0,5254,3944.4946,Medium-Low,1,13,3,5,7,1,3,5,3524.4937225082413,0.9002560512685369,-0.1296948790550232,0.49455801520021125,0.3539183437824249,0.05501660952454613,0.21102513372898102,0.26297699506966943,0.13209028542041779,0.48655133597827427,-0.23391345143318176,0.21346135706489466,0.28017520904541016,0.1337190913500223,0.018974835,0.10219098,0.12696256,0.062594436,0.18897635,0.17009993,0.3302009,0.22284093,0.5207989,2.15018,2.6817229,0.29839244,0.43054453,0.2278523,1.6123836,0.9378892,2.3362834,0.11472136,0.5807412,Medullary_cords,239.26763257908496
TACGGGATGCTAGCAG-1,1,21,83,5972,18715.0,5972,4401.6143,Medium-Low,3,5,7,7,4,2,8,6,2064.7096648197294,1.0114042647073518,-0.6066418886184692,0.00037955092159732643,-0.10492359101772308,0.5810870409621606,-0.013184614479541779,0.9448706791742548,0.02178984135389328,0.9090079590942881,-0.05057042837142944,0.7907122922067263,0.23494663834571838,0.21138792830484893,0.05882279,0.07474549,0.13117123,0.2401652,0.0,0.3120001,0.18309525,0.14292578,0.7284838,2.155054,2.7072256,0.21405645,0.70141196,0.3408202,1.8231094,1.261311,1.8457385,0.21405645,0.45636627,Medullary_cords,0.0
TACGGGTAATAACATA-1,1,72,88,7422,33556.0,7422,4351.932,High,4,6,1,4,2,1,4,7,4073.0122759451633,0.6365141682948128,-0.02674791030585766,0.8884198161816343,-0.17930376529693604,0.34309352620501143,-0.09175668656826019,0.6296379754323622,0.07536361366510391,0.6922471077337158,-0.30443453788757324,0.10190334758047544,0.25986406207084656,0.165498318481742,0.16777575,0.07165459,0.17762925,0.10752885,0.06940725,0.19450831,0.21149604,0.22175089,0.29847872,2.2414582,2.6325314,0.097811915,0.48659214,0.7447129,1.8388755,0.7413076,2.0269575,0.18208598,0.32070002,Medullary_cords,0.0
TACGTAAAGCGGAGTG-1,1,63,103,7391,35543.0,7391,4006.9958,High,1,13,3,5,7,1,3,5,3167.5959338274192,1.0114042647073518,0.15168410539627075,0.42362295570240166,0.049975473433732986,0.7931213045795387,0.08714521676301956,0.6470206605417261,-0.06396344304084778,0.7370218842012073,-0.2710166871547699,0.14744468753302847,0.08633298426866531,0.6501016088982395,0.051770207,0.0701676,0.123033375,0.030508837,0.28748137,0.0,0.4370386,0.40034208,0.222291,2.1904705,2.6508808,0.13847382,0.5104884,0.26037297,1.5582405,0.6272181,2.406114,0.2504681,0.59700006,Medullary_cords,364.3295211755424
TACGTACTAGTGCTGA-1,1,62,42,5784,18358.0,5784,4274.1,Medium-Low,5,4,4,1,5,0,1,1,4276.794360265641,0.6365141682948128,-0.6840028762817383,3.080168174908116e-05,0.10739964246749878,0.5721455813565424,0.13447026908397675,0.4786623198912334,0.12685911357402802,0.5041219235263326,-0.2798745334148407,0.13415430978226098,-0.299640953540802,0.10768751764179861,0.18044527,0.0025880137,0.0,0.23328276,0.25928533,0.021331564,0.30306712,0.14456637,0.37290242,2.5455222,2.975063,0.10871092,0.6164896,0.20082313,2.1797502,1.1129347,1.8775816,0.40164626,0.3063756,B_cell_zone,0.0
TACGTGCACTATGCTG-1,1,21,33,5725,17915.0,5725,4222.7983,Medium-Low,2,11,0,0,1,5,0,3,4298.884739092222,1.0114042647073518,-0.6342292428016663,0.00016752780639836266,0.2077629119157791,0.27059812088180346,0.14795801043510437,0.4352299832382828,-0.17903751134872437,0.34382251748973885,-0.004707060754299164,0.9803052542366137,0.2776930630207062,0.13734296727095746,0.12837316,0.001523374,0.24678102,0.35911873,0.2642037,0.0,0.0,0.36869776,0.69894695,2.2082765,2.7596915,0.2046037,0.6580068,0.11088646,1.4626653,1.2845501,2.4119668,0.37486896,0.2889272,Medullary_cords,238.90793205751876
TACGTGGGCCCAGGGC-1,1,69,81,4727,13872.0,4727,3927.1033,Low,5,6,3,1,2,1,1,1,3744.990520682262,0.6365141682948128,0.11864744871854782,0.5323273203338028,-0.151242196559906,0.42499051032468904,-0.23835960030555725,0.20463668122837994,-0.10954219102859497,0.5644587205106089,0.22740818560123444,0.2268348722275768,0.3449806272983551,0.06189771912365465,0.14118539,0.0,0.08429366,0.11417857,0.16630623,0.0,0.49403614,0.24729799,0.5199419,2.3528812,3.0818489,0.111589536,0.4590777,0.22317907,2.110958,0.9067208,1.9754648,0.40712535,0.38804442,B_cell_zone,0.0
TACGTTTACCGGCAAT-1,1,40,32,3500,9332.0,3500,3517.5022,Low,1,7,3,5,3,6,3,5,3862.035344219418,0.8675632284814613,-0.18758325278759003,0.32089218458784163,-0.04425764083862305,0.8163653444880603,-0.09136868268251419,0.6310932525022486,0.15938244760036469,0.40019292408046103,-0.08404792845249176,0.6587994911637124,0.39486005902290344,0.030814714902950166,0.04385622,0.0005556342,0.0,0.3897597,0.49355534,0.022219054,0.050053954,0.3185575,0.74972266,1.850916,2.6448565,0.37734646,0.36190173,0.09103905,1.3105668,1.3326182,1.9790374,0.1820781,0.6009151,Medullary_cords,238.76766950322232
TACTACGTGCAATGCG-1,1,71,85,5462,16623.0,5462,4221.649,Medium-Low,1,6,3,6,2,1,7,5,3957.905759363151,1.0114042647073518,0.27418816089630127,0.1425811992864647,-0.21913938224315643,0.2446334346654766,-0.2187691181898117,0.24545149299060723,-0.00986025296151638,0.9587572721796969,0.2903331518173218,0.1196152973882738,0.3255021572113037,0.07921643175680183,0.049597487,0.08575661,0.1308738,0.13322943,0.22727011,0.0050540813,0.36821845,0.24667087,0.6435429,2.033398,2.8610303,0.058876354,0.42329997,0.17662907,1.4671353,0.9578469,2.0692828,0.23550542,0.5007854,Medullary_cords,137.55726080436466
TACTATGGTTCCTCAG-1,1,57,47,5010,16427.0,5010,3725.0066,Medium-Low,2,2,5,2,5,0,2,4,3625.958907654636,0.0,0.17145778238773346,0.36496605560971646,0.07961574196815491,0.6757943804639971,-0.07861822843551636,0.6796412685414637,-0.2582159638404846,0.16829389966911973,-0.42269018292427063,0.019961724828896105,0.3535318672657013,0.055301112340086916,0.0762852,0.0,0.2211402,0.20161721,0.28818733,0.21277002,0.0,0.40377277,0.38090077,2.1561036,2.5314107,0.33727795,0.935133,0.17829747,1.7012622,0.98983216,2.778211,0.43682596,0.29121733,Medullary_cords,477.31017169132275
TACTCCTCTAGTTGAC-1,1,64,36,5925,19076.0,5925,4266.8716,Medium-Low,5,1,0,6,5,0,1,1,4744.7142168944165,1.0114042647073518,-0.37430357933044434,0.04157156500862543,-0.288066029548645,0.12266320726714926,0.04215771704912186,0.8249415218018195,-0.03723232075572014,0.8451330567327109,-0.25700247287750244,0.17037358206634376,0.07547062635421753,0.6918313179069693,0.059478857,0.21737182,0.018275911,0.20404528,0.11373295,0.0,0.38709524,0.2135393,0.68854314,2.0965838,2.9309978,0.15806255,0.85697913,0.35307562,1.5035086,1.3106657,1.6946687,0.17927608,0.4345078,Medullary_cords,276.0
TACTCGGCACGCCGGG-1,1,36,16,3747,11081.0,3747,3480.7285,Low,5,7,6,5,3,6,3,5,4962.194877269533,1.0114042647073518,-0.058467790484428406,0.7589222777331164,0.16056130826473236,0.3966713144294372,0.1120721846818924,0.5554428080819708,-0.29183200001716614,0.11763127278672839,-0.25663048028945923,0.17101473229733452,-0.006098471581935883,0.9744851342804873,0.12664004,0.0037605865,0.10030014,0.32308927,0.32549584,0.018385233,0.10232887,0.24119362,0.5729356,1.9380045,2.9348483,0.12892786,0.41865146,0.3245932,1.3661175,0.7736834,2.1736434,0.0,0.38629815,Medullary_cords,138.00362314084367
TACTCGTTTGAATCAA-1,1,72,86,5115,15533.0,5115,4106.5225,Low,0,6,7,4,2,1,4,0,4075.0107975317073,1.3296613488547582,-0.0027501285076141357,0.9884924988886178,-0.23769301176071167,0.20594347867867432,-0.08364231884479523,0.6603480227623143,0.0690595880150795,0.716891977511951,0.007963806390762329,0.9666847084612362,0.3110736012458801,0.09428241567875835,0.11081286,0.12735729,0.173342,0.07862195,0.11870562,0.024642872,0.36651742,0.18637684,0.7404666,2.109487,2.8025706,0.10343688,0.40775383,0.28981373,1.918014,0.86285806,1.8450409,0.12425123,0.3999951,B_cell_zone,0.0
TACTCTCCGAACAAAT-1,1,21,81,7060,27977.0,7060,4325.854,High,3,5,0,0,4,2,0,6,2092.4612302262617,0.6365141682948128,-0.5401558876037598,0.0020619242177003475,0.023695753887295723,0.901086182806989,-0.06304359436035156,0.7406739984397356,0.07298295199871063,0.7015194690726937,-0.10224347561597824,0.5908344395305163,0.24808266758918762,0.18622067065331882,0.031320974,0.1287114,0.217413,0.2530958,0.09868392,0.14133391,0.12944098,0.23374602,0.61981696,1.8536313,2.548287,0.23489985,0.7005765,0.38426876,1.3973398,1.3969522,2.70925,0.15279898,0.49171224,Medullary_cords,138.0
TACTCTTACTTTACTG-1,1,59,111,4398,12565.0,4398,3827.445,Low,1,13,3,5,7,1,3,5,2972.9184314407285,0.0,0.04610469937324524,0.8088389916137331,0.08928496390581131,0.6389316418608406,0.0795660987496376,0.675985640278054,0.17576269805431366,0.3528651114185421,-0.09765322506427765,0.6076917194484257,0.27602657675743103,0.13981582820803307,0.05785587,0.0,0.16737697,0.1553736,0.039824743,0.24453887,0.33502984,0.32527953,0.7218238,2.03116,2.8683047,0.07319002,0.504179,0.33861655,1.4789457,1.1763622,2.4478881,0.14638004,0.4514887,Medullary_cords,137.00364958642524
TACTCTTTCGTCTTCA-1,1,58,46,5447,18859.0,5447,3875.713,Medium-Low,2,2,5,2,5,0,2,4,3754.681611002456,0.0,0.0867689922451973,0.6484470428436105,0.21639829874038696,0.2507325220844559,-0.05827909708023071,0.7596775928838883,0.03931143134832382,0.8365972969618799,-0.4653984606266022,0.00955241750335778,0.36137500405311584,0.049749749254269844,0.030355476,0.0019878654,0.354845,0.20161496,0.022090806,0.006525307,0.38258058,0.24695158,0.49338388,1.9728334,2.7610369,0.26256076,0.15955065,0.33839464,1.2573893,1.0747268,2.8051167,0.43015403,0.37452686,Medullary_cords,364.6601157242179
TACTGAACAGATTTAG-1,1,56,44,5844,26477.0,5844,3359.5461,High,2,2,5,2,5,0,2,4,3717.7177138669363,0.0,0.2694217562675476,0.14993531973494437,0.10451266914606094,0.5825769096627836,0.15615490078926086,0.4099249729330418,-0.15155629813671112,0.424018224471532,-0.3468707203865051,0.06038918157919241,0.20378968119621277,0.28007163604317953,0.13673526,0.000556766,0.37411696,0.15466742,0.2708297,0.0,0.0630938,0.13259229,0.5960963,2.1690602,2.3248405,0.19049312,0.33006865,0.21485308,1.3242567,0.75506896,3.315944,0.16020793,0.43555504,Medullary_cords,414.77222664976017
TACTGAGGGAAGAAAG-1,1,60,6,3960,9968.0,3960,3888.5923,Low,3,1,6,0,5,0,5,6,6229.305338478762,0.6365141682948128,0.06673845648765564,0.7260383890727127,-0.08043252676725388,0.672650411268267,-0.09908317029476166,0.602418641874662,0.3417642414569855,0.0645323796007934,0.11157914251089096,0.5571945904328259,-0.06355812400579453,0.7386304530559029,0.12730601,0.0,0.20178059,0.5029665,0.102548316,0.0,0.065398455,0.08684388,0.9433837,1.5077327,2.662111,0.08684388,0.6585232,0.26053163,0.9456084,1.3909347,1.8462315,0.0,0.18345837,Medullary_cords,239.00209204105306
TACTGCAATCAATTAC-1,1,22,102,7534,34536.0,7534,4185.251,High,1,0,3,6,4,2,7,3,2145.283664227181,0.0,-0.08597661554813385,0.6514551719480273,-0.125724196434021,0.5079752126882799,0.2403988242149353,0.20067436336255848,0.08867836743593216,0.6412207268438226,-0.05935176834464073,0.7553867343070839,0.03705180808901787,0.8458749748129004,0.049494155,0.03710878,0.11515439,0.069990195,0.3026707,0.078992434,0.34658933,0.29066557,0.2744716,2.3812494,2.8879125,0.28773493,0.53348136,0.27962297,1.4724603,0.7075065,2.584701,0.06357552,0.44727364,Medullary_cords,239.26763257908496
TACTGCATGATTAAAT-1,1,77,51,6118,21273.0,6118,4232.695,Medium-High,3,4,2,0,5,1,5,6,5320.705686278841,0.0,-0.2841989994049072,0.1279937535197643,-0.012927521951496601,0.9459440980294668,-0.3330436944961548,0.07211673695576604,-0.02480347268283367,0.8964862630502749,-0.16414012014865875,0.3860892282233715,0.30443477630615234,0.10190306582926233,0.049214557,0.08628835,0.1653253,0.34790105,0.028326174,0.036493696,0.28645086,0.30137205,1.0644264,1.6625702,2.6499407,0.14449367,0.35078847,0.47480386,1.2021186,1.4969285,1.905931,0.0,0.5800203,Medullary_cords,364.9465714320385
TACTGGACAGCTCGGC-1,1,35,25,4966,15541.0,4966,3942.0247,Low,1,7,3,3,3,6,0,3,4351.019420779457,0.8675632284814613,-0.0030456692911684513,0.9872559473066019,0.10617925226688385,0.5765449016849541,0.2196626365184784,0.24348044862967133,-0.1220841035246849,0.5204318967913849,-0.26627159118652344,0.15494343093490953,0.17806461453437805,0.3464942048890045,0.010686751,0.0012293534,0.12443223,0.072371826,0.13097861,0.38880384,0.27149737,0.19764923,0.6250539,2.0484326,2.684156,0.06210041,0.31050205,0.6556023,1.3483082,0.8770436,2.2770307,0.12420082,1.0998052,Medullary_cords,364.6601157242179
TACTTGTTAGTAGTCC-1,1,37,87,4701,12072.0,4701,4141.596,Low,1,0,5,0,0,4,0,3,137.55726080436466,0.8675632284814613,0.26650604605674744,0.1545666137727325,0.08282864093780518,0.6634586164743027,0.27417561411857605,0.14260020763783754,0.1750793308019638,0.3547698292824912,0.3405308723449707,0.06556556555782914,0.0866137221455574,0.6490360753186274,0.061830383,0.0,0.19644366,0.26689595,0.20075558,0.011011301,0.2630631,0.46443346,0.50133824,1.9328396,2.65264,0.07543233,0.3823661,0.07543233,1.5731977,1.3502834,2.165627,0.5460159,0.20115289,Medullary_cords,239.00209204105306
TACTTTACTGAGCCGG-1,1,30,96,5619,17655.0,5619,4155.264,Medium-Low,2,0,0,3,0,2,0,3,1105.0257915542063,0.6365141682948128,-0.355316698551178,0.053996839148277326,0.07921422272920609,0.677341874708321,-0.13714799284934998,0.4698659894784234,-0.06547921150922775,0.7310160275295745,-0.1712149977684021,0.36565572694695825,0.1362256109714508,0.47288644456322015,0.05634625,0.0002447961,0.09563551,0.16307257,0.2700241,0.20821407,0.20646276,0.1507856,0.6190233,2.0560389,2.663298,0.056100998,0.4817977,0.20688659,1.4465921,1.080259,2.263076,0.112201996,0.34685218,Medullary_cords,275.0018181758077
TACTTTCCGCACGCCA-1,1,47,19,6166,21298.0,6166,4194.597,Medium-High,2,7,5,3,3,6,6,4,4870.5347755662315,0.0,-0.4143625795841217,0.022813405843011968,-0.20807912945747375,0.26985318381679146,0.2662617862224579,0.15495920387734782,0.06004958227276802,0.7525991818218536,-0.04826021566987038,0.8000768787509734,-0.0474134236574173,0.8035162907665575,0.044969015,0.0009521746,0.34162992,0.14170678,0.0,0.31778613,0.15295598,0.4802216,0.6556779,2.227035,2.6577735,0.33701974,0.7695758,0.54439014,1.4811805,1.1005973,2.679708,0.9857771,0.79492426,Medullary_cords,600.4839714763417
TAGAAACCACTAAGTA-1,1,5,79,6823,26494.0,6823,4308.9907,High,1,5,3,6,6,3,7,5,4000.755178713139,0.8675632284814613,-0.11839096993207932,0.5332202671534203,0.14284099638462067,0.4514486266704245,-0.03997138887643814,0.8338916009961395,0.23035739362239838,0.2207036050037635,-0.11899559199810028,0.5311163841264177,0.34123334288597107,0.0649755424614955,0.06833743,0.06672399,0.15120013,0.09051701,0.31419486,0.0,0.30902657,0.34513086,0.45149225,2.1274595,2.8678238,0.12008609,0.7340222,0.29095924,1.5196948,0.80925,2.2172525,0.08005739,0.42667404,Medullary_cords,138.42326394071193
TAGAAAGGTGGCGCTA-1,1,31,81,6067,18882.0,6067,4507.761,Medium-Low,4,0,1,4,4,2,4,7,966.8634857103665,1.2424533248940002,-0.3318939507007599,0.07316607802120188,0.17240136861801147,0.36229293844500404,-0.19323791563510895,0.3062519414758217,0.0882541611790657,0.6428234541139657,0.26638829708099365,0.15475577824876166,-0.13891878724098206,0.46409566252322676,0.10762769,0.09443303,0.15710543,0.137933,0.0,0.24818653,0.25471434,0.10625237,0.5596753,2.36299,2.638036,0.10625237,0.54298973,0.7536128,1.9689889,1.052114,1.7081504,0.18058059,0.45161134,B_cell_zone,0.0
TAGAAATTCACGTATA-1,1,36,10,6096,21153.0,6096,4284.194,Medium-High,1,7,3,6,3,6,3,5,5374.753575746519,0.6931471805599453,-0.24482674896717072,0.1922536934102989,-0.10359720140695572,0.5859021410096682,0.20555879175662994,0.27582751190711724,-0.21557682752609253,0.25257971300274407,-0.27528151869773865,0.14093181486020673,0.005050463601946831,0.978868734086415,0.14306529,0.0026943628,0.07507071,0.11334684,0.10025291,0.0,0.5655699,0.29035154,0.56060565,2.1783214,3.0888636,0.21476988,0.7566963,0.1799716,1.9202764,1.0408485,1.750088,0.19356441,0.22183838,B_cell_zone,0.0
TAGAATAGCCGATGAA-1,1,62,100,7643,34259.0,7643,4276.801,High,1,13,3,5,7,1,6,5,2991.3237872219715,0.6931471805599453,0.03686883673071861,0.8466271301200439,-0.08993163704872131,0.636494897686155,-0.16000567376613617,0.39832895313165984,-0.040292028337717056,0.8325777111607063,-0.06200539693236351,0.7448026401567475,-0.13645124435424805,0.4721466478742873,0.0,0.050942272,0.19313896,0.09631774,0.00790261,0.18466958,0.46702886,0.29716274,0.5042605,2.0404549,2.672963,0.15352613,0.52528244,0.3950032,1.4755139,1.1650736,2.560017,0.561236,0.8197362,Medullary_cords,495.9858868959882
TAGAATTAAGGGCAAC-1,1,10,76,6807,28575.0,6807,4201.7373,High,2,5,0,0,6,3,0,3,3453.224145635496,1.0114042647073518,-0.4602520167827606,0.010490502021330107,-0.05978192389011383,0.753668036537386,-0.2701812982559204,0.14874546959389431,0.18161369860172272,0.3368082772228669,0.256039023399353,0.17203765465467852,0.1548869013786316,0.41378444805363135,0.0694361,0.0,0.2675953,0.09767941,0.3575407,0.0,0.20774849,0.20147339,0.4740349,2.089473,2.4699402,0.27649826,0.6113049,0.5886819,1.3498139,0.8741796,2.781731,0.07502486,0.24594268,Medullary_cords,138.42326394071193
TAGACGAAACGCCAAT-1,1,63,73,5981,19045.0,5981,4313.6504,Medium-Low,3,6,0,0,2,1,0,6,3167.4333457864586,0.6931471805599453,0.10415123403072357,0.5838887468038599,-0.015636451542377472,0.9346387268512494,0.03023304045200348,0.873989659600826,0.20152609050273895,0.2855628545697727,-0.053224921226501465,0.7799873759153361,0.10657688230276108,0.5751098507960497,0.050522387,0.080611,0.14339088,0.36988702,0.16321349,0.008704583,0.18367063,0.22909816,1.0208404,1.8643429,2.5012484,0.24802472,0.50772023,0.32199627,1.5474812,1.6339933,2.1813548,0.2850105,0.3476733,Medullary_cords,238.90793205751876
TAGACGCCCGTACCGG-1,1,32,90,5624,16131.0,5624,4386.4663,Medium-Low,3,0,2,0,0,2,5,6,731.7492740003231,0.0,0.2905047535896301,0.11938690076451937,-0.0704871267080307,0.7112856756238783,-0.2473197877407074,0.18762222841738904,-0.1510618031024933,0.4255494653616013,-0.06259230524301529,0.7424677983483838,-0.19998228549957275,0.28934713189353445,0.011282792,0.0,0.09379966,0.32624957,0.1710256,0.20183448,0.19580784,0.35508928,1.0476211,1.7196789,2.5677252,0.120606735,0.5444255,0.24121347,1.0195277,1.6139313,2.0641282,0.0,0.81570417,Medullary_cords,497.24139007126104
TAGACTACCTAGCGTT-1,1,38,104,5879,18679.0,5879,4267.222,Medium-Low,3,0,0,0,0,4,0,3,1102.0018148805382,0.6931471805599453,-0.3802371025085449,0.038197478504461986,-0.3621377944946289,0.0492343248740379,0.1503129005432129,0.4278742973439962,0.429215669631958,0.01793849165007419,-0.03191778063774109,0.8670278972126263,0.1141652762889862,0.5480344882105352,0.04860197,0.08136657,0.13142462,0.16949916,0.18228547,0.035273176,0.35154903,0.26282492,0.7649607,2.143312,2.7294025,0.30538255,0.43765676,0.30538255,1.273203,1.2505473,2.14851,0.18198116,0.49798137,Medullary_cords,365.57078657901536
TAGACTCAGTTGGCCT-1,1,70,14,6256,25688.0,6256,3962.3977,High,5,1,3,1,5,0,1,1,6374.854665010019,0.6829081047004717,-0.17080140113830566,0.36683238822882563,0.0685516819357872,0.7188901525855645,-0.20004256069660187,0.28919878525369,-0.37643107771873474,0.040335381380771265,-0.20878659188747406,0.26819138151029825,0.3691461384296417,0.04469431629738886,0.10417706,0.21142255,0.053987514,0.20851411,0.2442778,0.021551702,0.15606925,0.17891523,0.41995558,2.32088,2.9654138,0.08219764,0.31673163,0.13781641,1.9792445,0.8897508,2.2068272,0.14395294,0.33452228,Medullary_cords,0.0
TAGAGATCATGCAACT-1,1,44,26,5080,16652.0,5080,3887.9192,Medium-Low,5,7,3,5,3,6,3,5,4327.839761359009,0.45056120886630463,0.013845168054103851,0.94211315838104,-0.017681701108813286,0.926111269623404,-0.3607361912727356,0.050184682499655124,-0.21786485612392426,0.24745697755998605,-0.03273509442806244,0.8636540312595196,-0.08726045489311218,0.646584002330401,0.13286875,0.11602989,0.029642008,0.15844025,0.2809959,0.0,0.28202313,0.11761727,0.65879154,2.2516935,2.9341,0.11761727,0.48127532,0.11761727,1.7440543,1.0562541,1.9176183,0.0,0.38167012,Medullary_cords,138.42326394071193
TAGAGCTACGAAGAAC-1,1,13,53,6275,22638.0,6275,4184.4326,Medium-High,2,8,0,0,1,5,0,3,3842.551235832777,1.5607104090414068,0.25637638568878174,0.17145365914095992,-0.07607600837945938,0.689480807583927,0.04433659464120865,0.8160432924912471,-0.17036712169647217,0.3680702891957249,-0.5633299350738525,0.0011897659361778383,-0.10998372733592987,0.5628804729073509,0.08508617,0.0,0.11789703,0.18717219,0.26872036,0.013245858,0.3278784,0.21120988,0.70228255,2.1794262,2.7652445,0.24975793,0.45458347,0.2978381,1.6349258,1.040591,2.5653038,0.0,0.5118984,Medullary_cords,137.92751719653333
TAGAGGGAGTTTATCT-1,1,73,65,5383,16855.0,5383,4179.1094,Medium-Low,1,4,3,3,2,1,0,3,4481.154427153789,0.8675632284814613,-0.32535436749458313,0.07936073739529029,-0.28182274103164673,0.1313526519644632,-0.12372197955846786,0.5148086038216032,0.11068693548440933,0.5603710576101386,-0.25061920285224915,0.18161319332898443,0.17763906717300415,0.34766672406067617,0.033160366,0.064540714,0.08467744,0.08704648,0.29635406,0.16315179,0.27106914,0.3282781,0.64653057,2.1764674,2.9305804,0.23292443,0.42121392,0.40986532,1.555381,1.1351566,2.398955,0.0,0.41608578,Medullary_cords,238.40302011509837
TAGAGGTTCTACTTGT-1,1,54,96,5179,15549.0,5179,4092.7598,Low,2,10,0,0,0,4,0,3,1994.0814928181846,1.0114042647073518,0.012730170041322708,0.9467681494722325,-0.02189802937209606,0.9085580478589967,-0.2797163724899292,0.13438365778556458,0.23791207373142242,0.20551339344586175,-0.3505624234676361,0.05752589137642469,0.25600457191467285,0.1720973714173716,0.054935403,0.099370815,0.220533,0.3021239,0.045359697,0.014550872,0.2631263,0.4369544,0.98150563,1.9643408,2.6822844,0.16544735,0.3866902,0.4031707,1.1948692,1.4644904,2.6823144,0.0,0.62018853,Medullary_cords,137.0
TAGAGTCTAAGCGAAC-1,1,29,55,6038,21405.0,6038,4164.843,Medium-High,5,3,4,1,1,2,1,1,2514.0127286869492,0.6365141682948128,-0.12870262563228607,0.49789402422209467,0.18330764770507812,0.33224389452877734,0.03211680427193642,0.8662061157161018,-0.5077542066574097,0.00417903812832433,-0.3470880389213562,0.060217595895540287,0.15818671882152557,0.4037830014329215,0.16165559,0.001046176,0.08927882,0.14352025,0.05252489,0.010818599,0.54115564,0.17830777,0.31818572,2.3963728,2.9318907,0.25326732,0.4045334,0.39018202,1.991508,0.90802443,1.934354,0.0,0.39648864,B_cell_zone,0.0
TAGATATGGACTGGAA-1,1,49,53,4872,14266.0,4872,3951.2678,Low,2,9,5,2,3,7,2,4,2746.235969468028,0.45056120886630463,-0.05074586719274521,0.7900022882965307,-0.14763355255126953,0.4362488292030797,-0.2039414346218109,0.2797059419005273,-0.13973774015903473,0.46143968497223065,0.06156575307250023,0.746553088297117,0.18503832817077637,0.32761975494349416,0.07140204,0.0,0.15482509,0.24761315,0.1386844,0.37438175,0.013093606,0.36964113,0.7425554,2.1701427,2.711511,0.1759514,0.5167261,0.46144736,1.2980621,1.2222028,2.9528074,0.26562744,0.5118832,Medullary_cords,365.0986168146902
TAGATCCGAAGTCGCA-1,1,10,72,6122,22581.0,6122,4073.2244,Medium-High,1,5,3,5,6,3,3,5,3529.7424835248253,0.6365141682948128,-0.15714076161384583,0.4069382896166873,-0.042699433863162994,0.8227271947521707,-0.2239372432231903,0.23419659483875802,0.20921146869659424,0.267196562911879,-0.3050493597984314,0.10117872748508075,-0.2620270848274231,0.16187963106040987,0.056833692,0.12091748,0.16427979,0.22687285,0.21670823,9.140839e-05,0.2142965,0.27106425,0.69391835,2.1406994,2.778103,0.21677007,0.6890823,0.42117247,1.3945602,1.1313196,2.335672,0.0,0.36879772,Medullary_cords,239.26763257908496
TAGATGGTTCCTTACT-1,1,59,97,4873,14191.0,4873,4014.1453,Low,1,10,3,3,7,1,0,3,2590.766681891675,0.6365141682948128,0.2354232519865036,0.21043610087467618,0.5436471700668335,0.001902739488755928,-0.0673617571592331,0.7235785854879339,0.20418119430541992,0.279128796492314,0.43537822365760803,0.016186596611021172,-0.05613342300057411,0.7682815341116636,0.105751626,0.0,0.11262087,0.24302681,0.2750764,0.0,0.26352435,0.35321695,0.65139294,2.2065513,2.7843463,0.13335773,0.5618969,0.2000366,1.3976867,1.3612393,2.4458454,0.0,0.27823997,Medullary_cords,365.0986168146902
TAGATTCAAAGTGCGG-1,1,69,39,6585,23303.0,6585,4379.356,Medium-High,1,4,0,3,5,0,0,3,5016.949272217131,1.0114042647073518,-0.34436142444610596,0.062398279072060435,-0.2643490135669708,0.1580583058030191,-0.12608425319194794,0.5067511622650015,0.1495508998632431,0.43024694601144214,-0.003966725431382656,0.9834024188797091,0.4342840313911438,0.016486835136751157,0.009410222,0.05350062,0.1264257,0.17945121,0.20932044,0.00856327,0.41332847,0.45993698,0.6634336,1.9242616,2.7286162,0.17853267,0.5641364,0.15490994,1.1857531,1.370374,1.9904395,0.7805188,0.60892034,Medullary_cords,499.16830828889766
TAGATTCCTGGTTATT-1,1,32,20,6216,24215.0,6216,3920.4478,Medium-High,2,7,5,2,3,6,3,4,4735.078985613651,0.45056120886630463,0.051435984671115875,0.7872109748252479,-0.2198878526687622,0.24298529970801738,0.07406987249851227,0.6972807497192657,0.3941597640514374,0.031139649970159815,-0.26148924231529236,0.16277410893746533,-0.3103336989879608,0.09510969736133852,0.0384284,0.0013252428,0.26559788,0.109652154,0.044965055,0.13646679,0.4035645,0.19902197,0.5330097,2.1153126,2.5601687,0.26244906,0.2801758,0.14396839,1.3237447,0.8709508,3.1625514,0.24382901,0.61001176,Medullary_cords,276.0018115882575
TAGCAACCTGTCACAA-1,1,22,26,6851,25457.0,6851,4466.251,High,3,11,0,0,1,5,0,6,4677.907651931577,1.0986122886681096,-0.5135490298271179,0.003701493248250908,0.5096718668937683,0.004015478679812397,-0.14531046152114868,0.44358151685331043,-0.5358129739761353,0.0022759392069461367,-0.285177081823349,0.12662970617154246,-0.07903330028057098,0.678039588819091,0.119445965,0.12843809,0.07414344,0.2732641,0.16625772,0.024457434,0.21399333,0.29113418,0.78332955,2.3465943,2.7447076,0.2630003,0.71298397,0.378131,1.7433279,1.3306029,2.203421,0.0,0.46272853,Medullary_cords,137.0
TAGCAGATACTTAGGG-1,1,73,93,6199,22222.0,6199,4281.2915,Medium-High,4,6,1,4,2,1,4,7,4207.004753978774,1.3208883431493221,0.06683573126792908,0.725654325704995,0.28522059321403503,0.1265692740695356,0.2821159064769745,0.13093479916760298,-0.3640017509460449,0.0479926373363415,-0.7062076926231384,1.2971943467587821e-05,0.2671847641468048,0.15347948435246134,0.18464915,0.0,0.15336065,0.27105877,0.10095528,0.0,0.28997612,0.1996943,0.49944746,2.1065273,2.773254,0.13933751,0.39269385,0.7798619,2.0315597,0.9752259,1.9068037,0.0,0.12385556,B_cell_zone,0.0
TAGCAGTATGACTAAA-1,1,66,98,5897,22166.0,5897,3884.282,Medium-High,1,6,5,5,7,1,3,5,3423.698730904926,0.6931471805599453,0.32879137992858887,0.07605664989572296,-0.024923205375671387,0.8959892546086543,-0.222332164645195,0.2376543881086547,0.2582344710826874,0.16826232201743874,-0.3453572988510132,0.06159475968869728,0.00686528580263257,0.9712781639663117,0.009627297,0.0,0.09269574,0.09952165,0.26229545,0.26278102,0.2730788,0.30505458,0.49907115,2.0010152,2.6214106,0.0465438,0.407379,0.1861752,1.1966933,0.9084131,2.7215006,0.0,1.0812261,Medullary_cords,413.0012106519786
TAGCCATTTCAAAGTC-1,1,43,89,5837,17840.0,5837,4420.366,Medium-Low,0,10,7,4,0,4,4,0,603.1931697226022,1.3296613488547582,-0.22627097368240356,0.22922945560674557,-0.12167996168136597,0.5218240170990466,0.10460931807756424,0.5822263406122714,-0.15104961395263672,0.42558724846678647,-0.4365435540676117,0.015871844389348442,0.05882493034005165,0.7574932889252703,0.1359686,0.181384,0.0754292,0.23918825,0.054166846,0.016310029,0.29755303,0.4609386,0.6393295,2.3281467,2.9045262,0.26089948,0.68692994,0.56852674,2.0718505,1.3003277,1.9272132,0.111267745,0.28974536,B_cell_zone,0.0
TAGCCGGCGGTCAGCG-1,1,33,85,5467,15958.0,5467,4272.3813,Medium-Low,0,0,7,1,4,2,1,0,633.1413744180678,1.5607104090414068,-0.1647775024175644,0.38422182493052026,0.1348641961812973,0.47736295927154015,0.04780486226081848,0.8019259348666652,0.13857412338256836,0.4652158553115638,0.1423822045326233,0.4529183951684439,-0.12270446866750717,0.5182984928036033,0.09161115,0.12085596,0.16242,0.24126895,0.35885555,0.02498835,0.0,0.12163593,0.60220873,2.1056066,2.650036,0.1824539,0.69074786,0.51977617,1.676552,1.1284597,2.204647,0.12163593,0.24327186,Medullary_cords,238.40302011509837
TAGCGTCCCTCGATTG-1,1,45,109,5820,20460.0,5820,4041.4724,Medium-High,2,10,5,2,0,4,2,4,1671.5050104621284,0.45056120886630463,0.0543830543756485,0.775320432466854,-0.1298513263463974,0.4940330641032114,-0.31888502836227417,0.08587777957892415,0.03699488937854767,0.846108941009998,-0.08189563453197479,0.6670321467247405,0.12196383625268936,0.5208459842244583,0.09483848,0.0,0.1633669,0.39365965,0.02780213,0.19398695,0.12634592,0.32015467,1.1637214,2.1080055,2.5817769,0.3970402,0.5826875,0.40491927,1.4255434,1.5337906,2.557269,0.0,0.28309909,Medullary_cords,138.00362314084367
TAGCGTCCGGTGTGGT-1,1,53,77,5063,17222.0,5063,3699.034,Medium-Low,2,6,5,2,2,4,2,4,1950.2333193748896,0.0,-0.1516467034816742,0.4237386072886042,0.02740425243973732,0.8856994222234081,-0.32921889424324036,0.07565320035056533,-0.19552496075630188,0.3004515209717853,0.35007449984550476,0.05789808756567421,-0.01197090744972229,0.9499389779277941,0.00011631557,0.0,0.257484,0.06395247,0.1133675,0.31269336,0.25238636,0.34114307,0.6986722,1.9813795,2.5601718,0.057232395,0.39412874,0.22892958,1.2041923,0.87724006,2.632258,0.5471791,0.5998613,Medullary_cords,363.38547026539186
TAGCGTTGGGTCTTAC-1,1,38,68,3413,7476.0,3413,3810.2383,Low,5,2,3,1,0,7,1,1,1376.0058139412056,0.45056120886630463,0.23266449570655823,0.21598626101048987,-0.2278035432100296,0.2260063476715476,0.2068493366241455,0.2727577761515814,-0.023071687668561935,0.9036790769713559,-0.24584761261940002,0.1903476661861548,-0.01762705110013485,0.9263390270544999,0.26789415,0.0,0.020171523,0.0,0.0,0.0,0.7119344,0.2688432,0.4443636,2.4140692,2.7292418,0.0,0.43154508,0.5376864,2.1584804,0.5767549,1.9547179,0.0,0.28304356,B_cell_zone,0.0
TAGCTAAGTCCGGGAG-1,1,29,57,5910,19914.0,5910,4267.9966,Medium-Low,5,3,4,1,1,2,1,1,2390.360851419718,0.6365141682948128,-0.07808584719896317,0.6816976235555107,0.1020144447684288,0.5916706953436067,0.09090258181095123,0.6328432350003393,-0.31068888306617737,0.09471188442976573,-0.3576197326183319,0.05234987225012259,0.17917674779891968,0.3434411778513584,0.2255082,0.30509672,0.0833247,0.05730721,0.2618111,0.066952124,0.0,0.13778645,0.5217899,2.5494971,2.9224753,0.050867148,0.45444047,0.69825697,2.25525,0.6999252,1.8966538,0.101734295,0.4153772,B_cell_zone,0.0
TAGCTAGAAGGCATGA-1,1,51,51,5847,18957.0,5847,4194.4194,Medium-Low,2,2,5,3,2,7,6,3,2985.4555766247804,0.6365141682948128,-0.4019530415534973,0.027676045684233767,-0.11556482315063477,0.5431068098080108,0.12814170122146606,0.4997848770786613,-0.13844852149486542,0.4656244272140516,-0.17028270661830902,0.3683111969557423,0.06083805859088898,0.7494531283230141,0.03498434,0.00046690603,0.1810025,0.07938916,0.16237713,0.15494257,0.3868374,0.41340613,0.4691419,2.205252,2.9116564,0.20864666,0.4690892,0.40877205,1.346508,1.0754237,2.5854845,0.7032969,0.624241,Medullary_cords,238.76766950322232
TAGCTAGTGATGATGG-1,1,60,48,5263,16646.0,5263,3944.716,Medium-Low,2,2,5,2,2,0,2,4,3811.3216867643173,0.6365141682948128,-0.3743428587913513,0.041548470231090866,0.0817359909415245,0.6676443201800737,0.26757752895355225,0.15285289323601747,0.30580419301986694,0.10029440451605998,-0.45830896496772766,0.010864250512018775,-0.10017432272434235,0.5984080595606988,0.06076505,0.08306366,0.2515376,0.12957382,0.17059252,0.014040794,0.29042658,0.26501626,0.5827494,2.294505,2.689282,0.39950085,0.7030629,0.18761079,1.4324131,1.188592,2.9418397,0.23523454,0.4749948,Medullary_cords,238.40302011509837
TAGCTCAGATCCTAGT-1,1,8,116,7546,32735.0,7546,4449.494,High,5,12,4,1,4,3,1,1,4077.7647063066306,0.5004024235381879,0.11932460963726044,0.5299731873706629,0.30612388253211975,0.0999216334117752,-0.10079770535230637,0.5961219415321313,-0.1448918730020523,0.44490980134413316,-0.24107536673545837,0.1993715781731426,-0.04568442702293396,0.8105500648534668,0.15727521,0.06290913,0.0,0.13200366,0.21370916,0.16103041,0.27307242,0.119208634,0.64793086,2.391869,2.8574574,0.06664336,0.35916382,0.4772558,1.960635,1.1183724,1.8718221,0.0,0.43568754,B_cell_zone,0.0
TAGCTCGCCTGATAAC-1,1,50,58,5127,15146.0,5127,4051.7166,Low,2,2,0,3,2,7,6,3,2515.9431631100097,0.6365141682948128,-0.2753763794898987,0.14078936903719225,-0.07761838287115097,0.6835050783492483,-0.09232469648122787,0.6275100042034519,-0.1434398591518402,0.44953397587569727,0.4712570309638977,0.008571519782880743,-0.058664560317993164,0.7581348652208585,0.06557672,0.0012949562,0.14967297,0.19163023,0.26007342,0.027257334,0.30449444,0.19989094,0.45827228,2.3138804,2.846388,0.23196238,0.530014,0.23196238,1.6152933,0.8653407,2.4961543,0.21044359,0.62219167,Medullary_cords,365.0
TAGCTGATGTGAAGCG-1,1,42,10,6030,24740.0,6030,3874.9282,Medium-High,5,7,4,5,3,6,1,1,5390.499791299504,0.0,-0.2946338653564453,0.11398806117684598,0.3974055051803589,0.0296567242814865,0.13951539993286133,0.46215997023961675,-0.017577849328517914,0.9265440834885833,-0.25733351707458496,0.1698044418270765,0.3673837184906006,0.045803296326104866,0.25430515,0.11999228,0.04056444,0.12047969,0.1057937,0.0,0.3588647,0.20137048,0.276854,2.3540316,2.9836857,0.0,0.5136059,0.20137048,2.1536453,0.8080684,1.8796582,0.08487342,0.21691693,B_cell_zone,0.0
TAGGAACAGCCTCCAG-1,1,5,87,5171,15438.0,5171,4117.0303,Low,3,12,0,0,6,3,0,3,3952.7696618953146,0.8675632284814613,0.1469675451517105,0.43834425664779386,0.3043053448200226,0.10205610773178433,-0.3006248474121094,0.10648071998385378,0.34227922558784485,0.06410475695322504,-0.1436833292245865,0.44875681328380673,-0.13427983224391937,0.479291126122074,0.15665837,0.0,0.32975128,0.40416467,0.10942569,0.0,0.0,0.0,0.9119686,1.9576782,2.636428,0.33259118,0.62733495,0.4195968,1.5566695,1.2004658,2.4541855,0.24970606,0.46243933,Medullary_cords,137.92751719653333
TAGGAGGCTCGAGAAC-1,1,73,115,3023,7379.0,3023,3400.1885,Low,2,13,5,5,7,1,3,5,4586.120909875796,0.5004024235381879,0.08895346522331238,0.6401822018473892,0.14069980382919312,0.4583298614325837,0.04457639530301094,0.8150653275648113,0.29489096999168396,0.11365800782481172,-0.4670245051383972,0.00927113697463936,-0.020877499133348465,0.9128031140376958,0.094130896,0.0,0.25668088,0.124732606,0.31223762,0.0,0.21221805,0.10707806,0.37063557,2.1073403,2.3410487,0.10707806,0.32123417,0.21415612,1.8255258,0.9245693,2.5841064,0.21415612,0.48893487,Medullary_cords,0.0
TAGGATCTTAACCGCA-1,1,76,70,4655,13682.0,4655,3837.4514,Low,2,4,5,2,2,1,2,4,4717.62747575516,0.6615632381579821,-0.13789744675159454,0.4674192500998714,-0.15970024466514587,0.3992418248403525,0.028814680874347687,0.8798578515292201,-0.162441685795784,0.3910908086185187,-0.08225791156291962,0.665643727355281,0.2622731924057007,0.16147150480641287,0.03953282,0.076711185,0.059457287,0.1493586,0.3614632,0.0,0.31347692,0.22637549,0.5757922,2.286546,2.6595886,0.06858313,0.43892774,0.112615734,1.5551378,0.9233563,2.495747,0.13716626,0.72001106,Medullary_cords,364.6601157242179
TAGGCATGTTACGCCA-1,1,23,85,5161,14191.0,5161,4262.045,Low,5,5,4,1,4,2,1,1,1808.3520121923166,0.45056120886630463,-0.24109241366386414,0.19933882734843572,0.05423317849636078,0.7759239609285331,-0.0738075003027916,0.6983031242694895,-0.28907713294029236,0.12129687816662559,-0.03567884862422943,0.8515221067230977,0.4052618741989136,0.026303736462817206,0.29031664,0.0035271014,0.06491949,0.2533348,0.3700813,0.017820716,0.0,0.17659089,0.5024556,2.3076677,2.8553374,0.06667159,0.6540133,0.17659089,1.980186,0.74551505,1.7892079,0.0,0.17779091,B_cell_zone,0.0
TAGGCGATGAGGTCTC-1,1,55,11,7471,29519.0,7471,4547.036,High,1,1,0,3,5,0,0,3,5677.6250316483565,1.3296613488547582,-0.49406924843788147,0.005520677210392517,-0.044377051293849945,0.8158782814705153,0.16754858195781708,0.37616404390132,-0.246341273188591,0.18943069956616243,0.038417309522628784,0.8402659317208667,0.13576634228229523,0.4743941354464871,0.040094756,0.042463314,0.052923974,0.1753178,0.22785112,0.10836188,0.35298714,0.3964879,0.71685517,2.0571082,2.982006,0.3721497,0.6059175,0.3034262,1.4493008,0.955837,1.9533558,0.07294329,0.6453622,Medullary_cords,240.0
TAGGCGGCTGCAAAGA-1,1,65,13,4564,13533.0,4564,3922.3257,Low,4,1,1,4,5,0,4,7,6092.375070528734,1.0114042647073518,0.2776433527469635,0.13741626677999672,0.08917877078056335,0.6393321439797897,0.08067429065704346,0.6717208471229807,0.2875606417655945,0.12335039434146418,0.2772321105003357,0.1380237514572799,0.216326504945755,0.2508936038793417,0.14826062,0.0,0.14225309,0.0,0.34360468,0.36588162,0.0,0.32091936,0.2631322,2.1884987,2.833575,0.11343037,0.32864827,0.43043578,2.0434551,0.45460263,2.4107919,0.0,0.4136384,Medullary_cords,0.0
TAGGCTAAAGTGGCAC-1,1,65,99,6106,29051.0,6106,3425.3809,High,2,13,5,2,7,1,3,4,3321.302304819602,0.45056120886630463,0.2107321321964264,0.2636557134503088,0.07922259718179703,0.6773095855782832,-0.09183480590581894,0.6293451391362264,0.09357000887393951,0.6228548658983153,-0.35177117586135864,0.056611929949368964,-0.07415440678596497,0.6969514590999982,0.01123296,0.0,0.23612313,0.043025114,0.3640896,0.031247964,0.31428117,0.20232655,0.41490713,1.9392138,2.2676387,0.35952416,0.46510112,0.11093415,1.1107097,0.64490235,2.8513083,0.20491153,0.63748324,Medullary_cords,476.6686480145301
TAGGGAGCTTGGGATG-1,1,36,96,5237,14598.0,5237,4288.438,Low,3,0,2,0,0,4,5,6,600.4839714763417,0.0,0.00742413941770792,0.9689412001978829,0.04858087748289108,0.7987754002320382,0.11841113120317459,0.5331500485197788,-0.11725886911153793,0.5371702791772341,0.08947572112083435,0.6382124604531461,0.21923397481441498,0.24442473305486712,0.045339514,0.0,0.098191395,0.3647094,0.18774772,0.25516272,0.048849214,0.3428986,0.93117845,1.8078029,2.4069355,0.1730865,0.44583952,0.7158852,1.3381826,1.5026944,2.0235145,0.13044515,0.4470244,Medullary_cords,601.4000332557357
TAGGGTGTTTCAAGAG-1,1,22,54,5982,19144.0,5982,4395.764,Medium-Low,5,3,4,1,1,2,1,1,3024.4214322742787,0.6365141682948128,-0.040591198951005936,0.8313521931040314,0.08427730202674866,0.6579244026775547,0.44360774755477905,0.0140707596132446,0.11770476400852203,0.5356128497823028,-0.26057103276252747,0.16430930166882882,0.06184810400009155,0.7454287615364659,0.15055326,0.10941646,0.07924478,0.25409222,0.2606336,0.0,0.1460597,0.19447216,0.73178905,2.301199,2.977317,0.08940723,0.90784925,0.43959382,2.0985475,1.2717359,1.9907999,0.0,0.18799762,B_cell_zone,0.0
TAGGTCCAAGTAAGGA-1,1,29,23,7253,31324.0,7253,4163.5796,High,2,11,5,2,3,6,2,4,4602.39263861744,0.0,-0.1487237960100174,0.43283045738019044,0.027516646310687065,0.8852337011359315,-0.3904304802417755,0.032917135368473446,0.21341414749622345,0.25748556646093146,-0.17201945185661316,0.36337348359480715,0.00857650488615036,0.9641231590001756,0.038125664,0.0035848583,0.25033292,0.22197337,0.19228697,0.12303474,0.17066148,0.38512194,0.8024927,2.066158,2.7315516,0.2647523,0.59060806,0.272296,1.3422217,1.1708248,3.146736,0.19271827,0.6491664,Medullary_cords,414.77222664976017
TAGGTCGCCGGAACTG-1,1,32,100,6451,22172.0,6451,4400.286,Medium-High,0,0,7,4,0,4,4,0,1095.0,1.5607104090414068,-0.5481382012367249,0.0017137209337078226,-0.11058533191680908,0.5607333155041127,0.2757950723171234,0.14016189707021182,-0.023213598877191544,0.9030893726005049,-0.642355740070343,0.00012967532042919595,-0.11643178761005402,0.5400648074316964,0.061049014,0.16907421,0.00039901148,0.1956262,0.5567532,0.017098319,0.0,0.10697095,0.5516032,2.2023783,2.6708975,0.12690791,0.34283346,0.85157853,1.7546122,1.1666558,2.0771353,0.18614715,0.341066,Medullary_cords,137.00364958642524
TAGGTGACGATAACCT-1,1,61,79,5928,17997.0,5928,4333.689,Medium-Low,2,6,0,3,2,1,6,3,2824.326114314705,0.45056120886630463,-0.23099486529827118,0.21939324074767091,0.44083371758461,0.014756561227838944,0.08376266062259674,0.659888439506322,-0.187303364276886,0.32162787070425874,-0.21059411764144897,0.2639758102614072,0.18792513012886047,0.3199949722450577,0.008294959,0.0684563,0.3013619,0.10824335,0.0,0.033922702,0.47972086,0.3223145,0.51633143,2.2390788,2.7296352,0.11047307,0.47096384,0.22094613,1.3425176,1.0300419,2.3698943,1.1639503,0.8839036,Medullary_cords,238.76766950322232
TAGGTGAGCCCTACTC-1,1,29,33,4682,13033.0,4682,4049.7769,Low,5,11,4,1,1,6,1,1,3935.9503299711496,0.0,-0.3097376823425293,0.09578008769826539,-0.2866811752319336,0.12455299085019524,-0.16935515403747559,0.3709643958822476,0.18013828992843628,0.340814690308434,-0.14760059118270874,0.43635240544892645,0.08108260482549667,0.6701519872764291,0.20222594,0.005969899,0.07690189,0.2894628,0.13644677,0.04455345,0.24443924,0.14931034,0.4320479,2.3174953,2.9259076,0.07118042,0.56229967,0.18743321,2.1245534,0.8206464,1.7534649,0.14236084,0.24991097,B_cell_zone,0.0
TAGGTGCTCGCCTAGC-1,1,40,86,5399,14775.0,5399,4427.817,Low,4,10,1,4,0,4,4,7,276.3494165001982,0.45056120886630463,0.32036423683166504,0.08435281210177464,-0.037018388509750366,0.8460123455167078,0.10402441024780273,0.5843493646319654,0.06707832962274551,0.7246967754793437,0.072308748960495,0.7041531216562762,-0.20386555790901184,0.27988875060825685,0.15564404,0.0,0.021478854,0.04429073,0.36731035,0.2853262,0.12594981,0.12924513,0.23809007,2.2534244,2.7057695,0.1938677,0.4172485,0.9749323,1.9962945,0.5140292,2.0143042,0.25849026,0.22884327,Medullary_cords,0.0
TAGGTGTTCCACAGAT-1,1,60,60,6157,20162.0,6157,4327.7417,Medium-Low,1,2,0,3,2,1,2,3,3264.9411939574043,0.6931471805599453,0.18175235390663147,0.3364332420512432,-0.14194199442863464,0.4543310332321316,-0.053604915738105774,0.7784552724565909,-0.28824105858802795,0.12242587659073798,-0.33450183272361755,0.0708027284031153,0.20906132459640503,0.2675478401645705,0.1177769,0.0,0.08420308,0.16699833,0.33448,0.0,0.29654172,0.3090487,0.52313846,2.2749891,2.896693,0.22265302,0.4879866,0.222653,1.6767783,0.9853815,2.33746,0.0,0.44918942,Medullary_cords,238.40302011509837
TAGGTTCGAGTTCGTC-1,1,35,67,4518,15148.0,4518,3520.2393,Low,2,2,5,2,4,2,3,4,1489.178296914107,0.9502705392332347,-0.010786108672618866,0.9548884080199788,0.005345560610294342,0.9776343381365029,0.13649965822696686,0.47198798920336116,-0.2554069459438324,0.17313560467465944,-0.24032029509544373,0.20082596251586243,0.14029726386070251,0.4596296982382513,0.06016527,0.0,0.23495045,0.3259776,0.3789067,0.0,0.0,0.3934761,0.64906377,1.9852561,2.560947,0.19010103,0.2738012,0.25346804,1.1563355,1.1426848,2.7849636,0.0,0.14028947,Medullary_cords,238.40302011509837
TAGGTTCTGCTGAGAA-1,1,72,62,5521,16748.0,5521,4242.4507,Medium-Low,3,4,0,0,2,1,5,6,4448.632261718201,0.45056120886630463,-0.38862043619155884,0.03380896162137586,-0.27057644724845886,0.1481291558560291,-0.04105030745267868,0.8294722624540568,0.17926515638828278,0.34319917774116676,-0.1277882158756256,0.5009783092247375,0.17359045147895813,0.35894090587411026,0.08518273,0.0,0.08134795,0.2032483,0.25866055,0.22131343,0.15024704,0.27776045,0.41427386,2.0021205,2.8134913,0.21528049,0.33938974,0.34359685,1.1133517,1.0788125,2.1908553,0.1170508,0.359465,Medullary_cords,413.0012106519786
TAGTACCACAACTTTC-1,1,63,13,666,904.0,666,1764.3456,Low,4,1,6,4,5,0,3,7,5967.920408316451,1.0114042647073518,0.19471213221549988,0.30250504118315724,0.11267425119876862,0.5533071161490997,0.30916041135787964,0.09643279518655108,0.0786445215344429,0.6795397680531672,0.08587020635604858,0.6518595472103478,0.5511671304702759,0.0015956467362674904,0.1352371,0.0,0.6395468,0.22521615,0.0,0.0,0.0,0.0,0.5533457,1.5716624,1.6526504,0.0,0.0,0.31125695,0.5234778,0.41500926,1.8021958,0.0,0.0,Medullary_cords,137.55726080436466
TAGTACCTTAGTGGTC-1,1,21,21,6096,20537.0,6096,4292.0664,Medium-High,3,11,0,0,1,5,0,3,5041.558687548921,1.0986122886681096,-0.2551058828830719,0.1736603029576008,-0.08471596240997314,0.6562520933565458,-0.1894722282886505,0.31595422646035815,-0.16632723808288574,0.3797032558389582,-0.26343995332717896,0.1595466276142472,0.15459084510803223,0.41468848752201065,0.09332025,0.003169274,0.011722924,0.21853638,0.39323115,0.0,0.2800201,0.24813291,0.55252874,2.1920974,2.686058,0.09918172,0.5507112,0.26133588,1.5297023,1.0603687,2.4256823,0.09918172,0.17945632,Medullary_cords,137.55726080436466
TAGTAGCTTATACCAG-1,1,61,43,5653,17441.0,5653,4250.947,Medium-Low,5,4,4,1,5,0,1,1,4145.895560672025,1.0114042647073518,-0.34359627962112427,0.06302118172817973,0.12723328173160553,0.5028547450588771,-0.08035752922296524,0.672938867449886,-0.012471978552639484,0.9478463203711374,-0.3096463978290558,0.09588307798878558,-0.13319003582000732,0.4828977231100974,0.082848094,0.08833629,0.0,0.13323158,0.37621567,0.0,0.31936833,0.16905367,0.235954,2.274278,2.773348,0.20879644,0.6524762,0.2950383,1.9355085,0.9137899,1.8150105,0.41759288,0.07553575,B_cell_zone,0.0
TAGTAGTTGCCGGACA-1,1,77,73,4684,15297.0,4684,3630.9287,Low,2,6,5,2,2,1,3,4,4784.215400669163,0.6931471805599453,-0.2917492389678955,0.11774018276753331,0.02711031213402748,0.8869175846282953,0.1967696249485016,0.29732407899244684,-0.12751327455043793,0.5019075480438301,-0.22189150750637054,0.23860961949300338,0.4077078402042389,0.025325430784803524,0.08470211,0.105654575,0.1816657,0.19821237,0.22951888,0.0,0.20024627,0.28640237,0.3474886,2.2695036,2.679403,0.1886456,0.6768644,0.12576373,1.5453413,0.81864333,2.6738527,0.12576373,0.32573238,Medullary_cords,275.0018181758077
TAGTCCCGGAGACCAC-1,1,66,48,5855,18612.0,5855,4278.0244,Medium-Low,3,4,2,0,2,0,5,6,4339.509880159279,0.8675632284814612,0.11522746831178665,0.5442926952715526,-0.03621052950620651,0.849334375611026,0.3460869789123535,0.06101117419986664,-0.11370448768138885,0.5496614400683166,0.24656154215335846,0.1890225478811519,-0.1548115462064743,0.4140144484556133,0.07419804,0.0003194931,0.12275164,0.38974014,0.21127683,0.013568918,0.18814494,0.39425737,0.8717005,1.8245075,2.6170678,0.10750492,0.5425785,0.16125739,1.2016866,1.5710565,2.0540924,0.21500984,0.31492215,Medullary_cords,365.0986168146902
TAGTCCGCAGAGAATG-1,1,39,53,4192,12185.0,4192,3748.839,Low,1,9,3,5,3,7,3,5,2412.2928926645704,0.0,-0.0151542779058218,0.9366501678865816,-0.0012895617401227355,0.9946038839524698,0.07577771693468094,0.6906386282134427,-0.13409686088562012,0.4798956831491614,0.055570777505636215,0.7705422059926321,0.09677477926015854,0.6109406990653129,0.045629367,0.14966834,0.10740224,0.19145009,0.018614464,0.39012963,0.09710587,0.23014563,0.79322827,2.0485764,2.9349382,0.14981192,0.35156387,0.29962385,1.3582991,1.3917892,2.1878302,0.0,0.6234058,Medullary_cords,238.76766950322232
TAGTCCTGCACTAAGC-1,1,69,25,6539,24627.0,6539,4260.9375,Medium-High,3,1,2,0,5,0,0,6,5709.619952326074,0.45056120886630463,-0.5285236835479736,0.002678445399191351,0.17561782896518707,0.3532683866637242,0.1432347297668457,0.4501893135483359,-0.06451098620891571,0.7348506071048492,0.016788989305496216,0.9298324077652699,0.30223315954208374,0.10452989687324309,0.033627167,0.0035038984,0.1410206,0.25224397,0.22812723,0.18708906,0.15438809,0.18118604,0.8087769,1.8865896,2.6013916,0.2237863,0.66740036,0.2764292,1.4248424,1.3663564,2.0804358,0.08520051,0.5026972,Medullary_cords,238.40302011509837
TAGTCGATCACGGGTT-1,1,48,96,5411,16236.0,5411,4237.0894,Medium-Low,1,10,0,3,0,4,0,3,1318.9863532273562,1.2424533248940002,-0.21476684510707855,0.25440982424823233,0.1503613293170929,0.4277237479937496,0.07774250209331512,0.6830250026087921,-0.005874946713447571,0.9754200355327081,-0.03120015747845173,0.8699921320754455,0.1648111790418625,0.3841233046438819,0.05364203,0.15307447,0.14471854,0.19152077,0.087971285,0.03050563,0.33856732,0.26069322,0.69575644,2.1098046,2.863692,0.41113177,0.56978,0.22032815,1.2532923,1.3016412,1.959615,0.11997537,0.5425571,Medullary_cords,138.0
TAGTCTAACAACGAGA-1,1,40,34,5172,16856.0,5172,3915.184,Medium-Low,1,9,3,5,3,6,3,5,3724.333094662721,1.0114042647073518,-0.2782514691352844,0.1365215352847712,-0.10245613008737564,0.5900584389510608,-0.18160441517829895,0.33683339611979163,0.11121461540460587,0.5584913908679741,0.08851640671491623,0.6418324574391526,0.39480942487716675,0.030838116388688545,0.05814452,0.0,0.048979122,0.23900461,0.25832117,0.0,0.39555052,0.23045212,0.8015789,1.9007096,2.557528,0.34203118,0.34203118,0.34203115,1.2252338,1.2548654,2.378934,0.2555931,0.41842124,Medullary_cords,364.00137362378183
TAGTCTGCGGCACATT-1,1,72,36,5418,16648.0,5418,4187.3745,Medium-Low,3,4,2,0,5,0,5,6,5421.46862021722,0.0,-0.21653124690055847,0.2504344101024729,0.16272182762622833,0.39026329109402624,0.0989341214299202,0.6029673652468373,0.09844350814819336,0.6047750575751092,-0.21399857103824615,0.25615373559025784,0.121680349111557,0.5218226816779163,0.086659335,0.0,0.064909086,0.6501452,0.187036,0.0,0.011250334,0.3185024,1.1272705,1.6129574,2.4925163,0.21625906,0.60155225,0.2750677,0.9366493,1.9039807,1.8486123,0.19728358,0.07841152,T_cell_zone,413.0012106519786
TAGTCTGTGACGTTGC-1,1,23,103,5965,19465.0,5965,4276.9927,Medium-Low,1,0,3,6,4,2,7,5,2072.000241312727,0.45056120886630463,-0.17223669588565826,0.36275860833558426,0.09757193177938461,0.607992081007472,0.16288888454437256,0.38977029693560833,-0.10623033344745636,0.5763604598472134,-0.029342640191316605,0.8776727750274975,0.02351677604019642,0.90182970594588,0.03971538,0.000372378,0.08872129,0.16253486,0.15625216,0.18202564,0.37037826,0.19142586,0.5344898,2.0655274,2.7488098,0.1401781,0.50001407,0.27977863,1.4637189,1.2297212,2.0775075,0.0,0.5661273,Medullary_cords,138.0
TAGTCTTTCCGAATTG-1,1,50,116,4511,13810.0,4511,3682.2466,Low,2,10,5,2,0,4,2,4,2404.6309488152233,0.45056120886630463,0.3108947277069092,0.09448191197431098,0.045083172619342804,0.8129994649743267,-0.044200651347637177,0.8165978224359347,0.16592970490455627,0.38085938859870616,0.09149622917175293,0.6306147173406996,-0.15310820937156677,0.41923244652427405,0.061748143,2.3339919e-05,0.2739361,0.21732537,0.13452205,0.0,0.31244493,0.28389472,0.64719594,2.2712371,2.6335163,0.24812454,0.36818337,0.40389013,1.4794931,0.94267535,2.7994785,0.22386232,0.28322363,Medullary_cords,365.57078657901536
TAGTGAGAAGTGGTTG-1,1,3,41,4877,13996.0,4877,4067.2964,Low,3,8,2,0,1,5,5,6,5294.891972457984,0.0,-0.4678913652896881,0.00912405873658897,-0.23645468056201935,0.20838631902183422,0.04185761883854866,0.8261687743919726,0.11345191299915314,0.5505541841847886,-0.11787308007478714,0.535025512133887,-0.06234123557806015,0.7434663322636308,0.068446524,0.00069685595,0.08111927,0.6395496,0.18655653,0.023631139,0.0,0.13478634,0.9794997,1.6449543,2.5287335,0.06739317,0.5618993,0.3888975,0.9763059,1.7984045,1.8617854,0.0,0.32763404,Medullary_cords,365.0986168146902
TAGTGCCCTCCAGAGT-1,1,32,52,5660,20465.0,5660,3858.2805,Medium-High,1,3,3,5,1,2,3,5,2580.182939250626,0.0,0.18395017087459564,0.3305225318409368,0.12355757504701614,0.5153717004155798,0.013730131089687347,0.9425933408583769,-0.24657952785491943,0.18898924800595826,-0.4731820821762085,0.00826838612521559,0.022782938554883003,0.9048791130857544,0.029162414,0.060867857,0.111461096,0.17291138,0.26490235,0.0,0.3606949,0.21228608,0.51727164,2.0532088,2.7056046,0.24776845,0.46840215,0.347234,1.3695495,1.0189295,2.6483955,0.0,0.38032863,Medullary_cords,276.3494165001982
TAGTGGAACTCATACA-1,1,3,83,5676,17853.0,5676,4228.399,Medium-Low,1,5,3,6,6,3,7,5,4205.9240364038915,1.0114042647073518,0.01890641823410988,0.9210087164293329,-0.054356981068849564,0.7754254166908454,-0.2583017945289612,0.16814748804797738,0.1782553791999817,0.345969360757932,-0.037016429007053375,0.8460204001619515,-0.11877897381782532,0.5318696853158394,0.059315003,0.0001620916,0.010398381,0.07096601,0.2964045,0.16499512,0.39775884,0.27278376,0.5554534,2.4639504,2.83045,0.05559614,0.6460348,0.20256287,1.7632265,0.77850926,2.2702308,0.0,0.7344099,Medullary_cords,138.42326394071193
TAGTGTCAGAAACGGC-1,1,21,19,7235,30552.0,7235,4344.0728,High,5,11,4,1,1,6,1,1,5167.842973620619,1.2424533248940002,-0.3308066129684448,0.07416928596032621,-0.2218480110168457,0.23870404736668835,-0.04509076103568077,0.81296854033059,0.0052823349833488464,0.9778988078740025,-0.2561800181865692,0.17179341288665667,0.07994023710489273,0.6745446897139323,0.08741339,0.15632087,0.03829001,0.30947775,0.2349168,0.0,0.17358117,0.3275039,0.7256395,2.1135242,2.893473,0.28219086,0.53571147,0.13373527,1.7438693,1.2820617,1.9614453,0.07078873,0.34788367,Medullary_cords,137.0
TAGTTAAGATAGGATA-1,1,12,82,6054,20510.0,6054,4279.2637,Medium-High,3,5,2,7,6,3,8,2,3141.205023553859,0.0,-0.3541118800640106,0.05487457267826554,-0.19065594673156738,0.31288404750630866,0.005701608955860138,0.9761450493256494,0.10746388882398605,0.5719144014860348,-0.09656840562820435,0.6117050377966707,0.35318341851234436,0.05555861327974325,0.016435292,0.0015993156,0.1802072,0.37435016,0.09104587,0.3363622,0.0,0.28486267,0.8815877,1.3914454,2.4490118,0.04964474,1.4112773,0.3166653,0.8710467,1.5243397,1.8795596,0.09928948,0.55673784,Medullary_cords,414.90360326225175
TAGTTTATTCTTGCTT-1,1,13,57,5006,13704.0,5006,4190.3667,Low,5,8,7,1,1,5,1,1,3676.683559949102,1.3296613488547582,-0.10672074556350708,0.5745910403648314,-0.1566859632730484,0.4083145818712711,-0.23108655214309692,0.2192052076824352,-0.22163638472557068,0.2391638290277157,-0.24346134066581726,0.19482368351431537,0.04787500947713852,0.8016410190737182,0.12438914,0.0,0.34049004,0.27158555,0.033690624,0.031126093,0.19871856,0.068494506,0.82486135,2.0557892,2.7520218,0.21346349,0.5469335,0.6194313,1.6475109,0.9562291,2.362817,0.13698901,0.49326828,Medullary_cords,138.42326394071193
TATAAATCCACAAGCT-1,1,20,44,5703,16819.0,5703,4330.616,Medium-Low,2,11,0,0,1,5,0,3,3717.3996287727796,0.45056120886630463,-0.33559751510620117,0.06982761660073443,-0.2527482807636261,0.17780803666549533,-0.13250946998596191,0.4851570493763573,0.42799264192581177,0.018304186787804128,0.21328751742839813,0.25777473853474336,0.1382467895746231,0.4662810376364361,0.048975863,0.07330538,0.098267764,0.2253616,0.2115844,0.2061862,0.13631873,0.1863052,0.6953702,2.1097207,2.7498686,0.33125392,0.42180368,0.32715926,1.5909891,1.3084673,2.464131,0.0,0.61160666,Medullary_cords,137.55726080436466
TATAAGTGAGGATAGC-1,1,21,39,6192,21737.0,6192,4234.479,Medium-High,3,11,0,0,1,5,0,3,3940.008629432174,0.45056120886630463,-0.6533864736557007,9.050272686612959e-05,0.02322925440967083,0.9030243199693537,-0.06593263149261475,0.7292224691451429,0.1463422179222107,0.44031666188833013,0.3155451714992523,0.08939830813497582,0.2599602937698364,0.16533611269598106,0.022273533,0.0,0.1512678,0.1679323,0.15551713,0.23276593,0.27024323,0.2992666,0.7895906,1.8528836,2.8259432,0.5461101,0.50891453,0.5118711,1.1317856,1.3202238,2.7115803,0.1892409,0.5904514,Medullary_cords,364.9465714320385
TATACACAGACGCCTT-1,1,50,60,4374,11363.0,4374,3964.3867,Low,2,2,0,2,2,7,2,4,2404.4001330893325,0.45056120886630463,-0.08508587628602982,0.6548431309957427,0.11306490749120712,0.5519233914192676,-0.07443668693304062,0.695852270430624,-0.025055821985006332,0.895438810284003,0.4781944453716278,0.007521298782151622,-0.1024962067604065,0.5899122442862514,0.10590686,0.14967172,0.2766476,0.1510746,0.18693718,0.022384405,0.107377715,0.2847501,0.76260144,2.36218,2.749466,0.0789174,0.4462611,0.42533022,1.633663,0.7708777,2.7689366,0.3156696,0.42579445,Medullary_cords,477.31017169132275
TATACACGCAAAGTAT-1,1,18,36,6631,24197.0,6631,4360.066,Medium-High,3,11,2,0,1,5,5,6,4306.970396926359,0.0,-0.1960064321756363,0.2992392891842473,0.12158973515033722,0.5221350613757767,0.027030382305383682,0.8872488776967773,0.13485661149024963,0.4773879599844845,0.1606588363647461,0.3963807628855405,0.35451239347457886,0.054581552409941135,0.033894353,0.00046221187,0.15552558,0.40353715,0.12112608,0.025662243,0.25979248,0.443529,0.9558603,1.4420395,2.5434132,0.11855759,0.68361986,0.2726046,0.90929556,1.6491818,1.8163506,0.0,0.3876021,Medullary_cords,552.4608583420187
TATACGCGTCATCACT-1,1,60,68,5638,17503.0,5638,4225.304,Medium-Low,2,6,0,3,2,1,6,3,2973.4190757442852,1.0114042647073518,-0.18867406249046326,0.31803492253565707,-0.13850565254688263,0.46543856156180535,0.2556556165218353,0.17270306237177124,0.06824978440999985,0.7200787229221852,-0.33831170201301575,0.06745695734699321,0.0803893432021141,0.6728164986990113,0.0644047,0.0014709012,0.21689612,0.20488837,0.08608549,0.030962415,0.395292,0.37064716,0.7524296,2.0950246,2.8483105,0.22597179,0.606548,0.30350566,1.4215605,1.2042677,2.5004606,0.112985894,0.4916734,Medullary_cords,239.0
TATACTCATGCGGCAA-1,1,20,18,6399,24502.0,6399,4203.877,Medium-High,5,11,4,1,1,5,1,1,5278.987781762712,0.0,-0.23474296927452087,0.21179556399228483,-0.14052386581897736,0.45889774079516576,-0.08088991791009903,0.6708921765676036,-0.0936746597290039,0.622464312509285,-0.19595228135585785,0.2993754740306033,0.10382360219955444,0.5850790163940119,0.18069002,0.09757213,0.0,0.17519082,0.34310547,0.013564608,0.18987699,0.26736525,0.4923333,2.3823025,2.9785933,0.26658344,0.510702,0.30289075,2.1538084,1.0490074,1.7031492,0.0855686,0.31860065,B_cell_zone,0.0
TATAGAGTCGCTTGAA-1,1,64,46,6145,21970.0,6145,4400.5146,Medium-High,4,4,4,4,2,0,4,7,4249.5379748862115,1.0114042647073518,-0.28947508335113525,0.12076221486961906,-0.07657411694526672,0.6875489275767676,0.4199613928794861,0.020861825609772372,0.05497371777892113,0.7729431684345929,-0.05133684724569321,0.7876117972543243,-0.34631913900375366,0.060826407012431534,0.12736791,0.11147481,0.2668595,0.20969899,0.28459877,0.0,0.0,0.04689357,0.4839878,2.008359,2.7919059,0.14068072,0.38342592,0.66080797,1.8026671,0.91212475,1.9084423,0.35304496,0.40820187,Medullary_cords,137.92751719653333
TATAGATGGTCGCAGT-1,1,40,102,5421,16359.0,5421,4143.3247,Medium-Low,2,10,0,3,0,4,0,3,993.9159924259193,0.45056120886630463,-0.5296962857246399,0.0026098243853728566,0.20974522829055786,0.2659502064864273,-0.35660654306411743,0.05306947404026343,-0.09245084971189499,0.6270377847974568,0.24340318143367767,0.1949336778393388,0.17198601365089417,0.3634681799136464,0.010212212,0.1500818,0.24855149,0.10844809,0.09992338,0.16940473,0.21337828,0.34931043,0.5593803,2.1157398,2.660089,0.21910083,0.29815924,0.4382017,1.3257446,1.0289173,2.787605,0.43820167,0.5452564,Medullary_cords,237.9012400135821
TATAGCGCACGTTATC-1,1,47,7,5874,20833.0,5874,4071.773,Medium-High,1,7,0,5,3,6,3,5,5678.978165127948,1.0986122886681096,-0.12387944012880325,0.514269574150533,-0.09857068210840225,0.6043062573715352,0.3663727641105652,0.04644924387073096,-0.6566785573959351,8.106502442577383e-05,-0.6342198252677917,0.00016757683182047267,0.42948663234710693,0.01785829532798703,0.067184575,0.0,0.23074187,0.0,0.16141038,0.01695483,0.5237083,0.25099328,0.5227624,2.2457864,2.8857474,0.18296108,0.510894,0.38412312,1.654406,0.84400225,2.127512,0.4892686,0.6518883,Medullary_cords,138.42326394071193
TATAGGGTACTCATGA-1,1,36,20,3336,8816.0,3336,3528.1719,Low,0,7,6,5,3,6,3,0,4686.549370272332,0.6931471805599453,-0.1643281877040863,0.3855376837194262,0.29969972372055054,0.10761514677779738,0.35046306252479553,0.05760153270710369,-0.18283608555793762,0.3335107174808684,-0.2379499077796936,0.20543917623086116,0.018927864730358124,0.9209193904361218,0.13818039,0.0,0.08918869,0.0,0.29418942,0.42118832,0.057253286,0.0,0.25271308,2.3552573,2.6264436,0.18953481,0.24281272,0.28005046,2.0619402,0.53796136,2.0516691,0.0,0.37906963,B_cell_zone,0.0
TATAGTTAGGTGTACT-1,1,72,12,6672,27473.0,6672,4084.9558,High,5,1,3,5,5,0,3,5,6629.97051275494,0.5623351446188083,-0.21064479649066925,0.2638582415149142,0.20023608207702637,0.2887228264256707,0.05779058486223221,0.7616340490050508,-0.3163839876651764,0.08850396134329565,-0.1865980625152588,0.32348636603112807,0.42249420285224915,0.02002528341405674,0.1023798,0.0,0.1449163,0.17655456,0.093794405,0.13605158,0.3463033,0.18358095,0.5685474,2.1430354,2.823018,0.2235985,0.5346942,0.35233507,1.7987509,1.1401739,2.49994,0.07761153,0.38384026,Medullary_cords,239.26763257908496
TATATAGGGCTTTACG-1,1,63,33,5472,16468.0,5472,4222.1836,Medium-Low,3,1,2,0,5,0,5,6,4827.51043499649,0.45056120886630463,-0.2665558159351349,0.1544867080819377,-0.17856325209140778,0.3451233313370409,-0.1256648153066635,0.5081772257773742,-0.17282013595104218,0.361110322505306,-0.15991917252540588,0.3985873688038927,0.2646588683128357,0.15755328711837832,0.034477036,0.12143217,0.23898806,0.37988266,0.05902031,0.0,0.16619979,0.3038487,0.8398525,1.5472329,2.5048695,0.11863507,0.64459914,0.40700677,0.87297034,1.3270321,2.3100412,0.0,0.21159828,Medullary_cords,366.3659372812926
TATATATCGAGAAATG-1,1,60,28,7766,33175.0,7766,4427.461,High,2,1,0,3,5,0,6,3,4899.326586378989,0.6365141682948128,-0.3916205167770386,0.03234123178484657,-0.3528077006340027,0.05583732262981165,-0.5008785724639893,0.004813255361143553,-0.10175073146820068,0.5926342224916841,-0.025017477571964264,0.8955979594102473,0.2878907024860382,0.12290128243336088,0.060956653,0.0,0.16989802,0.097397305,0.23651196,0.20668462,0.22855142,0.4379754,0.4965717,2.148245,2.7618995,0.34168643,0.5066767,0.26434094,1.4712508,0.9050625,2.8023167,0.41361997,0.6736323,Medullary_cords,237.9012400135821
TATATCAAAGTGATCT-1,1,71,37,6544,23820.0,6544,4348.496,Medium-High,3,4,2,0,5,0,5,6,5287.196326977087,0.0,-0.22680330276489258,0.2281064428358496,0.14629817008972168,0.4404557785606447,-0.15949289500713348,0.3998622325487704,0.07279650866985321,0.7022474388443637,-0.20489633083343506,0.27741188199348815,0.08692061901092529,0.6478720323147199,0.074197486,0.0,0.04420543,0.54298025,0.18388757,0.021096367,0.13363296,0.3517437,1.1159418,1.7265108,2.6334004,0.19620705,0.60465616,0.13144754,1.1370234,1.7234219,1.8361434,0.17526339,0.44063568,Medullary_cords,495.7428769029365
TATATCCCTGGGAGGA-1,1,36,98,6095,19850.0,6095,4327.703,Medium-Low,3,0,2,0,0,4,0,3,728.9890259805013,0.0,-0.2949049472808838,0.11364008514446118,-0.0874839574098587,0.6457374386817647,-0.03557869791984558,0.8519343227317289,-0.16926312446594238,0.3712282499320122,-0.2428431510925293,0.1959950452538837,0.05699462443590164,0.7648248955589795,0.006361438,0.0050592707,0.21052037,0.22142702,0.11594794,0.021977732,0.4187062,0.2754899,0.81504744,1.9180999,2.5206103,0.13811241,0.95876193,0.26809463,1.2848636,1.434425,1.9324706,0.33219883,0.4618377,Medullary_cords,552.6988330003963
TATATTACAAATGTCG-1,1,17,107,4667,12635.0,4667,4040.7458,Low,1,12,3,6,4,3,7,5,2834.700689667253,0.7963116401738131,0.052662208676338196,0.7822576648707418,0.10087944567203522,0.5958224561818201,-0.025367720052599907,0.8941444204546194,0.22891151905059814,0.22369532264502745,-0.31220918893814087,0.09302333896181154,-0.18634049594402313,0.324166708655561,0.09530851,0.12660968,0.16950423,0.09454348,0.17393665,0.0,0.34009746,0.36987445,0.61281395,2.2954526,2.8529687,0.14576541,0.4558889,0.2186481,1.8495588,1.0709395,2.478873,0.14576541,0.6513264,Medullary_cords,0.0
TATATTCGCGTCGATA-1,1,8,62,6608,23390.0,6608,4367.3315,Medium-High,1,5,4,6,6,3,7,5,4014.190453877344,1.0114042647073518,0.2660292685031891,0.15533358571070421,0.09263540804386139,0.6263472024077854,-0.23005411028862,0.22132888167633635,-0.024650923907756805,0.8971195461172707,-0.3139956295490265,0.0910684989561821,0.1373146027326584,0.4693214812617277,0.11365907,0.0,0.0,0.08329835,0.19806564,0.183728,0.42124897,0.36963406,0.44544673,2.2975974,2.919405,0.22490494,0.805583,0.34664252,1.8593175,0.843616,1.9175464,0.08899017,0.4621901,Medullary_cords,0.0
TATCACAGCACGGGCA-1,1,4,64,5521,17412.0,5521,4290.692,Medium-Low,4,5,1,4,6,3,4,7,4394.413271416333,0.0,-0.04549157992005348,0.8113354987325101,-0.023114800453186035,0.9034999187950646,0.06875511258840561,0.718089608382809,-0.008554686792194843,0.9642143694992218,-0.1618899703025818,0.3927234756452629,-0.22792202234268188,0.22575845691993032,0.20256272,0.15125343,0.1757014,0.23806672,0.13644071,0.0015664645,0.09440865,0.26579866,0.42687356,2.2255979,2.5799165,0.0,0.64145565,0.8924976,1.7949235,0.7860149,1.9367365,0.0,0.12747711,Medullary_cords,137.0
TATCACCATGTAAAGT-1,1,9,95,7348,30700.0,7348,4400.002,High,4,12,7,4,4,3,4,7,3506.187673242834,1.0114042647073518,-0.16600418090820312,0.3806426370744607,-0.15223118662834167,0.42193330577417465,0.10674120485782623,0.5745172755363397,-0.091500423848629,0.6305989820323272,-0.2884058356285095,0.12220275716834593,-0.21441859006881714,0.2551993611719547,0.12816824,0.1313782,0.2167092,0.16366826,0.29373783,0.015381558,0.050956704,0.1606615,0.5116272,2.1545978,2.7437365,0.21840939,0.71660644,0.5644068,2.0057168,0.82034916,2.3284333,0.070491366,0.4607176,Medullary_cords,0.0
TATCACCCAACCGACC-1,1,24,100,7187,29506.0,7187,4362.58,High,1,0,3,6,4,2,7,5,1869.4183587415632,0.6365141682948128,0.05890714377164841,0.7571644470724289,-0.13294212520122528,0.4837201047896715,-0.13938014209270477,0.4625984365760013,0.09681269526481628,0.6108003144334976,-0.1307757943868637,0.49093681990331994,-0.030758418142795563,0.8718176548686345,0.0482787,0.07942431,0.02686447,0.18462293,0.23190936,0.1047772,0.324123,0.31261048,0.6662269,2.2248845,2.8071594,0.17413956,0.55876434,0.3971378,1.5303295,1.1293371,2.1463156,0.07296687,0.44803947,Medullary_cords,137.00364958642524
TATCACTTCGAGTAAC-1,1,17,99,6932,27978.0,6932,4273.9023,High,1,12,3,1,4,3,1,5,2626.64995764567,0.45056120886630463,0.020341606810688972,0.915033197292315,0.08334081619977951,0.6614999879952052,-0.023080263286828995,0.9036434400233301,0.049549851566553116,0.7948458232155974,0.08435474336147308,0.6576290543804508,0.06257761269807816,0.7425262210802362,0.043710936,0.08107252,0.019533591,0.18174212,0.2917701,0.099846624,0.2823241,0.2744277,0.47486073,2.1227517,2.7148252,0.14381266,0.6992976,0.50272477,1.6363366,1.2007284,2.2200453,0.21122816,0.41505393,Medullary_cords,551.0009074402691
TATCAGTGGCGTAGTC-1,1,54,8,7130,27730.0,7130,4453.0806,High,5,1,7,1,5,0,1,1,5830.686408991655,1.351783994289646,-0.4728051424026489,0.00832701781369187,0.02298501692712307,0.9040392572867989,-0.001968317199498415,0.991763739632344,-0.316622793674469,0.08825059666138582,-0.09163360297679901,0.630099475334742,0.025245876982808113,0.8946500426819138,0.17975959,0.0025897853,0.059211828,0.25868937,0.41416672,0.014406744,0.07117591,0.235226,0.75193405,2.3632164,2.878403,0.11548492,0.6466614,0.22711703,1.751591,1.1106602,1.9943717,0.0,0.3136347,Medullary_cords,138.0
TATCCAATTGGTTATC-1,1,55,79,4864,14477.0,4864,3912.2058,Low,2,6,5,2,2,1,2,4,2128.4830278862923,0.0,-0.0555267333984375,0.770719250320503,0.13072852790355682,0.49109488615711155,-0.43018901348114014,0.017651793557235288,-0.1467423290014267,0.4390540788925004,0.05594583600759506,0.7690350400735926,-0.03496575355529785,0.8544580047819572,0.028107835,0.00078761973,0.21144745,0.16405506,0.2276246,0.18826233,0.1797151,0.31803912,0.60876715,2.0279462,2.7066567,0.10847642,0.38009673,0.26261458,1.3164734,0.8778328,2.7230232,0.13130729,0.41925746,Medullary_cords,364.6601157242179
TATCCATATCATGCGA-1,1,18,52,6270,20522.0,6270,4415.849,Medium-High,3,3,0,0,1,5,0,3,3446.3860781984367,1.3296613488547582,-0.4672034978866577,0.009240605059785969,-0.06978282332420349,0.7140498278979428,-0.021245498210191727,0.9112720830987813,-0.05270961672067642,0.7820663270608842,-0.11891114711761475,0.5314099848172887,0.21153797209262848,0.26179178559341393,0.043762304,0.0,0.05831018,0.10357793,0.20156267,0.24042119,0.3523657,0.35932097,0.404377,1.9641974,2.5744262,0.23442623,0.55881655,0.39665893,1.5923251,0.94793296,2.1985614,0.22522785,0.557186,Medullary_cords,137.55726080436466
TATCCATCTCGGTTAG-1,1,61,17,7454,30239.0,7454,4475.2886,High,0,1,7,4,5,0,4,0,5610.74415741798,1.0986122886681096,0.01942342519760132,0.9188556150569187,-0.055677853524684906,0.7701118391091093,0.12108451873064041,0.523878392409571,0.4446985721588135,0.013808464765599437,0.4745873212814331,0.008052871193414829,0.313449501991272,0.09166276448412496,0.07478328,0.0,0.09784996,0.20315866,0.26939675,0.16859359,0.18621776,0.19740683,0.6114787,2.1166863,2.7005625,0.24820498,0.6015197,0.45699415,1.5740042,1.041746,1.9705667,0.071428105,0.5071974,Medullary_cords,137.92751719653333
TATCCCTCGATCTGCA-1,1,76,84,4491,12266.0,4491,4030.775,Low,4,6,7,4,2,1,4,7,4560.647432108735,0.37677016125643675,-0.31714311242103577,0.08770047104500708,0.23845314979553223,0.2044537415443357,0.21918940544128418,0.24452305269119276,0.12971878051757812,0.4944777967932407,0.14615190029144287,0.4409179146687496,0.40702593326568604,0.02559513052153078,0.20705152,0.0,0.2501031,0.30445388,0.023729106,0.012275047,0.20238739,0.12090416,0.64597625,2.2396245,2.7339585,0.074533276,0.26997072,0.6200594,1.9799471,0.87119824,2.0389662,0.14906655,0.29813313,Medullary_cords,0.0
TATCCGCACCGTCGGG-1,1,59,53,6434,25616.0,6434,3852.3057,High,2,2,5,2,2,7,2,4,3482.7934190818723,0.8675632284814613,-0.06195095181465149,0.7450193467692201,-0.12410209327936172,0.5135078466122635,0.1645491123199463,0.3848903610945641,0.011083733290433884,0.9536449361817656,-0.04127512872219086,0.8285520133314422,0.177292138338089,0.3486243866537968,0.043890018,0.0,0.30754727,0.030091977,0.14436442,0.12857212,0.34553424,0.38492948,0.4050665,2.1531847,2.4369524,0.16481084,0.36480284,0.2514614,1.397069,0.86203,3.099674,0.7996582,0.7048073,Medullary_cords,137.55726080436466
TATCCTATCAACTGGT-1,1,69,59,5386,17320.0,5386,4009.2437,Medium-Low,2,4,0,3,2,1,6,3,4215.648585923642,1.0114042647073518,-0.2557649314403534,0.1725131598014831,-0.33362051844596863,0.0715946915112606,-0.3399409055709839,0.06606431144158353,0.1421515792608261,0.45365818110970485,0.18899448215961456,0.317198620295314,0.08415327966213226,0.6583975083737484,0.012719527,0.0,0.2250673,0.12145882,0.13403891,0.17767467,0.3290408,0.3867202,0.4445816,1.8308446,2.6384819,0.3616163,0.5505061,0.34060836,1.0871593,1.0708661,2.7230294,0.71028554,0.6864074,Medullary_cords,479.00104384019875
TATCCTGCATGGGAAT-1,1,14,54,6190,27885.0,6190,3592.5793,High,2,8,0,2,1,5,2,4,3706.6925958325705,1.2424533248940002,0.09795848280191422,0.6065644154937482,-0.12026077508926392,0.5267268892993227,-0.09290876239538193,0.625324931038501,-0.34111863374710083,0.06507160581823851,-0.47360721230506897,0.008202677641372681,0.049555789679288864,0.7948217568543628,0.041458026,0.0025468692,0.38736483,0.19110775,0.27224112,0.014933214,0.09034816,0.25681916,0.48420358,2.061911,2.5649562,0.076616585,0.3467177,0.20251194,1.2327304,0.94077545,2.931575,0.52714276,0.38952184,Medullary_cords,239.00209204105306
TATCGATCTATGCATA-1,1,22,88,7119,25669.0,7119,4597.9326,High,1,5,4,6,4,2,7,5,1916.004175360795,1.2424533248940002,-0.32058295607566833,0.08412909557709812,-0.2224288135766983,0.23744521994473408,0.052635494619607925,0.7823654876952587,0.04601232707500458,0.8092149972107373,-0.1629965752363205,0.3894526856346431,0.30497145652770996,0.10127032792428793,0.026561813,0.07625371,0.05946181,0.080324754,0.17002983,0.20207892,0.38528913,0.2680751,0.48120132,2.0981379,2.8787925,0.17902225,0.44282174,0.37441966,1.6159137,0.83527887,1.8797493,0.57882017,0.56606513,Medullary_cords,138.42326394071193
TATCGATGATTAAACG-1,1,23,49,6541,21946.0,6541,4445.6924,Medium-High,5,3,4,1,1,2,1,1,3230.297354733771,1.0114042647073518,-0.3282438814640045,0.07657574944423003,-0.13916446268558502,0.4632980595601636,-0.07741193473339081,0.6843038587017369,-0.12727683782577515,0.5027073390703756,-0.13034428656101227,0.49238080548605595,0.10711953043937683,0.5731540081555861,0.062094163,0.05924934,0.13221332,0.10896372,0.14610553,0.26388875,0.22748516,0.27052608,0.6661267,2.2788506,2.976138,0.09387265,0.4665304,0.31566185,1.7792234,0.9469652,2.2894442,0.1877453,0.4871236,Medullary_cords,137.92751719653333
TATCTACAGAGGTAAT-1,1,30,24,6308,23508.0,6308,4150.44,Medium-High,2,7,0,2,3,6,2,4,4508.57771364762,0.0,-0.17748773097991943,0.34808427795400976,0.004012508317828178,0.983210880603651,-0.2506709694862366,0.181520002424637,0.32679277658462524,0.0779647930396269,-0.28211870789527893,0.1309308109721865,0.038244590163230896,0.8409749900725003,0.039528377,0.0,0.35803935,0.13843857,0.14090692,0.00014428163,0.3229425,0.45145527,0.49615973,2.1665275,2.7628632,0.2713528,0.56520504,0.4549331,1.3919989,1.1090988,2.7701426,0.33707702,0.36520886,Medullary_cords,496.9557324349926
TATCTACCACAGCGGG-1,1,42,60,3786,8641.0,3786,3958.1157,Low,5,9,4,1,0,7,1,1,1985.8831788400848,0.8675632284814612,-0.0502295047044754,0.7920924852591791,0.07854127883911133,0.6799383522274329,-0.13378936052322388,0.48091258213836957,0.1358128935098648,0.47424120312928,-0.02582670748233795,0.8922400891445639,0.22876563668251038,0.22399868857344168,0.07096553,0.00033432356,0.15579116,0.29767314,0.022559464,0.36529452,0.08738185,0.24589577,0.85098594,2.0678186,2.9527123,0.1922113,0.5878972,0.47055453,1.487127,1.0652052,2.2317631,0.0,0.6470137,Medullary_cords,138.0
TATCTAGCCTAAAGGA-1,1,34,12,7439,32041.0,7439,4400.433,High,5,7,4,1,3,6,1,1,5253.707738350126,1.320888343149322,-0.20805765688419342,0.269903726226541,-0.04193092882633209,0.8258689357888561,0.05528196692466736,0.7717033449240079,-0.36378347873687744,0.04813674224865136,-0.31265759468078613,0.09252969908726669,0.12449995428323746,0.5121480923675538,0.18413265,0.0024249277,0.023518965,0.11465703,0.13372141,0.18490502,0.35664,0.21113682,0.4077972,2.36301,2.8209457,0.06790911,0.6544501,0.4476505,2.1037393,0.8950794,1.8467767,0.13581821,0.35169554,B_cell_zone,0.0
TATCTGAGCCGATATT-1,1,64,8,705,1066.0,705,1794.9735,Low,5,1,6,5,5,0,3,1,6326.4037967869235,0.410116318288409,0.2580309808254242,0.1686097546852602,0.0495932474732399,0.794669949778417,0.10668091475963593,0.5747346602255813,-0.17260803282260895,0.361709024040214,-0.04053270071744919,0.8315917940066541,0.11465352773666382,0.546313029252188,0.6154625,0.042127263,0.0,0.22977436,0.0,0.04667424,0.06596169,0.0,0.8515194,2.5250587,2.4383605,0.0,0.0,0.0,1.9466099,0.8872852,1.532735,0.0,0.0,B_cell_zone,0.0
TATCTTGCAATACAAC-1,1,56,16,8645,45260.0,8645,4297.3657,High,2,1,0,3,5,0,6,4,5404.870488735137,0.6931471805599453,0.08758611977100372,0.6453506211946034,0.16215792298316956,0.39193004808267384,0.03009115532040596,0.874576392589445,-0.09608453512191772,0.6134986986584581,-0.2741397023200989,0.14265462412586066,0.4314556419849396,0.01728439960694124,0.032200824,0.05382901,0.16889395,0.1753653,0.16383518,0.080625966,0.3252497,0.2596864,0.46959615,2.2080703,2.8904984,0.43484533,0.50139546,0.31581643,1.3320664,0.9751752,2.8034961,0.22695252,0.59803396,Medullary_cords,364.6601157242179
TATGAAGACAGGTGCG-1,1,29,21,6702,28772.0,6702,3910.349,High,2,11,5,2,3,6,2,4,4736.7408626607385,0.45056120886630463,-0.09162988513708115,0.6301134174381536,-0.019409269094467163,0.9189145614371452,-0.32939571142196655,0.0754868194977823,0.2918853163719177,0.1175611503387144,-0.253677099943161,0.17616572341244432,-0.12860561907291412,0.4982207717112967,0.070627235,0.0,0.20373954,0.1532013,0.38056368,0.0,0.19186829,0.31042612,0.591576,2.1298513,2.6567235,0.14054312,0.545553,0.33240673,1.3955897,0.93795,2.7712998,0.14914782,0.38331997,Medullary_cords,477.31017169132275
TATGATAAATCTAACG-1,1,6,82,3221,7138.0,3221,3665.2126,Low,2,5,0,3,6,3,0,4,3855.166403671831,0.45056120886630463,-0.20745421946048737,0.27132661446643147,0.10828526318073273,0.5689625273204673,0.05756521597504616,0.762537121664253,0.32047536969184875,0.08423908330466731,-0.07295563817024231,0.7016261000077821,0.03787993639707565,0.8424723895222641,0.10132586,0.0069093923,0.08473116,0.3074082,0.25526714,0.048418704,0.1959395,0.32851094,0.73243153,2.3678696,2.9083393,0.1669636,0.10950364,0.32851094,1.3115494,1.0292557,2.1600232,0.0,0.5912412,Medullary_cords,276.3494165001982
TATGATCCGGCACGCC-1,1,26,112,7673,34346.0,7673,4531.3906,High,4,0,1,4,0,2,4,7,2189.9045641305925,0.6365141682948128,-0.5731171369552612,0.0009317386488561799,0.1026260256767273,0.5894387895601624,0.5902146100997925,0.0005966136490892264,-0.21444329619407654,0.25514329635398547,-0.6190522909164429,0.00026521843263068806,-0.22939524054527283,0.2226913997134172,0.13964866,0.127829,0.11247379,0.18701746,0.22652939,0.17336625,0.03313544,0.09654033,0.5072064,2.2319481,2.4605882,0.06389245,0.5154746,0.8824115,1.7260736,1.0506399,1.9422177,0.11473476,0.20427474,Medullary_cords,138.0
TATGATCTTCTCTTTA-1,1,58,90,5639,16930.0,5639,4329.0557,Medium-Low,1,6,4,3,2,1,6,3,2400.3233115561743,0.8675632284814613,-0.0713348388671875,0.7079634473536791,0.08024260401725769,0.6733809820002168,0.18084199726581573,0.33890021658503006,0.380924254655838,0.03782138053875459,-0.04361741617321968,0.8189778947034008,-0.039877284318208694,0.8342772982657504,0.075731955,0.08906443,0.061897937,0.15521884,0.1884746,0.003684687,0.42592746,0.4714294,0.55116725,2.0942554,2.9400618,0.41533613,0.5545547,0.24350509,1.5558614,1.0052243,1.9269193,0.19500025,0.43946522,Medullary_cords,137.55726080436466
TATGATTCTGCTTGGT-1,1,5,35,5908,19609.0,5908,4238.045,Medium-Low,3,8,2,0,1,5,5,6,5379.228569228119,0.0,-0.5958611965179443,0.0005121154943777196,-0.09015639126300812,0.6356488641801336,0.1745275855064392,0.3563121506517608,-0.05396807938814163,0.7769917897188813,-0.11823907494544983,0.5337494362877274,0.18606090545654297,0.3249062219717591,0.031328477,0.08621071,0.1606337,0.367748,0.0,0.23418106,0.11989806,0.051513366,0.95902973,1.5832183,2.3926282,0.15454009,0.82402116,0.24242678,1.1046375,1.5897094,1.8460764,0.0,0.37173346,Medullary_cords,413.5371809160574
TATGCTCCCTACTTAC-1,1,25,61,5865,18389.0,5865,4381.871,Medium-Low,5,3,4,6,1,2,1,1,2423.994224415562,0.6931471805599453,-0.5706822872161865,0.000990863933661859,0.28419768810272217,0.12799558949793435,0.16003096103668213,0.3982534274176523,-0.24707597494125366,0.1880717073607014,-0.0810144916176796,0.670413603433723,-0.003880305215716362,0.983763970823541,0.11203343,0.093136236,0.017187133,0.26312497,0.2483496,0.0051973136,0.2609713,0.20056456,0.6181589,2.2821484,2.9627361,0.108562276,0.38456917,0.43140587,1.9871107,1.2449299,1.9450557,0.21712455,0.3562979,B_cell_zone,0.0
TATGGAGTTTCTCGTT-1,1,6,32,5688,18267.0,5688,4205.6714,Medium-Low,3,8,2,0,1,5,5,6,5435.607141801181,0.0,-0.2828701138496399,0.12986429535444005,0.06832894682884216,0.7197669985393305,0.19054795801639557,0.3131633625336397,-0.2226816713809967,0.23689856528687256,-0.07166382670402527,0.7066755368233377,-0.01923856884241104,0.9196253947875827,0.038304284,0.0,0.0004693976,0.2990031,0.22323172,0.20189755,0.23709393,0.2514915,0.9216733,1.684746,2.2355235,0.10915457,0.5457982,0.2561719,0.6783038,1.3278278,1.8392171,0.0,0.4380375,Medullary_cords,479.00104384019875
TATGGATGTGCTACGC-1,1,26,54,5865,18735.0,5865,4309.7466,Medium-Low,1,3,4,6,1,2,7,5,2746.2878581823866,0.6931471805599453,0.1391782909631729,0.46325318654173525,0.18065759539604187,0.33940125990200737,-0.10622218996286392,0.5763898622452281,-0.02385767549276352,0.9004135866382306,-0.07117430120706558,0.7085922018379277,0.04517096281051636,0.812641715437902,0.03965793,0.09550133,0.006292861,0.099988334,0.22400247,0.14015573,0.39440128,0.19773248,0.5164503,2.2296104,2.8337939,0.14426485,0.70770335,0.26376945,1.7445719,0.9634657,1.9230614,0.0,0.6038397,Medullary_cords,137.0
TATGGCAGACTTTCGA-1,1,1,21,6786,25625.0,6786,4422.151,High,4,8,1,4,1,5,4,7,6395.977564063213,0.0,-0.372930109500885,0.04238559085865624,-0.4024145007133484,0.02748123164290219,-0.1169232502579689,0.5383439517671453,0.049507420510053635,0.7950177958718959,-0.2265215665102005,0.22870033727857136,0.2962636649608612,0.11190786192564653,0.17859304,0.100479364,0.12859333,0.06451915,0.41991425,0.0,0.10790091,0.15874213,0.45589554,2.238527,2.5021381,0.04118764,0.5131637,0.7595458,1.9401368,0.72350085,2.073004,0.08237528,0.16475056,Medullary_cords,0.0
TATGGCCCGGCCTCGC-1,1,30,30,6245,21027.0,6245,4382.716,Medium-High,3,7,2,0,1,6,5,6,4105.938260617176,0.6365141682948128,-0.2921951711177826,0.11715423839113669,-0.3442983329296112,0.06244945897089486,0.14444082975387573,0.4463434692722932,0.09470391273498535,0.6186285397931088,-0.46583986282348633,0.009475360242246718,-0.0544951930642128,0.7748689500761818,0.044894088,0.0,0.05888737,0.3674084,0.20154914,0.19897,0.12829104,0.200794,0.84548223,1.6990314,2.7201052,0.30535483,0.482641,0.23045896,1.1630158,1.5768042,1.887482,0.09726644,0.2410963,Medullary_cords,138.42326394071193
TATGGGACCGAGCAGG-1,1,36,56,3778,10982.0,3778,3467.3833,Low,2,9,5,2,3,7,3,4,2215.3927417051814,0.6829081047004717,-0.04449450969696045,0.8153992462665168,0.1066916286945343,0.5746960268928363,-0.21269682049751282,0.2591264645451377,0.13132061064243317,0.489116739209217,0.025994867086410522,0.8915425441486187,-0.1383301019668579,0.4660098080616932,0.0818589,0.0,0.54086226,0.0,0.08654929,0.0,0.29072952,0.2728278,0.14631948,2.1410384,2.7061613,0.08092592,0.5370308,0.37242135,1.3158764,0.28572023,2.9120817,0.42113906,0.5185745,Medullary_cords,138.0
TATGGGTACGTATCGT-1,1,32,58,4814,13880.0,4814,4045.7632,Low,1,3,3,5,1,2,3,5,2186.5173221358205,0.0,-0.03667555749416351,0.8474218023402633,0.24047939479351044,0.20051890526572605,-0.1148059144616127,0.5457762688908122,-0.367941290140152,0.04545010843933784,-0.09341764450073242,0.6234236638345494,0.12440405786037445,0.5124756714235954,0.056352187,0.102091365,0.102779135,0.0,0.43486813,0.0,0.30390924,0.32327777,0.22706324,2.0807319,2.5486584,0.17938921,0.39110935,0.20349477,1.4427569,0.25444505,2.2539022,0.0,0.46317774,Medullary_cords,138.42326394071193
TATGGTCTGAGTAACA-1,1,36,58,5066,18482.0,5066,3553.0627,Medium-Low,2,9,5,2,0,7,3,4,2078.215821323666,0.5982695885852573,0.09929926693439484,0.6016234600130782,0.23314300179481506,0.21501651675224126,-0.05383925512433052,0.7775108424796229,0.034639377146959305,0.8558023738282131,-0.028418634086847305,0.8814975476025426,-0.1949874311685562,0.3018085434050076,0.040929865,0.0,0.21335246,0.0388795,0.40995094,0.0,0.29688725,0.1746088,0.33280152,2.0740733,2.3999038,0.2538523,0.2538523,0.21623752,1.5117662,0.6069184,3.450249,0.39958584,0.36324424,Medullary_cords,276.0
TATGGTTAGTGGGAGA-1,1,41,105,5943,18969.0,5943,4289.6147,Medium-Low,1,10,0,3,0,4,6,3,1224.2099493142505,0.8675632284814613,-0.32068243622779846,0.08402749278319638,0.013796704821288586,0.9423154491621897,-0.28584063053131104,0.12571042083549416,-0.11620200425386429,0.5408702850273185,0.13074497878551483,0.49103986899330426,0.3653809428215027,0.04708998722767395,0.028126517,0.10604099,0.26164255,0.035420634,0.015066589,0.0,0.5537027,0.43760663,0.464836,2.4124637,2.7783947,0.27733025,0.6873823,0.32176584,1.9023699,0.88245106,2.6249893,0.35656232,0.66597986,Medullary_cords,0.0
TATGTAAAGTGCTTAA-1,1,66,44,7084,25948.0,7084,4489.5884,High,3,4,0,3,2,0,0,3,4518.486582916895,0.6365141682948128,-0.2079213559627533,0.27022469614327355,0.1033606007695198,0.5867628915264612,0.06209133192896843,0.744460633983328,-0.2619614601135254,0.1619885823076225,-0.06265846639871597,0.7422047356786465,-0.17620263993740082,0.3516421238720814,0.05370477,0.056348715,0.06557608,0.18955606,0.1515525,0.17838064,0.3048813,0.34072325,0.6921776,1.9372535,2.816259,0.31434253,0.38783342,0.461626,1.4074373,1.1538233,1.7635558,0.08150009,0.6234343,Medullary_cords,238.76766950322232
TATGTAGAAACCCGGC-1,1,61,7,5038,14540.0,5038,4149.0024,Low,3,1,6,0,5,0,5,6,6219.414924251316,0.0,0.45018160343170166,0.012551013503653995,0.03441821411252022,0.8567135861908767,0.012455993331968784,0.9479130753640067,0.2825944423675537,0.1302548296629198,0.16359665989875793,0.3876855877464105,0.0010866159573197365,0.99545309241488,0.071554296,0.1280524,0.0,0.36833638,0.41836658,0.0,0.013690419,0.20536995,0.8541398,1.636251,2.8753548,0.32714313,0.6804795,0.37895536,1.1427838,1.3486847,1.7396905,0.13085726,0.2738266,Medullary_cords,364.9465714320385
TATGTCAAGACCGACT-1,1,20,92,7719,31715.0,7719,4600.31,High,1,5,3,6,4,2,7,5,2172.840537177084,1.0114042647073518,-0.5601649880409241,0.0012855815431296659,-0.36361199617385864,0.04825019705948093,0.19900551438331604,0.29175787003628245,0.4839625656604767,0.006733092298191864,0.07537661492824554,0.6921965876129375,0.03913329541683197,0.8373279338429764,0.04155152,0.036980458,0.003963363,0.04248717,0.19950981,0.2760081,0.3994996,0.2502185,0.5300192,1.9645061,2.9303653,0.10277946,0.98349977,0.49294046,1.5527533,0.8553654,1.755285,0.20555893,0.7201803,Medullary_cords,137.0
TATGTCTCATTGTGCC-1,1,30,82,5805,17676.0,5805,4381.295,Medium-Low,4,0,7,4,4,2,4,7,1043.107856360022,1.3296613488547582,-0.291191965341568,0.11847547867069319,-0.11730585992336273,0.5370060474991909,-0.18990983068943024,0.31481705802751425,0.05843956023454666,0.7590352659391661,0.2005710005760193,0.28790028629264863,0.00906715914607048,0.9620720991677932,0.17633025,0.00060633966,0.19515136,0.3629663,0.12133363,0.0,0.14361212,0.2038739,0.7502621,2.2111714,2.6634183,0.35733804,0.42250335,0.55848,1.7994926,1.2555057,2.21241,0.112089455,0.25227183,Medullary_cords,138.0
TATTAACACCAAAGCA-1,1,54,10,9006,47952.0,9006,4633.2666,High,3,7,0,0,5,0,0,3,5700.6487350125335,1.5498260458782018,-0.47617775201797485,0.007814703839651374,-0.03581785410642624,0.850950029679511,0.09880772978067398,0.6034328425938958,-0.17743423581123352,0.3482319493082593,-0.08297812193632126,0.6628867552125828,0.1531294584274292,0.4191671279147084,0.049042176,0.031230334,0.0817978,0.20600846,0.19480701,0.19000243,0.24711178,0.31963313,0.8685641,2.046723,2.7016933,0.23595522,0.64111584,0.4466484,1.4296052,1.3137127,2.131916,0.16883846,0.66741234,Medullary_cords,239.26763257908496
TATTAACCTGACCGCG-1,1,57,45,4986,16065.0,4986,3807.2114,Medium-Low,2,2,5,2,5,0,2,4,3733.3905501567874,0.0,0.2478955090045929,0.1865638381355581,0.15295906364917755,0.4196910727510734,0.06838967651128769,0.7195278881133367,-0.06733895093202591,0.7236685409593298,-0.4894886016845703,0.006044879027478715,0.3695121109485626,0.044466738954845236,0.11749424,0.0019158865,0.48263472,0.17312026,0.04045812,0.0,0.18437672,0.35594693,0.691393,2.1624737,2.5138223,0.18148142,0.8346153,0.3629628,1.3846737,0.9515036,2.6971793,0.63562477,0.2960968,Medullary_cords,365.65831044842946
TATTACCATCCTGCTT-1,1,38,96,4974,13185.0,4974,4319.044,Low,4,0,7,4,0,4,4,7,551.0009074402691,0.45056120886630463,-0.12051533162593842,0.5258458380828488,0.1694035530090332,0.3708256774179159,-0.18427728116512299,0.32964828108020916,0.10733438283205032,0.5723804503030259,0.37650954723358154,0.040290356242708374,-0.22932744026184082,0.22283192945540778,0.15699047,0.0,0.098378606,0.33334172,0.41128916,0.0,0.0,0.14111461,0.42281556,2.1414933,2.7042325,0.28222921,0.40480584,0.68733937,1.5785474,1.0826674,2.116915,0.0,0.15384398,Medullary_cords,477.31017169132275
TATTATGTTTGCCTGC-1,1,57,17,6649,23209.0,6649,4401.5684,Medium-High,2,1,0,3,5,0,6,3,5391.555248719983,0.0,0.40949752926826477,0.024628629515190632,0.08562567085027695,0.6527891955032157,0.27826613187789917,0.1365000143449916,0.22868837416172028,0.2241594704221701,0.18528436124324799,0.3269656098688784,0.29081910848617554,0.11896934204623402,0.012181073,0.0,0.24181737,0.12149563,0.13057292,0.12446416,0.36946884,0.29210997,0.8217845,1.9527242,2.7999187,0.40811548,0.48806632,0.17915337,1.1478059,0.9813565,2.4448268,0.55502623,0.5620309,Medullary_cords,364.6601157242179
TATTCAATTCTAATCC-1,1,34,74,4925,13488.0,4925,4193.173,Low,1,2,3,6,4,2,7,5,1076.01161703766,0.6365141682948128,0.3852725028991699,0.03550992255673561,-0.16824887692928314,0.3741434407259223,-0.09091533720493317,0.63279531876726,-0.028946924954652786,0.8793104483080204,-0.4401808977127075,0.014921934500594909,0.20266275107860565,0.2827969055904669,0.14681022,0.15720595,0.28766108,0.12855016,0.010325485,0.0,0.26944712,0.29267114,0.38698238,2.179708,2.9013367,0.06933616,0.5123546,0.32168186,1.6835134,1.0651747,2.2892067,0.366019,0.2875623,Medullary_cords,138.42326394071193
TATTCCACTCAGCTCG-1,1,49,57,4559,11736.0,4559,4103.2466,Low,1,2,0,3,3,7,6,3,2508.284274160327,0.6365141682948128,-0.12770581245422363,0.5012567234825552,0.011842641979455948,0.9504747148124556,-0.24134187400341034,0.19885998519471196,-0.20025108754634857,0.28868594187562885,0.40768516063690186,0.02533436322920749,-0.17176604270935059,0.36409149685006487,0.0,0.0009521905,0.14475155,0.022783985,0.2004595,0.30585518,0.32519755,0.44401237,0.45696142,2.1442797,2.7875993,0.15408702,0.3554861,0.124355555,1.4414828,0.92159605,2.411284,1.1350579,1.0942383,Medullary_cords,414.2764777295472
TATTCCGAGCTGTTAT-1,1,54,86,5225,16009.0,5225,3975.3298,Medium-Low,2,6,5,2,0,4,2,4,1921.608180665351,0.45056120886630463,0.09900353848934174,0.6027117799011401,0.2952420711517334,0.11320843775426852,-0.08502382785081863,0.6550793859232514,0.19817310571670532,0.29382235043682264,-0.14955639839172363,0.43022979937605405,0.08764825761318207,0.6451153929413977,0.021549905,0.06963405,0.25608557,0.2570785,0.09961757,0.20708093,0.08895345,0.40594426,0.6097102,2.0482206,2.701912,0.3040077,0.6125339,0.16200334,1.2997814,1.1629106,2.8909097,0.32400668,0.5872414,Medullary_cords,478.0345175821512
TATTCCGGCAGTCCTA-1,1,5,57,4936,14238.0,4936,4040.5837,Low,5,8,7,1,6,5,1,1,4491.2423670962135,1.0114042647073518,-0.2738303244113922,0.14312404281788546,-0.11708621680736542,0.537773899353295,0.04896630719304085,0.7972117459469246,0.05192328989505768,0.7852415279601684,-0.19700734317302704,0.29672911759161796,-0.06540623307228088,0.7313048328765678,0.15823796,0.00034424296,0.05581305,0.33448717,0.45111758,0.0,0.0,0.17619613,0.6069717,2.2870123,2.7413116,0.36672086,0.45093304,0.40775323,1.9050543,1.1367848,2.315515,0.21937595,0.29250127,Medullary_cords,0.0
TATTCCTCCGCCCACT-1,1,48,32,5440,16896.0,5440,4142.9307,Medium-Low,3,9,0,0,3,6,0,6,4036.6759840244795,0.6931471805599453,-0.11648201197385788,0.5398888276246708,-0.16134434938430786,0.39434194107459125,-0.16195516288280487,0.39253035096711186,0.12531431019306183,0.5093704462352774,0.09707632660865784,0.6098245891979394,0.12326514720916748,0.5163740319606028,0.03875297,0.0,0.15769485,0.39454135,0.1842954,0.0025789337,0.22213641,0.34683433,1.030932,1.8781123,2.6951356,0.185727,0.49906567,0.174346,1.1387885,1.6464496,2.5696084,0.23246133,0.5274881,Medullary_cords,480.0010416655364
TATTCGTGCCAGAATA-1,1,34,64,3941,10747.0,3941,3694.967,Low,2,9,5,5,4,2,3,5,1719.8936013602702,0.6730116670092565,-0.0368812195956707,0.8465762226905744,0.16282033920288086,0.3899725346866152,0.09387103468179703,0.6217317190115015,-0.09835436940193176,0.6051037407963352,-0.10545720160007477,0.5791548626080751,0.22851930558681488,0.2245115708889084,0.043965418,0.0,0.15666682,0.09037738,0.008227905,0.36041075,0.34035176,0.2136176,0.40606195,2.0300138,2.7372627,0.13139573,0.46243393,0.49548194,1.4048305,1.1364791,2.4979515,0.0,0.63521206,Medullary_cords,364.3295211755424
TATTGACATTTCTGCC-1,1,35,117,6608,24336.0,6608,4300.2534,Medium-High,3,0,0,0,0,4,0,6,2028.9189239592597,1.3296613488547582,0.05730900168418884,0.7635641657650503,-0.24583053588867188,0.1903794411216154,0.10981970280408859,0.5634665346822032,-0.15228739380836487,0.42175992281359176,0.04162898287177086,0.827104051582339,0.11986492574214935,0.5280983859717603,0.111507565,0.0,0.2119075,0.43912742,0.038766798,0.032859758,0.16583093,0.38639802,0.81270766,2.0406678,2.5796132,0.5471448,0.51519364,0.24384443,1.3654951,1.3800421,2.2775385,0.0,0.42510238,Medullary_cords,138.0
TATTGCCGGGCTTGTA-1,1,67,113,4378,12611.0,4378,3737.099,Low,2,13,3,5,7,1,3,4,3877.344452070257,0.5004024235381879,-0.005197622813284397,0.978253158376484,0.000352722592651844,0.9985240375291956,0.2704830467700958,0.14827466587257307,0.20600126683712006,0.27477252599225266,-0.49963635206222534,0.004936198753635345,-0.19578124582767487,0.299805870910861,0.059811693,0.0,0.17956856,0.023018274,0.34639916,0.0,0.3912023,0.14597553,0.44102544,2.1713564,2.4611247,0.26474163,0.63504755,0.19175386,1.7096059,0.77187836,2.5169184,0.5963508,0.3167096,Medullary_cords,238.90793205751876
TATTTAGTCTAGATCG-1,1,18,58,5796,17800.0,5796,4357.687,Medium-Low,5,3,4,1,1,2,1,1,3162.458062963049,1.0114042647073518,0.2241501361131668,0.23374050763618062,0.023161163553595543,0.9033072588884645,0.18662269413471222,0.3234213495834447,-0.08049552887678146,0.6724081272170985,-0.1724773496389389,0.36207819485387704,0.18584105372428894,0.32548845523042996,0.14502782,0.20631687,0.16050129,0.04480258,0.03906174,0.042468872,0.36182088,0.17921503,0.26644403,2.4540274,2.982606,0.16719666,0.29067945,0.29974955,2.1973505,0.7012375,1.916586,0.29974955,0.29016715,B_cell_zone,0.0
TATTTATACCGAGTAG-1,1,16,78,6549,23771.0,6549,4374.6587,Medium-High,3,5,2,7,6,3,8,2,2723.1808606847985,0.0,-0.27053892612457275,0.1481875981872826,-0.25690048933029175,0.17054918684005993,-0.04684174805879593,0.805840302932135,0.02019783854484558,0.9156315884459985,-0.06519815325737,0.7321284868305489,0.2299233078956604,0.221598925842428,0.031885315,0.0,0.21115297,0.4144785,0.32054216,0.0,0.021941124,0.24524346,0.81970984,1.536437,2.5390358,0.33575356,1.2109349,0.58602107,0.9194523,1.4258106,2.1986647,0.15263109,0.16027883,Medullary_cords,497.24139007126104
TATTTGTTACCCTTTA-1,1,24,46,6114,19985.0,6114,4347.1196,Medium-Low,1,3,0,3,1,2,6,3,3342.1437730893626,0.6365141682948128,-0.11429881304502487,0.5475634176065025,-0.29379498958587646,0.11506991243907745,-0.046676166355609894,0.8065137400512852,-0.4216609299182892,0.020297389413348032,-0.2134931981563568,0.2573051544797819,-0.05650373548269272,0.7667946580674836,0.0914431,0.081663534,0.16154309,0.07198839,0.26983145,0.0,0.32353044,0.4205587,0.65576243,2.269834,2.7942827,0.27480316,0.53191555,0.30272278,1.6729144,0.8514247,2.4798079,0.6510393,0.36640424,Medullary_cords,138.0
TCAAACAACCGCGTCG-1,1,24,60,6032,19671.0,6032,4352.0557,Medium-Low,5,3,4,6,1,2,7,1,2554.279741923347,0.6365141682948128,-0.5880476832389832,0.0006321558881165891,0.052542950958013535,0.7827390414130537,0.3343319296836853,0.07095487533076635,-0.2035549283027649,0.2806379462276641,-0.1936700940132141,0.30515050861758236,0.13518956303596497,0.4762911206319762,0.07040696,0.07235651,0.0633352,0.07161901,0.10417307,0.0,0.6181093,0.21854061,0.5756365,2.161613,2.9585776,0.15413424,0.6634782,0.36580926,1.7817352,1.1134194,1.8443274,0.35073748,0.37083322,Medullary_cords,138.0
TCAAACTTAGATTGTT-1,1,31,65,5485,17134.0,5485,4198.988,Medium-Low,1,3,3,6,4,2,7,5,1791.027917147022,0.410116318288409,0.06324028223752975,0.7398926127035956,0.11232413351535797,0.5545486148623812,0.21700216829776764,0.24938033715825111,0.16539634764194489,0.382413739552016,-0.18112419545650482,0.33813431741952743,0.1008853167295456,0.5958009479263751,0.05080511,0.0009445223,0.044275492,0.05046082,0.046190582,0.28639087,0.5209326,0.27703303,0.59275264,2.1554484,2.6877851,0.26907957,0.4624466,0.3563526,1.4097168,1.0557251,1.9615116,0.22986138,0.7092917,Medullary_cords,238.76766950322232
TCAAAGAGCTATCTGT-1,1,49,5,6747,27742.0,6747,4129.8765,High,1,7,3,5,3,0,3,5,5863.303164599286,0.6365141682948128,-0.23570361733436584,0.2098775649399454,-0.1391487419605255,0.46334907638694156,0.2460179179906845,0.19003097831459487,-0.5674817562103271,0.0010735557425016367,-0.1860489845275879,0.3249377757260348,0.188075453042984,0.3196009607223759,0.049528055,0.05231669,0.20115602,0.11459577,0.11998624,0.16082749,0.30158976,0.15007696,0.65395236,2.0721369,2.6893835,0.4244733,0.43353808,0.4530851,1.5497631,0.90772325,2.4025655,0.2602229,0.57372105,Medullary_cords,414.77222664976017
TCAAAGTCACGGCGTC-1,1,70,24,7357,32927.0,7357,4222.616,High,3,1,0,0,5,0,0,3,5839.61916566483,1.3296613488547582,-0.4651057720184326,0.009603803761398976,0.1846502423286438,0.32865321616246246,0.18520823121070862,0.32716793630853547,-0.0446343719959259,0.8148289254533,0.003100388217717409,0.987027004753386,0.3048367500305176,0.1014288661554093,0.05566093,0.04622523,0.13215691,0.19019866,0.20026244,0.23882675,0.13666905,0.16569774,0.7200263,2.108056,2.6551049,0.32070115,0.46534505,0.6624749,1.4496396,1.1030551,2.1299732,0.066302,0.50040567,Medullary_cords,138.0
TCAAATTGTTGTGCCG-1,1,68,78,6288,22096.0,6288,4220.7744,Medium-High,1,6,3,6,2,1,7,5,3658.5606459371425,0.6365141682948128,-0.1505388617515564,0.4271721066456254,-0.2367400974035263,0.20782152844234825,-0.13228997588157654,0.48588687278902026,-0.2020684778690338,0.28424086115932085,-0.17879116535186768,0.3444978335970626,0.026683080941438675,0.8886885875897133,0.013862663,0.12062617,0.084117815,0.09202249,0.2493781,0.0,0.43999276,0.24463792,0.33930886,2.016414,2.8440473,0.2544816,0.40836492,0.22057804,1.3679062,1.0315716,2.2442198,0.1611444,0.35781217,Medullary_cords,138.42326394071193
TCAAATTTGAGACTCA-1,1,60,70,7119,26453.0,7119,4504.288,High,1,6,0,3,2,1,6,3,2911.5061394405475,1.0114042647073518,-0.2786223292350769,0.13597797286175192,-0.14145424962043762,0.45589894785682583,0.1999943107366562,0.2893175320459454,0.18901261687278748,0.31715132909677163,-0.23880140483379364,0.20377370367085818,0.1386958360671997,0.46482011444988836,0.02579849,0.0026447233,0.15105926,0.061304584,0.1512964,0.10600826,0.5018883,0.44655973,0.46981585,2.0874357,2.8449361,0.44681844,0.51158243,0.30111343,1.5630255,1.0772622,2.061326,0.4368469,0.4567707,Medullary_cords,276.84652788142387
TCAACAAAGATAATTC-1,1,53,29,6841,27525.0,6841,4093.2917,High,2,9,5,2,5,0,2,4,4441.227082687847,0.0,-0.1996058225631714,0.29027476177211775,0.20110943913459778,0.2865810475462344,-0.056528910994529724,0.7666936029276613,-0.34098300337791443,0.06518533248099337,-0.0735006332397461,0.6994995368034549,0.1835191398859024,0.33167668945626266,0.03390834,0.0,0.28075173,0.1922784,0.117540486,0.003874114,0.37164694,0.35561925,0.520339,2.0835128,2.6528404,0.18449298,0.7568758,0.30616775,1.3067982,1.1808064,2.9051623,0.3018368,0.39528546,Medullary_cords,138.42326394071193
TCAACACATTGGGTAA-1,1,11,35,7240,30119.0,7240,4338.725,High,2,8,0,0,1,5,0,3,4875.137023715333,1.0114042647073518,-0.580769956111908,0.0007655103608607123,-0.2751508355140686,0.1411282241150703,-0.007482642307877541,0.9686965723247728,0.2306114137172699,0.22018081608478637,-0.3477618992328644,0.0596879711433874,0.21656809747219086,0.2503518208444253,0.14324148,0.0,0.41286203,0.402574,0.04132248,0.0,0.0,0.2871964,0.534622,1.9220617,2.7108607,0.2934222,0.64530885,0.3490635,1.3052176,1.084335,2.6213892,0.49912637,0.34352335,Medullary_cords,276.3494165001982
TCAACATAGCGCCCTA-1,1,58,44,6210,23372.0,6210,4071.8955,Medium-High,2,2,5,2,5,0,2,3,3861.7273337199767,0.0,0.31916314363479614,0.08558946580953841,0.023372551426291466,0.9024289138739614,-0.17325523495674133,0.35988401263813846,-0.27010437846183777,0.14886565620125378,-0.5809686183929443,0.0007615662525921925,0.37635791301727295,0.04037739897258023,0.06666173,0.0,0.19528896,0.17384495,0.20717305,0.0,0.35703132,0.39671218,0.5871855,2.206913,2.724822,0.26955616,0.9360209,0.21085863,1.5364769,0.96856797,2.58792,0.2954907,0.45646444,Medullary_cords,238.90793205751876
TCAACATCGACCGAGA-1,1,44,16,7319,29536.0,7319,4390.763,High,2,7,0,3,3,6,0,3,5007.641860197273,0.45056120886630463,-0.33747598528862,0.06818013133810893,-0.21424943208694458,0.25558344341151085,0.008795579895377159,0.9632073411411591,-0.09894013404846191,0.6029452256777942,-0.0822962075471878,0.6654970219757156,0.09489856660366058,0.6179042117500445,0.008929707,0.0,0.10812747,0.1566018,0.18048076,0.2736076,0.2722527,0.38546172,0.5664331,2.019739,2.772377,0.3127795,0.50743026,0.405438,1.3199476,1.2056627,2.365819,0.0,0.57862955,Medullary_cords,276.0018115882575
TCAACCATGTTCGGGC-1,1,25,51,5493,16866.0,5493,4267.543,Medium-Low,5,3,4,1,1,2,1,1,2985.498618321569,0.6931471805599453,-0.07860492914915085,0.6796926104936063,-0.1521395742893219,0.42221598809021144,-0.050149526447057724,0.7924163580714948,-0.15044668316841125,0.4274584815419751,0.03534566983580589,0.8528936041631253,0.2604968547821045,0.16443377133504936,0.24592091,0.0014740247,0.0,0.16235809,0.07580566,0.0,0.5144413,0.36207107,0.6574375,2.5689914,3.0669034,0.09775679,0.8033498,0.11640148,2.173793,0.85671103,1.8194046,0.0,0.20794338,B_cell_zone,0.0
TCAACGAGGAGACAAA-1,1,42,56,5563,16733.0,5563,4319.976,Medium-Low,5,9,4,1,3,7,1,1,2253.802564556177,0.6365141682948128,-0.24505384266376495,0.1918285504459208,0.07948685437440872,0.6762909850615413,-0.178122416138649,0.3463351267856066,0.22543534636497498,0.23099980241406465,0.020004473626613617,0.9164364816172494,0.31118083000183105,0.09416297734896624,0.14520961,0.1975706,0.1775893,0.08565291,0.0,0.039932914,0.35404468,0.38836068,0.53670716,2.4195282,2.962637,0.05857008,0.40239805,0.37392628,2.0144124,0.93684006,2.0800881,0.0,0.43331003,Medullary_cords,0.0
TCAACGCAGGAAATAA-1,1,49,31,6604,23359.0,6604,4395.7266,Medium-High,3,9,0,0,3,6,0,6,4138.517729815833,0.6931471805599453,-0.349246621131897,0.058533931148309695,-0.08534476161003113,0.6538577548088449,0.06469157338142395,0.7341349285989955,0.07301570475101471,0.701391612353181,-0.11241298168897629,0.5542334420530812,0.1627446860074997,0.39019581360627725,0.11888755,0.0011833047,0.13849661,0.4011199,0.25225416,0.016980892,0.07107761,0.2363446,0.63811857,2.0776145,2.7142863,0.19235006,0.6534439,0.5442859,1.5610054,1.2238401,2.289794,0.26726857,0.43571252,Medullary_cords,366.3659372812926
TCAACGCGACCGGCAG-1,1,39,23,3824,10858.0,3824,3593.797,Low,1,7,6,5,3,6,3,5,4475.917447853568,0.6931471805599453,-0.23998211324214935,0.20147971935124562,0.2890335023403168,0.12135560400176185,0.14156071841716766,0.4555564457787645,-0.058115050196647644,0.7603344273542331,-0.4992298483848572,0.00497700882541015,0.009658544324338436,0.9596002749067987,0.073029585,0.0,0.06550442,0.13776165,0.42612943,0.0,0.29757494,0.21217914,0.5222917,1.8332877,2.6437588,0.0,0.45944762,0.40804976,1.1205795,1.0433697,2.0901306,0.1632199,0.441756,Medullary_cords,364.6601157242179
TCAACTAACGTATAAC-1,1,31,19,7756,47329.0,7756,3442.6538,High,2,7,5,2,3,6,2,4,4823.425442566724,0.6365141682948128,0.14371927082538605,0.44864214788665724,-0.16058042645454407,0.3966143487648879,0.01765625551342964,0.9262173150700463,0.42294514179229736,0.019879287825424623,-0.47244808077812195,0.008382881170032023,-0.37723302841186523,0.039877123480838696,0.06168718,0.0701751,0.32871357,0.1388519,0.1425441,0.004152722,0.25387546,0.31001472,0.3345148,2.304133,2.349192,0.17066029,0.34756342,0.14845379,1.4196496,0.8699362,2.8655932,0.17066029,0.40161222,Medullary_cords,238.90793205751876
TCAAGAAATACTAGCT-1,1,34,108,8643,43791.0,8643,4653.608,High,4,0,1,4,0,4,4,7,1457.9780519610026,0.6931471805599453,-0.6073880791664124,0.00037161414162363083,-0.19823983311653137,0.29365651735367027,0.45393332839012146,0.011747004562627877,-0.035147953778505325,0.8537076817698318,-0.4835277497768402,0.006789958378404544,0.08333857357501984,0.6615085593395988,0.1966644,0.06548747,0.16988714,0.21806303,0.3381249,0.0117730545,0.0,0.1335895,0.52494156,2.1559954,2.8333256,0.07273983,0.50094736,0.55691266,2.1194472,0.87145203,2.0098083,0.14547966,0.40331376,B_cell_zone,0.0
TCAAGGTTACTACACC-1,1,47,103,4974,14535.0,4974,4066.8467,Low,2,10,0,2,0,4,2,3,1492.983924896715,0.8675632284814613,-0.31502050161361694,0.08996119798699174,0.07902978360652924,0.6780531532019985,0.26545268297195435,0.15626475763414413,-0.15691819787025452,0.4076114758534397,-0.36934131383895874,0.04457283264799061,0.30960169434547424,0.09593354452520722,0.22113732,0.0,0.25361583,0.23346585,0.13891727,0.0139252255,0.13893852,0.3352239,0.6269529,2.3416657,2.712132,0.30450463,0.656121,0.51065695,1.8487726,1.003044,2.462073,0.26177055,0.4181118,Medullary_cords,0.0
TCAATACGCCGTCATG-1,1,63,61,6602,25109.0,6602,4276.5464,Medium-High,1,4,3,6,2,1,7,5,3524.230696194561,0.6365141682948128,0.025376994162797928,0.8941059365779793,0.1319769024848938,0.4869288203484008,0.06183270737528801,0.7454900580014348,-0.0695858746767044,0.7148234214689714,-0.20901325345039368,0.2676603708371349,0.38783934712409973,0.034199792898520556,0.051478263,0.0,0.13264664,0.08257131,0.27295893,0.0,0.46034485,0.44568512,0.58312494,2.0594807,2.9394116,0.27217555,0.65852153,0.22397251,1.5924392,0.89181215,2.3297894,0.33523116,0.6288283,Medullary_cords,138.00362314084367
TCACAAACCGAGGTAC-1,1,61,95,6706,25875.0,6706,4248.6196,High,1,13,3,3,2,1,0,3,2797.076509500589,0.6365141682948128,-0.3730754256248474,0.04229886720145989,-0.0016989749856293201,0.9928907493986807,-0.14456725120544434,0.4459413805910028,-0.20957663655281067,0.2663434675277675,-0.2967846691608429,0.11124888370266055,0.09815748780965805,0.605829974577324,0.05716735,0.0037210106,0.1388385,0.17582822,0.24926616,0.014417442,0.3607613,0.4635619,0.54899055,2.0327337,2.8153048,0.17792612,0.5179401,0.23331192,1.3700526,0.8138621,2.1300945,0.14316498,0.66641825,Medullary_cords,238.40302011509837
TCACAGCAAACTCGAA-1,1,51,49,6644,24406.0,6644,4270.7637,Medium-High,1,9,5,3,2,7,6,3,3103.8455180630367,0.45056120886630463,-0.4487265348434448,0.012874984599956058,-0.19561956822872162,0.30021307774611383,0.05922029912471771,0.7559122518824625,-0.03328210487961769,0.8613972841623816,-0.06014108285307884,0.7522338903039232,0.13729393482208252,0.4693890094320523,0.06160492,0.0021925454,0.28152686,0.15550953,0.062283967,0.0,0.4368821,0.470738,0.5143858,2.2612317,2.6993346,0.32133737,0.45890078,0.08585049,1.4499581,1.0244398,2.5447628,0.81257963,0.58381605,Medullary_cords,364.9465714320385
TCACAGGAGAATAAGA-1,1,55,49,6250,24754.0,6250,3886.1428,Medium-High,2,2,5,2,2,7,2,4,3369.108190604748,0.0,-0.0890788733959198,0.6397089927762614,0.19795024394989014,0.2943766438554943,0.1359068751335144,0.4739325282543642,-0.46934813261032104,0.008881324028239816,-0.4591374397277832,0.01070354762287819,0.4062995910644531,0.025884981931386348,0.04246054,0.0021105187,0.3117492,0.0520467,0.12774141,0.24945232,0.21443936,0.32941833,0.40206456,2.1935954,2.7577758,0.11644137,0.61870444,0.20127118,1.3010912,0.84406644,2.8292122,0.44549444,0.67419755,Medullary_cords,497.24139007126104
TCACAGGGAATCGCAA-1,1,47,79,5879,18101.0,5879,4379.8257,Medium-Low,1,10,5,3,0,4,6,3,1243.8203246450028,1.3296613488547582,0.26176315546035767,0.16231812884319075,-0.47828489542007446,0.007508361057055278,0.2159518152475357,0.2517353927454258,-0.6077882051467896,0.00036741886604779505,0.11995100975036621,0.5277999849834532,-0.3213214576244354,0.08337707280214841,0.114020765,0.09349189,0.16363569,0.19052605,0.22298443,0.0,0.2153412,0.40375036,0.4235204,2.347554,2.801024,0.27489874,0.60202616,0.31295314,1.6348909,1.0638982,2.510892,0.62728405,0.4650275,Medullary_cords,237.9012400135821
TCACAGGTTATTGGGC-1,1,32,48,4678,14431.0,4678,3804.533,Low,1,3,3,5,3,6,3,5,2845.517351906328,0.8675632284814613,-0.20563405752182007,0.27564787292260323,0.4032745957374573,0.027121108877645468,0.20168085396289825,0.28518524039686316,-0.09438852220773697,0.6198028855221055,-0.6169719099998474,0.0002819385191463728,0.049548909068107605,0.7948496430502562,0.11138037,0.0,0.28738794,0.038101204,0.072415434,0.006228412,0.48448667,0.06581282,0.52203757,2.1790073,2.780831,0.26325127,0.34903038,0.24032801,1.59282,0.73805577,2.5218482,0.13162564,0.46261895,Medullary_cords,238.90793205751876
TCACATCTTATCTGAT-1,1,28,20,5799,18332.0,5799,4209.996,Medium-Low,2,11,0,3,3,6,6,3,4831.816635593697,0.0,-0.11472771316766739,0.5460516908375254,0.15735512971878052,0.4062904857595781,-0.24976396560668945,0.18315766006832265,0.2361753135919571,0.20894015547755077,-0.23503653705120087,0.21120817021560978,-0.0850754901766777,0.6548826747538484,0.035971433,0.002720967,0.28524542,0.16372178,0.02093789,0.0,0.49140254,0.4468689,0.72778827,2.2937934,2.7548923,0.23002571,0.5955458,0.43988565,1.2237957,1.0620018,2.4609773,0.5317549,0.50381917,Medullary_cords,476.80604023019674
TCACCCTCTTAAGATT-1,1,45,59,4960,12862.0,4960,4270.495,Low,3,2,0,0,3,7,0,3,2165.264879870359,0.45056120886630463,-0.3384411633014679,0.06734546567516796,0.028937749564647675,0.879348426610056,0.07346468418836594,0.6996397410976024,-0.11033044010400772,0.5616425795532225,-0.09368777275085449,0.622415382240564,0.03315809369087219,0.861908811794837,0.00945462,0.0,0.05733138,0.22635399,0.26373476,0.22848158,0.21464372,0.15046355,0.8247223,1.7417188,2.7552004,0.45020953,0.4111859,0.33295456,1.2888434,1.1303344,2.1415505,0.0,0.5609287,Medullary_cords,238.90793205751876
TCACCGCTCGGCACTC-1,1,30,92,5308,15972.0,5308,4198.61,Medium-Low,3,0,2,0,4,2,5,6,997.1007973118866,0.0,0.16601134836673737,0.38062178101257316,-0.05806787312030792,0.7605233519753889,-0.17598602175712585,0.35224397986464756,-0.14762204885482788,0.4362849763530894,0.0004385156789794564,0.9981650381684429,0.07252968102693558,0.7032897191588099,0.026567137,0.0,0.10489213,0.41590667,0.20184022,0.010179327,0.24061449,0.13215964,0.93122476,1.5604329,2.470128,0.22305419,0.6903668,0.4205351,1.19044,1.6168323,2.0063083,0.32455087,0.37109402,Medullary_cords,497.9317222270539
TCACGATGTCCGTGGA-1,1,52,28,6034,21728.0,6034,4027.6228,Medium-High,2,9,5,2,5,0,2,4,4457.56043144678,0.0,-0.09706578403711319,0.6098635957125051,0.11914695799350739,0.5305903046723415,0.09854990988969803,0.6043828192739504,-0.2480439692735672,0.1862915903567734,-0.12996827065944672,0.49364084742292597,-0.05389650538563728,0.777280160774193,0.061760653,0.065931715,0.21171607,0.13879879,0.1573528,0.28332996,0.08110991,0.3513689,0.4909422,2.270816,2.6488235,0.35245433,0.61179143,0.21047473,1.4901664,0.920607,2.838424,0.094653085,0.44264236,Medullary_cords,138.0
TCACGCATTGTAGATC-1,1,33,49,4959,15916.0,4959,3877.325,Low,1,9,3,5,3,6,3,5,2750.465415161587,0.8675632284814613,-0.12004739046096802,0.5274659880154301,0.3338121175765991,0.07142193668538588,0.11982554197311401,0.5282349326720258,-0.26346278190612793,0.1595091302627267,-0.6016590595245361,0.0004364927783445407,0.139261394739151,0.4629835614730128,0.07621828,0.09345305,0.15027663,0.115153514,0.14016494,0.018607628,0.40612596,0.2236266,0.55195576,2.1007328,2.8355956,0.10173662,0.50300115,0.2845716,1.7227871,1.0081806,2.2905188,0.0,0.6954076,Medullary_cords,138.42326394071193
TCACGGCCCAAGAGAG-1,1,68,18,7893,40346.0,7893,4127.4736,High,1,1,3,6,5,0,7,5,6011.000332723332,0.6365141682948128,-0.31527820229530334,0.08968438899239746,0.17848101258277893,0.34534920193781565,-0.24924661219120026,0.18409639768950797,-0.1429918259382248,0.4509659924201628,-0.12520933151245117,0.5097280936075642,0.14242039620876312,0.4527959483730672,0.025381748,0.06185406,0.1096187,0.14516859,0.19836114,0.079443574,0.3801722,0.48950696,0.4602894,2.0878031,2.812839,0.15252681,0.6727488,0.26989883,1.2591486,0.8939944,2.1747134,0.22756925,0.49431944,Medullary_cords,137.92751719653333
TCACGGTCATCGCACA-1,1,23,45,6248,21159.0,6248,4371.5894,Medium-High,1,3,0,3,1,5,6,5,3462.0538701759106,0.6365141682948128,-0.1795620620250702,0.34238721427731916,-0.22807824611663818,0.22543187457121663,0.11839926987886429,0.5331913591688255,-0.21403023600578308,0.2560817043541585,0.016275551170110703,0.9319732613396771,0.1040550172328949,0.5842381869164117,0.030434376,0.04893074,0.1184027,0.042138875,0.025344746,0.2021872,0.5325614,0.5133126,0.46199507,2.0989358,2.7627687,0.2495251,0.4724865,0.44305158,1.7026193,0.9276098,1.9825929,0.68263245,0.3987072,Medullary_cords,138.0
TCACGTGCCCGATTCA-1,1,38,62,3605,8892.0,3605,3676.5725,Low,1,9,3,5,0,7,3,5,1790.0069832266017,1.0986122886681096,0.26537472009658813,0.15639097227960888,0.138898104429245,0.46416284371602895,-0.08785570412874222,0.6443303291401226,-0.05885293707251549,0.7573812613774531,-0.28647446632385254,0.12483689789009177,-0.09233759343624115,0.6274617214299056,0.06401849,0.11819111,0.056841314,0.13705328,0.18364196,0.29030684,0.14994699,0.37287694,0.4878152,2.3532176,2.7500634,0.09420576,0.42992863,0.14731133,1.7365763,0.9724152,2.3418224,0.0,0.57323813,Medullary_cords,138.06158046321215
TCACTACGACCAATGC-1,1,13,95,6217,22724.0,6217,4242.8906,Medium-High,5,12,7,7,4,3,8,2,3032.433016572666,0.8675632284814612,-0.10996897518634796,0.562933171148316,-0.20731034874916077,0.27166657314133386,0.09098851680755615,0.632520444331207,-0.04815704748034477,0.8004957219732463,0.043464142829179764,0.8196036368046893,-0.22652867436408997,0.2286853412812294,0.10024401,0.08960897,0.17533667,0.16407053,0.0,0.19950496,0.27123487,0.38092452,0.6049693,2.0628695,2.8162065,0.2156903,1.9493792,0.34719253,1.691247,1.0528793,1.8515489,0.182357,0.3062989,Medullary_cords,138.0
TCACTATCGTGCAATC-1,1,4,34,6386,23065.0,6386,4250.3574,Medium-High,3,8,2,0,1,5,5,6,5513.4832909876495,0.0,-0.6464515924453735,0.00011365182253420102,0.12176061421632767,0.5215460542054605,0.3920345902442932,0.032142769400062714,-0.13618704676628113,0.4730129474797271,-0.4282757639884949,0.018218987288305444,0.20955638587474823,0.266390730166016,0.027031904,0.003280493,0.2183408,0.45665216,0.12517391,0.0,0.1695207,0.12574151,1.0995294,1.5117228,2.5883706,0.13507438,0.46557298,0.09004958,0.94549966,1.681629,2.0500424,0.09004958,0.3317642,Medullary_cords,275.98007174431996
TCACTCAGCGCATTAG-1,1,0,44,6466,25712.0,6466,4152.5044,High,3,8,2,0,1,5,5,6,5467.132337889764,0.0,-0.553291916847229,0.0015170987965066923,-0.2298327088356018,0.22178610016061606,0.07929385453462601,0.6770348633827856,-0.02582339569926262,0.8922538275872498,-0.06352008134126663,0.7387814866737381,-0.17979292571544647,0.3417566623316202,0.0036740182,0.0038029463,0.039332487,0.47554842,0.08554964,0.030012306,0.3620802,0.24643049,1.0094161,1.2724779,2.4427946,0.25071234,0.7891585,0.3739107,0.56725264,1.7014971,1.3126774,0.08213224,0.26589698,T_cell_zone,413.0012106519786
TCACTCGTGCAACGGC-1,1,15,93,6377,24490.0,6377,4263.2007,Medium-High,5,5,2,7,4,3,8,2,2775.656498920571,1.3296613488547582,-0.5825393795967102,0.0007310035451831774,-0.2924884855747223,0.1167700114199657,0.23642557859420776,0.20844396580336727,0.11119097471237183,0.5585755401721091,-0.06517848372459412,0.7322063609501974,0.03188202530145645,0.8671755477377305,0.11179893,0.14040387,0.0411997,0.41637602,0.24623556,0.0,0.043985896,0.5563614,0.80518353,2.2620602,2.825927,0.07462495,2.1297596,0.21367496,1.7264081,1.4928279,2.1012058,0.08560114,0.2946663,Medullary_cords,240.00208332429116
TCAGAACCTCCACAGG-1,1,30,106,6810,24608.0,6810,4454.1147,Medium-High,5,0,7,1,0,2,1,1,1566.4258680192945,1.3296613488547582,-0.5067375302314758,0.00426804360031144,-0.14518117904663086,0.4439915332785522,0.12315753847360611,0.5167431141085841,-0.10522951930761337,0.5799789404921842,-0.25410255789756775,0.1754170207154915,0.1705721765756607,0.36748548018174376,0.08733961,0.0,0.04252305,0.41912505,0.2500938,0.0,0.20091851,0.3092876,0.8458377,1.9901357,2.7603595,0.30187377,0.7056989,0.5712425,1.5632333,1.3959682,1.973739,0.08525332,0.2745489,Medullary_cords,138.0
TCAGAACGGCGGTAAT-1,1,73,79,6593,25415.0,6593,4136.944,High,1,6,3,6,2,1,7,5,4237.9850164907375,0.8675632284814613,-0.38907578587532043,0.03358278978285907,0.21155621111392975,0.2617496981479004,0.16442890465259552,0.385242498965546,-0.052880339324474335,0.781377397786111,-0.08786594867706299,0.644291569219096,0.359332412481308,0.05115102026336809,0.023403646,0.042935994,0.13455528,0.10451161,0.15246473,0.20639734,0.3357314,0.24831101,0.6666911,2.2482665,2.7406223,0.082948975,0.39512143,0.15551184,1.4844317,1.154411,2.4212623,0.31102368,0.7608364,Medullary_cords,138.42326394071193
TCAGACGCTATAGAAG-1,1,48,72,4203,11474.0,4203,3760.674,Low,2,2,5,2,0,7,2,4,1627.2691848615582,0.0,0.32926490902900696,0.07560987431021281,-0.31333833932876587,0.09178408538362223,0.0011650752276182175,0.9951247859940622,-0.5750647783279419,0.0008866894669419435,0.18113493919372559,0.33810517919013516,-0.16091515123844147,0.39561773979785797,0.103210546,0.0,0.587982,0.17410502,0.054747306,0.0,0.07995511,0.3070154,0.61844957,2.1234078,2.6929548,0.15669997,0.80466413,0.39174992,1.4807689,1.2187388,3.2723587,0.40898335,0.42310765,Medullary_cords,365.0
TCAGAGGACGCGTTAG-1,1,75,87,3464,7478.0,3464,3855.181,Low,5,6,7,1,2,1,1,1,4432.379496387916,0.6365141682948128,-0.056167397648096085,0.7681450856778549,0.2638356685638428,0.15889753254410707,0.3218657374382019,0.08282612937665781,0.0932597890496254,0.624013184752373,-0.047812119126319885,0.8018964586203214,0.3290637135505676,0.07579945466436715,0.11106826,0.18729043,0.043528013,0.17349927,0.4582589,0.0059597883,0.020395262,0.0,0.64966667,2.3178818,2.7460554,0.106122196,0.26879972,0.6743196,1.8952655,0.8780269,2.3479872,0.0,0.4244888,Medullary_cords,0.0
TCAGCAAATGCATCTC-1,1,31,73,5755,17626.0,5755,4377.0093,Medium-Low,5,3,4,1,4,2,1,1,1329.6811647910185,0.6365141682948128,-0.21203386783599854,0.26064905502939256,-0.24775812029838562,0.18681603019155427,0.026933927088975906,0.8876486899678361,0.08029574900865555,0.6731765212035975,-0.16475287079811096,0.3842938934898444,-0.04345865547657013,0.8196260410690143,0.14929236,0.0065736054,0.07635904,0.31698754,0.054149225,0.03408152,0.36255664,0.2071356,0.6189511,2.340393,2.9646466,0.2633084,0.4471125,0.30192563,1.922215,1.3324461,1.9530399,0.11234558,0.4652555,Medullary_cords,0.0
TCAGCAGTAGGCCCTG-1,1,61,41,5709,17759.0,5709,4291.3467,Medium-Low,3,1,4,0,5,0,0,6,4249.017886523897,1.0114042647073518,-0.603073239326477,0.00041961357113451457,-0.10996195673942566,0.5629582435255734,0.10834413766860962,0.5687512073608645,0.056385934352874756,0.7672675645711197,-0.3170106112957001,0.08784031386434668,-0.16499899327754974,0.3835741259073026,0.11601407,0.14168574,0.0,0.12158016,0.20172293,0.35686484,0.06213226,0.29626766,0.66655177,2.476798,2.9048717,0.111672,0.6837721,0.35339537,2.018453,1.127866,1.9904478,0.0,0.36505997,B_cell_zone,0.0
TCAGCCAATCCGTAAA-1,1,63,105,6900,31538.0,6900,3893.6067,High,1,13,5,5,7,1,3,5,3215.547853787905,1.0114042647073518,-0.0715692862868309,0.7070455593827949,-0.011971622705459595,0.9499359905203923,0.26433634757995605,0.1580789741611062,-0.014404365792870522,0.9397792649325251,-0.23621578514575958,0.20885985949183328,0.1203814148902893,0.5263092514377734,0.06087833,0.0007906025,0.10616499,0.18064271,0.22457035,0.12240088,0.30455217,0.39536554,0.50521666,2.1980517,2.6152382,0.25958794,0.26705107,0.31783304,1.650345,0.9553908,2.3747747,0.0,0.45972916,Medullary_cords,238.40302011509837
TCAGCGCACGCCGTTT-1,1,74,80,3436,7822.0,3436,3737.328,Low,5,6,3,1,2,1,1,1,4347.665580515594,1.0114042647073518,-0.5331737399101257,0.0024151719149573107,0.16017402708530426,0.39782628438476275,0.1699199676513672,0.3693474539883733,-0.10620700567960739,0.5764446875329189,0.1764112412929535,0.35106312428895453,0.3467067778110504,0.06051887705488295,0.3878453,0.41058525,0.0,0.061919484,0.0,0.0,0.13964996,0.20587336,0.5489956,2.4571195,2.7212567,0.10293668,0.6848596,0.4117467,2.2259953,0.49723998,1.7709298,0.0,0.0,B_cell_zone,0.0
TCAGCTTGAGCTTTCG-1,1,62,2,223,301.0,223,824.36127,Low,3,1,6,5,5,0,3,6,6581.024996153715,0.6365141682948128,0.20249320566654205,0.2832083843730843,-0.06403674930334091,0.7367310734397536,-0.009963728487491608,0.9583248328430976,0.016474926844239235,0.9311418799511997,0.11145441234111786,0.5576381603429871,0.08184163272380829,0.6672392000336491,0.0,0.0,0.88743544,0.0,0.112564564,0.0,0.0,0.0,0.0,1.1016787,1.3248322,0.0,0.0,0.0,0.0,0.0,2.6661258,0.0,0.0,Medullary_cords,478.0345175821512
TCAGGGCGCAAACTCG-1,1,22,16,7535,33368.0,7535,4346.244,High,5,11,4,1,1,6,1,1,5313.8250818031265,1.1537419427010902,-0.45420336723327637,0.011690839146942321,-0.05099868029356003,0.7889794392580313,0.2745852768421173,0.14198051862170832,-0.1372269093990326,0.46960803622589414,-0.506030261516571,0.004330915099543107,0.19370287656784058,0.3050670617819555,0.062328767,0.052414987,0.08919621,0.2453925,0.30440396,0.12226604,0.12399759,0.44248056,0.5872424,2.0421095,2.8536735,0.23718017,0.4474995,0.4645841,1.684599,1.0624007,2.4101725,0.06553458,0.4495899,Medullary_cords,137.0
TCAGGGTGCACGAAAC-1,1,7,89,6876,26035.0,6876,4394.026,High,3,12,0,0,6,3,0,3,3713.4847515507586,0.8675632284814613,-0.08500470221042633,0.655152215080338,-0.041660524904727936,0.8269750093186414,-0.3065626621246338,0.09941169967542647,0.24647411704063416,0.18918447054796847,-0.32211077213287354,0.08257900676306973,-0.4145376980304718,0.022750172803158244,0.048469022,0.0,0.19385329,0.21600218,0.2108518,0.20107158,0.1297522,0.26808766,0.72863704,1.7405224,2.6829817,0.19315661,0.73680604,0.4154219,1.258024,0.973951,2.166654,0.0,0.7623567,Medullary_cords,138.0
TCAGGGTGTAACGTAA-1,1,28,72,6053,19037.0,6053,4411.058,Medium-Low,3,3,2,0,4,2,5,6,1626.9114911389618,0.6365141682948128,-0.1601276397705078,0.3979647513835168,-0.11068177968263626,0.5603894375510465,-0.08051197230815887,0.672344896828362,-0.2730931341648102,0.14424709317409162,0.21633280813694,0.2508794588467289,-0.15520250797271729,0.412821924977161,0.073485486,0.0020538077,0.2413465,0.46438566,0.21615948,0.0025690442,0.0,0.19531229,1.0868461,1.7212129,2.6840236,0.15831992,0.7100385,0.37484366,1.1750922,1.5337261,2.4389467,0.10554661,0.2604164,Medullary_cords,364.00137362378183
TCAGGTTCTTTGAGAA-1,1,30,42,5475,18458.0,5475,3991.8167,Medium-Low,5,3,3,5,1,6,3,5,3308.332057094632,1.0986122886681096,-0.0036565233021974564,0.9847002105255617,0.1458674520254135,0.44181737412349953,-0.3332849144935608,0.07189806738468561,0.24111336469650269,0.1992985809869958,-0.4190385341644287,0.02117369214599085,0.04418221861124039,0.8166730185956403,0.069844104,0.07736844,0.21504107,0.12605816,0.022394147,0.17876863,0.31052545,0.14587504,0.68840724,2.1722307,2.9114785,0.10823286,0.3912321,0.33711568,1.8530735,1.0561241,2.4244664,0.10823286,0.33881053,Medullary_cords,0.0
TCAGTACTGACCCGCG-1,1,26,34,6035,19754.0,6035,4309.0674,Medium-Low,1,11,3,6,1,6,7,5,3984.6686185930193,0.6829081047004717,0.11921141296625137,0.5303663643946515,-0.14488357305526733,0.44493616077926107,-0.1231050118803978,0.5169233195174023,-0.3402608633041382,0.06579346039373296,-0.29569676518440247,0.11262819082143775,0.19948187470436096,0.2905805910555696,0.11261772,0.089557625,0.085829295,0.13422808,0.014590959,0.0,0.56317633,0.24102217,0.4016168,2.2084281,3.0473454,0.0,0.82579976,0.15360284,1.736338,0.96744984,2.0905352,0.2048038,0.4570899,Medullary_cords,137.0
TCAGTAGGGACTATAA-1,1,46,48,5718,16580.0,5718,4395.6333,Medium-Low,5,9,7,1,3,7,1,1,2915.3432044958276,1.2424533248940002,-0.2812509536743164,0.13217043813838836,-0.14269672334194183,0.4519105392940733,0.03235199674963951,0.8652351670084334,0.24808023869991302,0.1862251213544932,-0.292662113904953,0.1165430083056031,0.12733091413974762,0.5025243597684993,0.15217419,0.0038457862,0.085903816,0.21897426,0.09197599,0.029406872,0.41771907,0.21242753,0.5530528,2.3354878,2.7806573,0.12912177,0.3460253,0.31134057,2.1001124,1.298319,1.8744925,0.31581658,0.46136707,B_cell_zone,0.0
TCAGTGTATACGTCAT-1,1,58,36,5945,18608.0,5945,4332.386,Medium-Low,1,1,0,3,5,0,6,3,4307.012189441772,1.0114042647073518,-0.038605570793151855,0.8394932092862114,-0.029397908598184586,0.8774440851462999,-0.23796433210372925,0.20541088558300805,0.005882933735847473,0.9753866289510017,-0.3491777777671814,0.05858705138222411,0.01817348413169384,0.924061991814203,0.051366165,0.07500958,0.17251933,0.10077525,0.18935536,0.016766015,0.3942083,0.31720743,0.60060334,2.0951347,2.9044018,0.268821,0.5822373,0.2275571,1.77478,1.095794,2.2601514,0.63441485,0.6903831,Medullary_cords,137.55726080436466
TCAGTTACGGAATGAT-1,1,3,75,5610,18357.0,5610,4106.314,Medium-Low,3,5,2,0,6,3,0,6,4286.6216301418535,0.45056120886630463,-0.7404620051383972,2.896355164649766e-06,-0.04632814601063728,0.807929614701038,-0.1403191089630127,0.4595591084648539,-0.07293658703565598,0.7017004773551707,0.06660600006580353,0.7265614624059198,0.35005468130111694,0.057913245349704434,0.09977566,0.0,0.16727631,0.4744861,0.08463715,0.0071125138,0.16671222,0.25329623,0.8713616,1.8086536,2.7075129,0.20083985,0.58947784,0.25520012,1.0634072,1.4299481,2.371817,0.10872053,0.3402668,Medullary_cords,238.76766950322232
TCATACTTACAGATCC-1,1,22,24,6347,21843.0,6347,4378.4707,Medium-High,3,11,2,0,1,6,5,6,4803.865630926827,0.45056120886630463,-0.45975008606910706,0.010585998187437638,0.493333637714386,0.005602149319895446,-0.07633994519710541,0.6884569074312193,-0.4757182002067566,0.007882901332480999,-0.3642812967300415,0.047808579653665244,-0.053858887404203415,0.7774317349376916,0.04629159,0.090071365,0.10473284,0.29534033,0.25223273,0.04446684,0.1668644,0.10805236,0.98590714,1.8026469,2.727423,0.094245054,0.72905606,0.48022974,1.2766318,1.5434948,1.8931211,0.094245054,0.26972988,Medullary_cords,238.76766950322232
TCATATGAGCTTTGTT-1,1,64,62,5760,19126.0,5760,4152.1006,Medium-Low,1,4,3,3,2,1,2,3,3592.169957003705,1.0986122886681096,-0.030248966068029404,0.8739238069994208,0.13741670548915863,0.46898795591007797,-0.055510058999061584,0.7707862794381626,0.1328144371509552,0.48414395813681954,-0.1358979493379593,0.47396183980509954,0.4115369915962219,0.023853792196526603,0.071732946,0.08491973,0.24409673,0.016021088,0.13479912,0.008701574,0.43972883,0.17749912,0.6220726,2.2788105,2.9189644,0.38922593,0.6168645,0.2102913,1.6297948,0.82959336,2.4403055,0.2102913,0.25820076,Medullary_cords,138.0
TCATCACTCGAGCTCG-1,1,17,29,6316,22899.0,6316,4239.663,Medium-High,3,11,2,0,1,5,5,6,4776.558803155259,0.0,-0.35356825590133667,0.05527427571352805,-0.14966949820518494,0.42987719161368043,-0.4325639009475708,0.01696816039405385,-0.09336352348327637,0.6236257564457699,-0.03709781542420387,0.8456858695636285,0.22461727261543274,0.23274183267664583,0.020918936,0.0,0.076731816,0.34189513,0.32537085,0.0,0.23508322,0.17159826,1.1350443,1.6422884,2.3598783,0.20223245,0.2900123,0.20223245,1.0299098,1.5101271,2.0741973,0.1811745,0.3683462,Medullary_cords,414.2764777295472
TCATCCCAGAGGGTGG-1,1,12,70,5897,19318.0,5897,4233.334,Medium-Low,5,5,4,1,6,3,1,1,3351.2440973465364,1.3296613488547582,-0.019921625033020973,0.9167813687290127,-0.08859876543283463,0.6415213572977233,-0.21203890442848206,0.260637465581176,0.08033547550439835,0.6730236993044753,-0.20889423787593842,0.26793910897589934,-0.25099480152130127,0.18093779725120707,0.12849832,0.09036283,0.06626691,0.19774726,0.18943325,0.21713798,0.11055347,0.19312173,0.8296575,2.174327,2.9198675,0.10429109,0.82907355,0.2974128,1.6677713,1.164368,2.1905167,0.10429109,0.22573602,Medullary_cords,138.0
TCATCCTCAGCTGCTT-1,1,68,90,6187,24927.0,6187,3905.5356,Medium-High,1,6,7,5,2,1,3,5,3596.005839817283,1.3296613488547582,0.28661873936653137,0.12463869398910958,-0.20872311294078827,0.2683402191435304,0.15774384140968323,0.40511731452769545,-0.04140909016132355,0.8280037816475864,-0.18753650784492493,0.3210149811832215,0.13985790312290192,0.46105065632098896,0.11130185,0.0,0.082706414,0.20193017,0.37220976,0.0,0.23185182,0.2354635,0.44920585,2.2622356,2.5949504,0.1157995,0.5296138,0.22524741,1.6138774,0.9220911,2.3376,0.16865431,0.46835065,Medullary_cords,138.00362314084367
TCATCGACGACCGTCG-1,1,70,84,3554,8496.0,3554,3746.7559,Low,1,6,3,6,2,1,7,5,3843.216361330702,1.0114042647073518,0.32128116488456726,0.08341797008563395,-0.22733767330646515,0.22698285498363155,-0.14578166604042053,0.44208883440966357,-0.02568677067756653,0.8928206228978369,0.30183014273643494,0.10501620336018386,0.328341543674469,0.07648295352453083,0.066654846,0.0,0.039422512,0.0035618031,0.086385146,0.33237338,0.47160232,0.28613415,0.39381322,2.3225522,2.969957,0.09725283,0.5346683,0.19450566,1.6886669,0.8350625,1.9815892,0.0,0.6627579,Medullary_cords,137.0
TCATCGATGGTCCCAA-1,1,57,29,6922,26887.0,6922,4278.5894,High,2,1,5,3,5,0,6,3,4655.849224362833,0.0,-0.10330978035926819,0.5869478478493311,-0.22898933291435242,0.22353362045183192,-0.22345396876335144,0.235234139809815,0.2360990047454834,0.20909161052532688,-0.27732741832733154,0.1378827894584816,-0.1953180581331253,0.30097340205868217,0.032428473,0.0010008144,0.17440906,0.14217022,0.13896252,0.2646765,0.24635239,0.33908936,0.70512944,2.2048638,2.845378,0.14857978,0.44304997,0.18811059,1.514834,1.0482025,2.6708825,0.5733511,0.7663559,Medullary_cords,137.0
TCATGCAGGTTCTCAT-1,1,18,84,5552,17105.0,5552,4277.0347,Medium-Low,3,5,2,7,4,3,8,2,2411.428207515206,0.8675632284814613,-0.743188202381134,2.545311339601245e-06,-0.3262538015842438,0.07848562565752755,-0.25656580924987793,0.17112637049764298,0.25153404474258423,0.17997122257069995,0.13204768300056458,0.48669315413696873,0.1090678945183754,0.5661563068586466,0.082140036,0.00855823,0.052155275,0.32976368,0.29531512,0.036762983,0.19530474,0.31079552,1.0030053,1.754274,2.5279708,0.0,1.1525428,0.34793624,1.4199007,1.2108998,1.5762199,0.3452605,0.41439402,Medullary_cords,138.42326394071193
TCATTCGTATAATTTG-1,1,6,110,4629,12249.0,4629,4164.9614,Low,5,12,4,1,4,3,1,1,4120.6699697986005,0.5623351446188083,0.15137510001659393,0.4245789641102927,0.22929711639881134,0.2228948011794028,-0.20974001288414001,0.26596236639944515,-0.3457142114639282,0.0613087639910044,-0.5138612985610962,0.0036771485946213646,0.15101519227027893,0.42569395647157104,0.12531157,0.0049474365,0.0,0.17604733,0.27185702,0.021523066,0.40031362,0.14922236,0.5153623,2.253525,2.8827095,0.07461118,0.6007863,0.5333821,2.010875,1.0285723,1.796788,0.14922236,0.36031207,B_cell_zone,0.0
TCATTTAAGTCTCCGA-1,1,35,99,5417,16665.0,5417,4181.306,Medium-Low,3,0,2,0,0,4,5,6,838.6715686131253,0.0,-0.25115251541137695,0.18065472451577338,-0.15074923634529114,0.42651892339796343,0.1604367047548294,0.39704270457900726,-0.26878947019577026,0.15093103955758536,-0.2914072871208191,0.1181909695505216,0.07378632575273514,0.6983856568339172,0.0585282,0.001209481,0.07117144,0.4282958,0.34823677,0.027302966,0.06525538,0.36907005,1.0009642,1.5403057,2.57847,0.058757957,0.4879539,0.17627387,1.1213031,1.6144247,1.9607297,0.117515914,0.3411922,Medullary_cords,414.2764777295472
TCATTTAGAAGTGTGA-1,1,54,110,5135,15259.0,5135,4093.1345,Low,1,10,0,2,0,4,0,3,2442.730030109754,0.9502705392332347,-0.24570943415164948,0.19060488290652397,-0.15347227454185486,0.41811410938701,0.2441764771938324,0.19347468972598292,-0.08175869286060333,0.6675572540495218,-0.16860942542552948,0.37310560823531647,-0.07115434110164642,0.7086703898091455,0.06970244,0.00653191,0.27977327,0.24134259,0.056960534,0.031049058,0.31464022,0.45966196,0.5804439,2.0877433,2.8113875,0.29372755,0.54145443,0.23071943,1.401265,1.1791588,2.362992,0.33542264,0.56303996,Medullary_cords,138.42326394071193
TCCAACTCAGCTATCT-1,1,67,91,5192,15322.0,5192,4233.6636,Low,4,6,7,4,2,1,4,7,3479.6485454712233,1.2424533248940002,0.3606548309326172,0.05024029190008415,-0.29257503151893616,0.11665681955121512,0.04857347905635834,0.7988054224790011,0.09316198527812958,0.6243785532162526,-0.2819242775440216,0.1312078201133734,0.17632603645324707,0.3512995521208922,0.12440996,0.0,0.15805459,0.20396335,0.3202818,0.0,0.19329035,0.24405289,0.44544333,2.0825224,2.6716201,0.12559597,0.4388021,0.7890078,1.587406,0.9208408,2.1585689,0.45999604,0.18075049,Medullary_cords,137.55726080436466
TCCAACTTTAAATTCT-1,1,40,40,5285,16973.0,5285,3997.2961,Medium-Low,1,9,3,5,3,6,3,5,3312.2972390774353,1.3296613488547582,-0.2450581192970276,0.1918205504191476,-0.21407119929790497,0.2559885410900388,0.17383962869644165,0.35824081676379943,0.15795540809631348,0.4044795901455803,-0.17146307229995728,0.36495103726195754,0.2312408834695816,0.21888894919968244,0.09081145,0.0,0.0,0.13089125,0.31386644,0.21391015,0.25052068,0.09732051,0.36856,2.083829,2.932181,0.25254261,0.54963803,0.11580314,1.8443489,1.0083077,1.9428761,0.0,0.361367,Medullary_cords,0.0
TCCAAGCCTAGACACA-1,1,67,79,6246,21393.0,6246,4295.1255,Medium-High,1,6,4,6,2,1,7,5,3528.30639259121,0.6365141682948128,-0.07796651870012283,0.6821588445856192,-0.21022754907608032,0.26482722130397945,-0.21041259169578552,0.2643972084872078,-0.06594855338335037,0.7291595135391074,-0.13984207808971405,0.46110188009580366,0.024855434894561768,0.8962705640355442,0.119668506,0.00022543094,0.10982964,0.03425064,0.21660115,0.1950144,0.32441023,0.3988412,0.4452539,2.293673,2.8907394,0.09588402,0.5159168,0.33589303,1.7312452,0.9103598,2.298997,0.09588402,0.6669511,Medullary_cords,137.55726080436466
TCCAATAAAGGCTACC-1,1,63,53,7049,26882.0,7049,4374.3247,High,2,4,0,3,2,0,6,3,3843.9049155773873,1.0114042647073518,-0.0328202098608017,0.8633028093623009,0.007970146834850311,0.966658198836462,0.11990207433700562,0.5279696043831702,-0.16052164137363434,0.39678952308004545,-0.2454226166009903,0.19113956040361788,0.054742272943258286,0.7738744340571211,0.06449951,0.04982355,0.11629533,0.1191959,0.10243241,0.2962291,0.25152424,0.25395066,0.4745449,2.2778096,2.86618,0.57375646,0.65350807,0.18812789,1.7187508,0.93302965,2.3872607,0.23720759,0.5239985,Medullary_cords,138.00362314084367
TCCACAATGGTTTACG-1,1,30,36,5434,16774.0,5434,4194.757,Medium-Low,5,7,4,1,1,6,1,1,3705.5802514586026,0.8675632284814612,-0.3370611369609833,0.06854134361833707,-0.35826024413108826,0.051898951346632916,-0.32294827699661255,0.08173862811887711,0.40624547004699707,0.02590668616714605,-0.1410473883152008,0.4572090504715476,-0.020592812448740005,0.9139877405847643,0.078972906,0.095027685,0.0,0.17349696,0.2730104,0.0,0.37949198,0.058452934,0.86713445,2.2872922,2.8027673,0.1753588,0.5333574,0.19624837,1.8995988,1.4475445,1.6631991,0.23381174,0.15587449,B_cell_zone,0.0
TCCACATCGTATATTG-1,1,69,67,5264,16067.0,5264,4068.2217,Medium-Low,2,4,3,2,2,1,2,3,3984.7440319297802,0.6931471805599453,0.045670367777347565,0.810607319717435,-0.08638902753591537,0.6498888439619408,-0.13445782661437988,0.47870339085560737,-0.33232808113098145,0.07276848038076075,-0.3704349398612976,0.043896984894520485,0.4445433020591736,0.013845549440737119,0.057975546,0.00078052795,0.09702761,0.18847363,0.29284582,0.005012662,0.3578842,0.46550456,0.6254245,2.107926,2.888957,0.3131437,0.41642433,0.34304395,1.5179702,1.1044749,2.566384,0.12098163,0.52869785,Medullary_cords,275.98007174431996
TCCACCTCTAGCCTTT-1,1,61,53,6835,24381.0,6835,4437.658,Medium-High,1,4,0,3,2,1,6,3,3659.607219361116,0.6931471805599453,-0.06411007791757584,0.7364402096616787,-0.15432175993919373,0.4155111245293241,-0.026534216478466988,0.8893057998148491,-0.1541801393032074,0.4159444474671091,-0.40276652574539185,0.027333370102397024,0.36009734869003296,0.05062264233165759,0.022800345,0.0014770761,0.25237578,0.056023978,0.07259612,0.0,0.5947267,0.36800122,0.496691,2.0636373,2.7816496,0.16081148,0.35374343,0.4078781,1.4327433,1.0625445,2.2711842,1.1143278,0.61047345,Medullary_cords,237.9012400135821
TCCACTTTATCTAGGT-1,1,31,79,5719,16702.0,5719,4461.638,Medium-Low,4,3,1,4,4,2,4,7,1042.2139895434143,0.6931471805599453,-0.19902998208999634,0.2916973267349914,-0.008536377921700478,0.9642909100380995,-0.1281323879957199,0.49981630195047677,0.37210813164711,0.04287882047269417,0.12708722054958344,0.5033492144653061,-0.12366846203804016,0.5149918717774901,0.20561473,0.1430257,0.046408273,0.06988333,0.26931548,0.0019895993,0.2637629,0.3539199,0.58668214,2.5026069,2.653231,0.058656856,0.4615904,0.6595112,2.122704,0.81175226,2.0163498,0.0,0.1564183,B_cell_zone,0.0
TCCAGAGCACCGGTTC-1,1,40,70,3291,7379.0,3291,3727.4832,Low,5,2,7,1,0,7,1,1,1261.6231608527166,1.2424533248940002,-0.16849373281002045,0.373438443627783,-0.46700072288513184,0.009275200054881218,0.3836207091808319,0.03637418985347533,0.12040115892887115,0.5262409156111681,-0.2931180000305176,0.11594853850778557,-0.2898140847682953,0.12030812856314704,0.17482367,0.0,0.12662055,0.23949216,0.019302702,0.0,0.43976092,0.0,0.6274071,2.2680075,2.825791,0.10707806,0.10707806,0.32778454,1.6362139,0.86535835,2.1463196,0.0,0.14277075,Medullary_cords,137.0
TCCAGATGTACGCCAA-1,1,24,114,7178,28740.0,7178,4406.001,High,3,0,2,0,4,2,5,6,2452.663246350791,0.0,-0.5053313374519348,0.004393822190081333,-0.02101273275911808,0.9122404494302135,0.4358554780483246,0.016057070767225602,-0.1212691068649292,0.5232411142588558,-0.5332663059234619,0.0024101668353847462,-0.1207772046327591,0.5249402075257673,0.03170512,0.071721874,0.024055239,0.4603464,0.35316694,0.0,0.059004415,0.26970118,0.8862505,1.542245,2.7806756,0.2067157,0.6707164,0.422763,1.056117,1.5543599,1.5794673,0.20671569,0.29523173,Medullary_cords,238.40302011509837
TCCAGCGCTATAAGCG-1,1,52,116,5507,20079.0,5507,3800.8147,Medium-Low,2,10,5,2,0,4,3,4,2555.6903177028316,0.5004024235381879,0.304619163274765,0.1016853419120995,-0.22327443957328796,0.23562035432266284,0.13458430767059326,0.47828597820754304,-0.09183909744024277,0.6293290535877889,0.08922123163938522,0.6391719930173282,-0.2756026089191437,0.14045007842188698,0.056577906,0.0016576113,0.18315268,0.1776499,0.20866847,0.04168181,0.33061153,0.28866476,0.53019166,2.2849512,2.58389,0.15155728,0.49722818,0.30167633,1.3700345,1.1764936,2.7948048,0.20207638,0.72463214,Medullary_cords,364.3295211755424
TCCAGGCAGGACGATC-1,1,72,56,5306,15461.0,5306,4176.0103,Low,3,4,0,0,2,1,5,6,4630.262735525923,0.8675632284814612,-0.1258743703365326,0.5074645026789883,-0.00636887364089489,0.9733542117999656,-0.2869267761707306,0.12421628603486225,-0.04265151172876358,0.8229230282083574,-0.19168812036514282,0.3102221372764322,0.16651463508605957,0.37915896344468514,0.018606516,0.093245484,0.14772001,0.31441852,0.24865194,0.0,0.17735754,0.43840322,0.8223889,1.8742061,2.7514582,0.24942628,0.4631503,0.16612522,1.0377755,1.4392073,2.1838145,0.12471314,0.318121,Medullary_cords,715.7129312790149
TCCAGGCGAGTACGGT-1,1,31,57,5001,15432.0,5001,3968.5999,Low,1,3,3,5,1,2,3,5,2292.68074532849,0.5982695885852573,0.10264615714550018,0.5893653841346046,0.10221865028142929,0.5909250589447308,0.12304217368364334,0.5171389418378526,-0.43431034684181213,0.01647956051567454,-0.3280251622200012,0.07678388506448457,0.14215824007987976,0.45363680590120486,0.06301469,0.07639576,0.07789043,0.060813576,0.20209743,0.20187545,0.3179127,0.22228482,0.5267086,2.2419527,2.7734296,0.12489124,0.5754056,0.19741729,1.6852975,0.75376695,2.304966,0.12489124,0.40175176,Medullary_cords,138.0
TCCAGGGTATATACGA-1,1,61,63,6314,24945.0,6314,3866.4172,Medium-High,2,4,5,2,2,1,2,4,3248.057419443197,0.6365141682948128,0.0009998306632041931,0.9958162392491589,0.05638914182782173,0.7672546872440534,0.2945137619972229,0.11414248580780263,-0.07911882549524307,0.6777097345541591,-0.26237085461616516,0.16130975285600602,0.30340611934661865,0.10312414344125823,0.036554907,0.061265495,0.25176632,0.14499795,0.16166778,0.0,0.34374756,0.3676172,0.5379556,2.0029938,2.6650486,0.24215473,0.376198,0.26726687,1.3272301,0.95327026,2.6540732,0.36597705,0.53657395,Medullary_cords,138.42326394071193
TCCATCAATACTAATC-1,1,64,14,619,819.0,619,1687.7303,Low,4,1,6,4,5,0,3,7,5970.387340868262,0.45056120886630463,0.17649035155773163,0.3508436931470283,0.10726769268512726,0.5726205123597393,0.11409023404121399,0.5482992938652026,0.28176844120025635,0.13143015338754707,0.3412114083766937,0.06499390299867386,0.03715954348444939,0.8454321601766445,0.3294461,0.0,0.074634835,0.5004495,0.044466447,0.051003147,0.0,0.0,0.0,2.206145,1.7439629,0.0,0.0,0.40444216,1.508675,0.43016252,1.03239,0.0,0.0,B_cell_zone,138.42326394071193
TCCATTAGTTGGATAG-1,1,6,26,6343,22571.0,6343,4314.7,Medium-High,3,8,2,0,1,5,5,6,5735.88816139227,0.0,-0.6140234470367432,0.0003072313066849916,-0.2678849399089813,0.15236375483377151,0.3622157871723175,0.04918186400967745,0.006808884907513857,0.9715140294229015,-0.28033119440078735,0.13349371462184545,-0.17612041532993317,0.3518705057194345,0.017341558,0.061160516,0.05323286,0.40439516,0.22753999,0.1632829,0.07304708,0.28092527,0.9464589,1.5732365,2.5724256,0.27668986,0.6050091,0.27668986,0.9849241,1.72477,1.819537,0.1833782,0.38304275,Medullary_cords,364.3295211755424
TCCATTGTGACCTCGT-1,1,8,76,5385,16697.0,5385,4140.877,Medium-Low,1,5,3,1,6,3,1,5,3686.801594878683,0.6365141682948128,-0.2796466052532196,0.13448491776146923,-0.028030989691615105,0.8831029216041653,-0.3582139313220978,0.051931452292699035,-0.032873913645744324,0.8630812182049982,0.030347231775522232,0.8735174954723223,0.2536473870277405,0.17621809491170268,0.09016357,0.002012549,0.1330589,0.1129696,0.29711848,0.0,0.36467686,0.3491262,0.4319346,2.0685866,2.7237632,0.1760042,0.62906843,0.19687465,1.3885478,0.73537457,2.2999427,0.11733614,0.34072363,Medullary_cords,138.92443989449805
TCCCAAACAGACAACG-1,1,22,110,7878,37095.0,7878,4334.9175,High,1,0,3,5,4,2,3,5,2442.642012248213,1.0114042647073518,-0.48445045948028564,0.0066697664594812444,-0.12304804474115372,0.5171187940891584,0.21044602990150452,0.26431955140290575,0.20262005925178528,0.2829004805621577,-0.460213303565979,0.010497841650586504,-0.0651550143957138,0.7322992823447351,0.030252237,0.120181754,0.20240177,0.11799551,0.13252999,0.10100942,0.29562932,0.24155608,0.45240396,1.9548781,2.892315,0.47622842,0.56256014,0.22715092,1.4084501,0.98580766,2.402413,0.17901348,0.3821824,Medullary_cords,240.00208332429116
TCCCAAACATCCTCTA-1,1,75,35,6853,27047.0,6853,4249.506,High,1,4,3,3,5,0,0,3,5740.230831595538,1.0986122886681096,-0.33170682191848755,0.0733379766991558,-0.18075382709503174,0.33913973014398346,-0.269768089056015,0.1493919287618191,0.06253741681575775,0.7426860612253017,0.07577912509441376,0.6906331608201014,0.3139161765575409,0.09115477281389216,0.020225959,0.054849807,0.08323534,0.27911133,0.29186732,0.0,0.27071023,0.37985808,0.75226074,1.9069368,2.989921,0.39971918,0.53773874,0.21704558,1.091668,1.1599483,2.0949526,0.40362042,0.2893941,Medullary_cords,276.0018115882575
TCCCAAAGACGAAGGA-1,1,26,60,6628,23976.0,6628,4413.9277,Medium-High,5,3,4,1,1,2,1,1,2404.035149493451,0.8675632284814612,-0.5660114884376526,0.0011135210944285946,0.17305925488471985,0.3604360686705486,0.3462764024734497,0.06086038641490939,-0.1803814172744751,0.34015251040954897,-0.08013726770877838,0.6737863020148626,0.05629219859838486,0.7676439204257869,0.14366281,0.005851822,0.0,0.14629336,0.30927768,0.19829233,0.19662203,0.13073,0.5380735,2.4051778,2.853259,0.08715334,0.67495006,0.37281796,2.19777,1.0835686,1.7131689,0.15165241,0.5161377,B_cell_zone,0.0
TCCCAAAGCCCTAAAT-1,1,39,117,7158,29744.0,7158,4289.121,High,3,0,0,0,0,4,0,6,2000.3084762106068,0.6931471805599453,0.21233074367046356,0.2599665044363797,-0.049141354858875275,0.7965018466015826,0.15921297669410706,0.40070064039943754,-0.1027425229549408,0.5890140604532207,0.05504799634218216,0.7726443588764431,-0.04236316308379173,0.8241015825773838,0.050317153,0.05107618,0.1493406,0.2335579,0.068901315,0.14164303,0.30516383,0.38427714,0.83226126,1.9167085,2.6419764,0.30754897,0.6203282,0.26530626,1.2567341,1.3795894,2.1799433,0.14491573,0.39672655,Medullary_cords,498.7604635493876
TCCCACGGAGGGAGCT-1,1,1,75,5538,17681.0,5538,4163.5806,Medium-Low,3,5,2,0,6,3,5,6,4520.516120975569,0.9002560512685369,-0.6743229031562805,4.389412115465961e-05,0.25175854563713074,0.17956988365908289,0.10509520024061203,0.5804653412098704,-0.26466670632362366,0.15754052729031512,0.013742242008447647,0.9425427870369023,0.008910318836569786,0.962727706441387,0.013391221,0.08204161,0.06944185,0.38513514,0.26413774,0.0,0.1858525,0.2038366,0.89302224,1.7446034,2.8199797,0.112063915,0.61721414,0.29210114,1.1548371,1.6705863,1.7981149,0.18916634,0.29145128,Medullary_cords,238.90793205751876
TCCCACTCTCTTCCGG-1,1,31,107,5837,18141.0,5837,4348.4673,Medium-Low,3,0,7,0,0,4,0,6,1553.356687950324,1.3296613488547582,-0.45034077763557434,0.012515990843444687,-0.36508530378341675,0.04728233099943917,0.09782320261001587,0.607063890519615,0.0016030799597501755,0.993292006708684,-0.31081774830818176,0.09456786485135803,0.039957769215106964,0.8339474202512503,0.107466415,0.1139684,0.15443079,0.3295492,0.009421729,0.0,0.28516355,0.3680918,0.7522749,1.9883417,2.5220697,0.054884076,0.6614607,0.36266935,1.5597317,1.4219686,1.8394637,0.10976815,0.38220197,Medullary_cords,137.92751719653333
TCCCAGGCTTAGCTAA-1,1,30,48,5188,15635.0,5188,4123.6167,Low,5,3,3,1,1,2,1,1,2915.4651429917662,0.6365141682948128,-0.10937052220106125,0.5650728844351083,0.037068139761686325,0.8458078453160549,-0.00752866268157959,0.9685041416311774,0.00030312687158584595,0.9987315699114941,-0.4885036051273346,0.006162968710778598,0.08618933707475662,0.6506470800541942,0.13565248,0.10515338,0.05827869,0.13257678,0.1597308,0.0,0.40860787,0.13389537,0.53841746,2.3385103,3.0558805,0.16478285,0.45317733,0.29255792,2.0164764,1.0888664,2.3848333,0.20595407,0.35701323,Medullary_cords,0.0
TCCCGCGTACTCCTGG-1,1,27,69,5013,13861.0,5013,4177.365,Low,3,3,2,0,4,2,5,6,1856.156512797345,0.0,-0.4932916462421417,0.005606830807900771,-0.09956912696361542,0.6006310713053482,-0.3187447488307953,0.08602348424015176,-0.26287904381752014,0.16046993659510678,0.20337995886802673,0.2810605144815751,-0.08813312649726868,0.6432810335517415,0.09986211,0.0,0.17228079,0.3810651,0.2537241,0.0033762879,0.089691594,0.34492975,0.9182296,2.0339203,2.5089128,0.20368731,0.83813286,0.13579154,1.3267536,1.6141813,2.5467987,0.2232962,0.37304646,Medullary_cords,364.6601157242179
TCCCGGGTGTGCTGCT-1,1,34,34,3770,10132.0,3770,3671.5881,Low,1,7,6,5,3,6,3,5,3747.58909166947,0.6365141682948128,0.18720455467700958,0.32188783982682945,0.2339903712272644,0.21330651609838205,-0.1606191098690033,0.3964990997007565,0.11360489577054977,0.5500133745732207,-0.06675537675619125,0.7259715792517202,-0.032171037048101425,0.8659822087311599,0.17319284,0.0070558856,0.08653979,0.39584213,0.13660952,0.041621815,0.15913798,0.22207692,0.45849106,1.9604235,2.8624678,0.0,0.22207692,0.22207692,1.6552005,0.985457,1.788571,0.17166522,0.62982476,Medullary_cords,238.40302011509837
TCCCGGTCAGGAATTT-1,1,8,36,6408,23361.0,6408,4177.692,Medium-High,3,8,2,0,1,5,5,6,5071.370623411387,0.0,-0.4039723873138428,0.02683177850375794,-0.3547055423259735,0.05444068393996,-0.06594107300043106,0.7291890909696519,0.1853003352880478,0.3269231663134198,-0.09123551100492477,0.6315930485727689,-0.09482865780591965,0.6181643095688366,0.03915411,0.0,0.072652936,0.34956816,0.1369197,0.156377,0.24532807,0.28765795,0.96344495,1.5072839,2.403343,0.13362466,0.43773037,0.19233763,0.9056598,1.6531901,2.1324568,0.0,0.36864486,Medullary_cords,633.1082056015385
TCCCGTCAGTCCCGCA-1,1,23,75,6396,24235.0,6396,4112.8013,Medium-High,2,3,5,2,4,2,2,4,2006.648200358,0.0,-0.09787268936634064,0.6068811577547335,-0.033919185400009155,0.8587702927620351,-0.020595841109752655,0.9139751368897432,0.04100983962416649,0.8296379308230468,-0.16807569563388824,0.3746425394828931,-0.35553914308547974,0.053836001766345086,0.03313036,0.0,0.16306938,0.1739214,0.09236761,0.12744685,0.41006443,0.21293056,0.46875393,2.1057496,2.7731261,0.21908721,0.6548584,0.41990334,1.218702,1.0181096,2.5665476,0.38722187,0.51214975,Medullary_cords,275.98007174431996
TCCCGTCGCGTCATAG-1,1,29,115,5064,14020.0,5064,4197.1836,Low,5,0,7,1,0,4,1,1,2148.3621668610717,1.3862943611198906,-0.2678101658821106,0.15248262811708124,-0.255979061126709,0.17214160019459826,0.3035650849342346,0.10293472695014377,0.035688530653715134,0.8514822579354825,-0.18379731476306915,0.3309315482053685,-0.07713481038808823,0.6853766213485392,0.16381502,0.0014785579,0.25967467,0.1988467,0.0,0.36564726,0.010537876,0.3860895,0.52473694,2.237571,2.9092903,0.17810822,0.3510012,0.34492064,2.0293562,1.0153056,2.1133924,0.35621643,0.35893464,Medullary_cords,0.0
TCCCGTGTGCAATTTG-1,1,44,80,4719,12130.0,4719,4185.42,Low,5,2,4,3,0,4,0,3,905.4286277780265,0.8675632284814612,-0.07580985128879547,0.6905138655176515,-0.08358536660671234,0.6605655646557207,-0.06776416301727295,0.7219919554144039,-0.125407412648201,0.5090533634333232,-0.2774393856525421,0.13771732176972337,-0.06467168033123016,0.7342137553407923,0.055422965,0.096253805,0.10128782,0.10627537,0.1998675,0.013618712,0.42727378,0.22546966,0.51853,2.3027103,2.9494975,0.34723324,0.502868,0.22546966,1.7416408,0.9082018,2.4777691,0.0,0.7156852,Medullary_cords,137.55726080436466
TCCCTAGATCAATAGG-1,1,28,114,6483,24536.0,6483,4095.231,Medium-High,2,0,7,2,0,2,2,4,2153.641799371474,1.277034259466139,-0.37098005414009094,0.04356317762940144,-0.15799447894096375,0.4043618812253521,0.4558273255825043,0.01135779683848332,-0.09964063763618469,0.600368213781049,-0.3479672968387604,0.0595272658182205,-0.11773376911878586,0.5355116147756341,0.03436159,0.0,0.16471419,0.12715726,0.16081378,0.24793954,0.26501364,0.38702503,0.48064676,2.1365678,2.617376,0.30257636,0.23451938,0.27078778,1.258227,0.99163175,2.394626,0.19969112,0.75130135,Medullary_cords,138.0
TCCCTCCGAAATCGTT-1,1,2,26,7467,33864.0,7467,4323.8584,High,0,8,7,1,1,5,4,0,6066.29087663953,1.5607104090414068,-0.5326221585273743,0.002445182799578114,-0.26523563265800476,0.15661632335230377,-0.1716129034757614,0.36452580997343653,0.10866948962211609,0.5675840516732104,-0.18486756086349487,0.3280742573988003,0.29546502232551575,0.11292364645128207,0.09318059,0.0998581,0.0,0.24486837,0.28850558,0.17443246,0.099154934,0.33229434,0.5174069,2.1135168,2.9030898,0.12269909,0.5067884,0.46478984,1.7062019,0.927408,1.792556,0.06468536,0.50652957,Medullary_cords,137.92751719653333
TCCCTCTTCTCAAGGG-1,1,65,115,6079,19940.0,6079,4335.007,Medium-Low,1,13,3,6,7,1,7,5,3730.762522595079,0.6931471805599453,-0.006437823176383972,0.9730658470879625,0.11206119507551193,0.5554818265092024,0.12207533419132233,0.5204620847107665,-0.10408862680196762,0.5841161132470102,-0.44308310747146606,0.014198383898914455,0.09963526576757431,0.6003879578819514,0.049228672,0.058956318,0.011227318,0.08294322,0.31840625,0.16719794,0.3120402,0.36201683,0.65353596,2.1521602,2.654004,0.086831324,0.52758706,0.27527955,1.6938362,0.858078,2.072568,0.20323381,0.8468908,Medullary_cords,137.00364958642524
TCCCTGGCGTATTAAC-1,1,58,18,7471,29852.0,7471,4477.242,High,2,1,0,3,5,0,6,3,5381.768575477768,0.6365141682948128,0.414794385433197,0.022657746322828663,0.28506070375442505,0.1267914456690903,0.4564834237098694,0.011225519427653388,0.3236222565174103,0.08106710987001059,0.2717074155807495,0.1463753785510652,0.24513331055641174,0.19167993277783232,0.032691106,0.0415112,0.19191793,0.13562252,0.08662646,0.1147439,0.3968869,0.20649207,0.6078955,2.100943,2.7968268,0.12307427,0.66856396,0.4806276,1.4692372,1.0950161,2.4198387,0.87671113,0.6326304,Medullary_cords,413.0012106519786
TCCCTGGCTCGCTGGA-1,1,33,27,6060,22490.0,6060,4077.078,Medium-High,3,7,3,0,3,6,0,3,4240.960268618417,1.0114042647073518,-0.02054273895919323,0.9141961230868164,-0.21832767128944397,0.24642918950380535,-0.13475540280342102,0.4777216295821975,0.03578273952007294,0.8510945367666084,0.06427258998155594,0.7357957199121898,0.3053363859653473,0.1008417737441177,0.026306964,0.05982352,0.14876382,0.31275326,0.038233917,0.16627766,0.24784084,0.20843348,0.7964424,1.8598106,2.7676277,0.18393078,0.42936078,0.42373133,1.1709522,1.3429404,2.2384024,0.09196539,0.47892454,Medullary_cords,552.6988330003963
TCCCTTAGATTACTCG-1,1,18,86,5941,19625.0,5941,4299.1294,Medium-Low,0,5,2,7,4,3,8,2,2399.2653042129377,0.6365141682948128,-0.7854767441749573,2.728724655927998e-07,-0.3301953673362732,0.0747378838688865,-0.25586146116256714,0.17234559051452739,0.3040531277656555,0.10235482987949791,0.22327028214931488,0.23562930305629046,0.008340653032064438,0.9651091605096428,0.11548578,6.4421947e-06,0.05165167,0.31083187,0.23093793,0.24625066,0.044835605,0.2548864,0.840868,1.9781301,2.6272867,0.05148109,1.3181833,0.42273864,1.7188828,1.2903103,2.075178,0.0,0.34834835,Medullary_cords,138.42326394071193
TCCCTTGTCTGAAACT-1,1,67,115,7530,35166.0,7530,4233.8447,High,1,13,3,5,7,1,3,5,3939.498699073272,0.9743147528693494,-0.02719578519463539,0.886563336645472,-0.019887618720531464,0.9169229365427901,0.2678721845149994,0.15238402822131872,0.18532449007034302,0.3268589926973528,-0.45429420471191406,0.01167199650338766,-0.1345096081495285,0.47853247875325666,0.039247353,0.06435237,0.09268279,0.07060911,0.22495508,0.074155904,0.43399745,0.42945364,0.4192316,2.260579,3.0723262,0.15013272,0.40645483,0.4149126,1.620776,0.9145934,2.2669036,0.36503783,0.45099324,Medullary_cords,138.0
TCCGAACTTGGCTTAC-1,1,33,19,5236,15782.0,5236,4100.0776,Low,1,7,3,5,3,6,3,5,4787.125442266998,1.2424533248940002,-0.13072900474071503,0.4910932914126643,-0.1238546073436737,0.5143545649901151,0.22409749031066895,0.233853236990775,-0.09847775101661682,0.6046488132350022,-0.4659254550933838,0.009460478857250796,-0.19633831083774567,0.2984054954003069,0.0066177268,0.0012238311,0.124734305,0.0673161,0.16695803,0.25912243,0.3740276,0.30113617,0.46530598,2.1037984,2.7142706,0.12270163,0.48085275,0.18405244,1.5378908,0.989372,2.3624272,0.12270163,0.76910317,Medullary_cords,138.42326394071193
TCCGAAGTAGTCACCA-1,1,14,110,5453,16533.0,5453,4167.1343,Medium-Low,1,12,3,6,4,3,7,5,3249.145733881446,1.0114042647073518,-0.18240071833133698,0.3346829164627315,0.11541010439395905,0.5436505333707254,0.054039325565099716,0.7767047683150323,0.19231420755386353,0.3086144059916988,-0.16092033684253693,0.3956023114489854,0.0374118909239769,0.8443951411767049,0.07134758,0.0,0.060186297,0.17537631,0.21309085,0.18743233,0.29256666,0.2764938,0.5411309,2.2385998,2.7819576,0.28758648,0.58506894,0.33106986,1.5941731,0.9856107,2.4187706,0.0,0.5008013,Medullary_cords,138.42326394071193
TCCGAATGGTCCTGAG-1,1,31,113,6460,20764.0,6460,4522.453,Medium-High,1,0,0,3,0,4,0,3,1914.138187279069,1.0114042647073518,-0.23956410586833954,0.20228981624878645,-0.32298144698143005,0.08170547981696503,0.05419621244072914,0.7760728375627892,-0.027015667408704758,0.8873098700163716,-0.31172841787338257,0.09355482527736843,0.09298728406429291,0.6250314070028271,0.042692114,0.0022771733,0.15664105,0.12307179,0.1432462,0.07343465,0.45863694,0.3032517,0.575214,1.8866973,2.8070168,0.3926304,0.5562187,0.24520871,1.512655,0.9307109,1.6530892,0.29484335,0.9783266,Medullary_cords,137.55726080436466
TCCGACCGCTAATCAA-1,1,70,36,4935,13451.0,4935,4187.814,Low,3,4,2,0,5,0,5,6,5244.603321510598,0.0,-0.26045095920562744,0.16451081710582638,-0.21382707357406616,0.2565440878703508,-0.16549359261989594,0.3821300670673808,0.13262899219989777,0.48475987112374125,-0.3004121482372284,0.10674074437577681,0.2854984402656555,0.1261838781387186,0.09083794,0.0,0.02673023,0.45943403,0.42299774,0.0,0.0,0.45074534,0.76840454,1.7196901,2.664553,0.216055,0.5459885,0.25284344,1.3597786,1.1594005,1.9435312,0.0,0.28807336,Medullary_cords,476.80604023019674
TCCGAGAAGGCTAAGC-1,1,6,42,6752,26092.0,6752,4276.3535,High,3,8,2,0,1,5,5,6,4971.679897177613,0.0,-0.29925426840782166,0.10816459847176263,-0.25993138551712036,0.16538482784891737,0.21538305282592773,0.25301674514515154,-0.12542256712913513,0.5090017604559028,0.009059881791472435,0.9621025186627032,0.09604290872812271,0.61365310606134,0.060176663,0.0,0.09931259,0.542249,0.29826167,0.0,0.0,0.2846256,1.1514255,1.5011214,2.4045718,0.15223695,0.48590517,0.30447388,0.88429946,1.8047491,1.9622968,0.08111062,0.20897691,Medullary_cords,690.3832269109672
TCCGATAATTGCCATA-1,1,18,64,6086,20066.0,6086,4389.5317,Medium-Low,1,3,4,6,6,3,7,5,2909.612517157568,0.6931471805599453,-0.23969940841197968,0.20202735519792442,-0.05381022393703461,0.7776278265653881,0.27413058280944824,0.142668445150817,-0.022067904472351074,0.9078516604120774,-0.4546020030975342,0.011608338238825887,0.03357626497745514,0.8601841378210994,0.110688426,0.0,0.13291459,0.06801322,0.061959136,0.0,0.6264247,0.251282,0.5590089,2.2316194,2.9501815,0.050548088,0.8439006,0.48943448,1.7328395,0.82200885,2.043053,0.30328852,0.52863973,Medullary_cords,137.0
TCCGATGACTGAGCTC-1,1,22,76,6218,22817.0,6218,4087.323,Medium-High,2,3,5,2,4,2,2,4,2086.215712720044,0.0,-0.22541305422782898,0.23104715556425376,-0.011294662952423096,0.9527637391710474,-0.16031168401241302,0.3974155375066179,0.009474251419305801,0.9603705292641725,-0.021216370165348053,0.9113932567403629,-0.17648150026798248,0.3508682402211429,0.01584967,0.0030030408,0.26993552,0.105640285,0.14980325,0.2536577,0.20211057,0.17203555,0.40773442,2.1549945,2.60853,0.16955656,0.847075,0.4080946,1.4193112,0.92257303,2.607374,0.5014438,0.8259609,Medullary_cords,238.76766950322232
TCCGATGGTGCGACAT-1,1,25,53,5776,17640.0,5776,4402.87,Medium-Low,1,3,4,6,1,2,7,5,2868.478690874311,0.6931471805599453,-0.1475086510181427,0.43664138465690105,-0.0393361859023571,0.8364957749709014,-0.007733544334769249,0.9676474657623066,0.030404850840568542,0.8732792653664231,-0.07795858383178711,0.6821895179234068,-0.07213690876960754,0.704824922457058,0.06280593,0.116689034,0.08114096,0.06440751,0.15285413,0.17517877,0.34692368,0.09474482,0.34432682,2.3639257,3.0095716,0.056141995,0.729676,0.22415629,1.8133059,0.77830654,2.0669985,0.37897927,0.6072301,Medullary_cords,0.0
TCCGATTACATTGCCG-1,1,32,32,4074,12241.0,4074,3622.3132,Low,3,7,3,5,3,6,3,6,3920.639871245509,0.45056120886630463,0.24679043889045715,0.18859905886605102,-0.24349568784236908,0.19475874423044473,-0.1481073498725891,0.43476147178685026,0.3012695014476776,0.10569552986602454,-0.11359477043151855,0.5500491610272035,0.1808510571718216,0.3388756112377995,0.06496738,0.0,0.0057146014,0.3643495,0.20124301,0.0,0.36372542,0.0,1.0850515,1.6785084,2.7081249,0.0,0.6934824,0.41962925,1.1982019,1.5969245,1.9058583,0.0,0.16140799,Medullary_cords,276.3494165001982
TCCGCCTGTCTACAAG-1,1,56,74,4708,12344.0,4708,4151.6636,Low,5,6,0,1,2,1,1,1,2362.0002116850033,1.0114042647073518,-0.2585289478302002,0.16776044178179012,0.24453124403953552,0.19280788893434442,-0.08085139095783234,0.671040210604367,-0.052220605313777924,0.7840405631616534,-0.07033560425043106,0.7118800485071571,-0.1105700358748436,0.560787861374274,0.08929161,0.0,0.002929341,0.13539726,0.12169622,0.40120077,0.24948475,0.49913102,0.3758545,2.4765677,2.982142,0.14834693,0.2225204,0.4228363,1.8784764,0.80027556,2.2368731,0.0,0.69801474,Medullary_cords,0.0
TCCGCGGCAGCATCTG-1,1,34,84,5557,16055.0,5557,4443.764,Medium-Low,4,0,7,4,0,2,4,7,551.9601434886399,0.6931471805599453,-0.13448026776313782,0.4786293168779419,0.1281621754169464,0.49971579612574574,0.23666033148765564,0.2079792656405486,-0.008612805046141148,0.9639714072363954,-0.09064479917287827,0.6338119194691159,0.02292870543897152,0.9042732827101814,0.114112884,0.0,0.018636698,0.09846668,0.18305549,0.39668813,0.18904011,0.060523674,0.5971942,2.1090899,2.643116,0.0,0.44502503,0.8141274,1.6185045,0.9755031,1.8911171,0.0,0.21553577,Medullary_cords,137.55726080436466
TCCGCGGCCCAATGAA-1,1,53,99,7249,26819.0,7249,4601.7544,High,1,10,0,3,0,4,6,3,1950.0433328518625,1.3296613488547582,-0.21031449735164642,0.2646251091366407,-0.17915409803390503,0.34350319344261604,-0.21234489977359772,0.259933987217703,0.30922916531562805,0.09635488067924686,-0.2542019784450531,0.1752423885814934,0.21728871762752533,0.24874038431426096,0.035335075,0.11798205,0.21789406,0.06955863,0.0,0.0046350732,0.5545951,0.4400793,0.70923615,2.1560662,2.8946202,0.15847197,0.6679029,0.30282074,1.8051692,1.0084009,2.1671524,1.0915474,0.7350209,Medullary_cords,137.92751719653333
TCCGCTGTCATCCCGG-1,1,47,81,5849,18435.0,5849,4283.71,Medium-Low,3,10,0,0,0,4,0,3,1180.543095359081,1.3296613488547582,0.35984674096107483,0.05079527096850634,-0.44432032108306885,0.013898951452668755,0.14251205325126648,0.4525021577287649,-0.6989008784294128,1.738859291971469e-05,0.053454697132110596,0.7790608433360346,-0.2459036111831665,0.1902434946959703,0.07439053,0.0,0.16951944,0.20652142,0.2596922,0.0,0.28987643,0.25019658,0.5278527,1.992161,2.888705,0.25438538,0.766965,0.28329417,1.3387297,1.183032,2.691618,0.0,0.2834791,Medullary_cords,238.40302011509837
TCCGCTTATCCCATTA-1,1,50,64,2965,6695.0,2965,3439.4404,Low,2,2,5,2,0,7,2,4,2189.8100374233377,0.0,0.06345104426145554,0.739055595905003,0.30025848746299744,0.10692889009455911,-0.01750354655086994,0.9268537612108033,0.14296139776706696,0.4510633362326422,0.17353230714797974,0.3591043852678627,-0.1197132021188736,0.528624517386222,0.005948457,0.0,0.3481047,0.25909585,0.36177182,0.014510842,0.010568325,0.28713313,0.4583045,1.9162779,2.6667361,0.1729034,0.40136284,0.34268916,1.1954806,1.1721237,2.8210104,0.22845945,0.4569189,Medullary_cords,602.7354311802153
TCCGGAGGAAGGGCTG-1,1,14,108,5395,16979.0,5395,4104.0137,Medium-Low,1,12,3,6,4,3,7,5,3187.441607308281,0.6365141682948128,-0.018844135105609894,0.9212681348770938,0.06719423085451126,0.7242394499294436,0.26878097653388977,0.15094444765528597,0.21570616960525513,0.2522882766388485,-0.03313892334699631,0.8619878914913028,0.026100434362888336,0.891104679684085,0.06093391,0.10490144,0.016146334,0.11719054,0.17132924,0.36511213,0.16438642,0.40381658,0.41555363,2.452384,2.894539,0.11577037,0.49741662,0.1851006,1.7676761,0.88780177,2.10958,0.11577037,0.5707819,Medullary_cords,137.55726080436466
TCCGGCCTAGCGTACA-1,1,28,98,6194,20381.0,6194,4389.257,Medium-High,3,0,4,1,0,2,0,3,1381.3750395891768,1.0114042647073518,-0.27474793791770935,0.14173500727422714,0.15773487091064453,0.4051443668055012,-0.5796865224838257,0.0007873368245963038,0.10351663827896118,0.5861951665909906,0.23631399869918823,0.2086650906494169,0.1721182018518448,0.36309391080155945,0.11110361,0.0029521717,0.0,0.27939668,0.42851818,0.0,0.17802936,0.39683867,0.8038238,2.192588,2.8867373,0.36785704,0.57457405,0.37056035,1.6977375,1.2746341,1.8491049,0.17094514,0.24755573,Medullary_cords,138.42326394071193
TCCGGCCTGCATCGAT-1,1,2,82,5423,16470.0,5423,4230.8047,Medium-Low,5,5,4,1,6,3,1,1,4331.702898399197,1.0114042647073518,0.04056081175804138,0.831476653114512,-0.12827061116695404,0.4993500084177787,-0.27311214804649353,0.1442180470834544,-0.015888875350356102,0.9335858693162641,-0.21364760398864746,0.25695300365172336,0.17489153146743774,0.35529434633212975,0.20756392,0.010923196,0.048619792,0.4093251,0.22239093,0.023763256,0.07741385,0.22903603,0.79060566,2.3397274,2.834899,0.09937284,0.53536576,0.49530467,1.9929254,1.1748114,1.8176467,0.31736928,0.1581648,B_cell_zone,0.0
TCCGGGCTTGACGGGA-1,1,66,96,4360,12559.0,4360,3764.3298,Low,1,6,5,5,2,1,3,5,3399.2778644882796,0.45056120886630463,0.31738585233688354,0.08744472157569019,-0.1476944237947464,0.4360575854992447,-0.2476005256175995,0.18710560549659425,0.1312042623758316,0.48950513789957556,-0.5109516382217407,0.003909405866421579,0.019138995558023453,0.9200400678929553,0.028209276,0.080868125,0.07631731,0.107261874,0.23280674,0.2271731,0.24736351,0.2521494,0.5017618,2.1326783,2.6589344,0.073212065,0.610347,0.2196362,1.5734159,0.98792803,2.2562532,0.0,0.6185638,Medullary_cords,275.0
TCCGGTTCGTCCGGTC-1,1,51,53,5063,15267.0,5063,3998.2598,Low,2,2,5,3,2,7,2,4,2868.2736968427544,0.45056120886630463,-0.25688400864601135,0.17057757684194896,-0.1320347785949707,0.48673611546497547,0.08404380083084106,0.6588152425997937,-0.05238286778330803,0.7833853310463245,-0.08229617029428482,0.6654971646793487,0.08596689999103546,0.6514920889034772,0.04879076,0.0,0.20141315,0.10513929,0.079785,0.18759286,0.37727895,0.38265878,0.580675,2.1235704,2.9622495,0.18893681,0.5341257,0.29359823,1.3765311,0.9832729,2.716477,0.20932281,0.44704092,Medullary_cords,138.42326394071193
TCCGTAACCACAATCC-1,1,20,16,6686,24475.0,6686,4371.509,Medium-High,5,11,4,1,1,5,1,1,5404.466393641466,0.45056120886630463,-0.33493250608444214,0.07041819613159006,-0.0034932978451251984,0.9853831119171991,-0.05879775807261467,0.7576019831969588,-0.024326790124177933,0.8984653434981951,-0.24988538026809692,0.18293783980659944,-0.059012651443481445,0.7567424925046677,0.09590659,0.13155945,0.0,0.03565513,0.3048259,0.18490675,0.2471462,0.26391214,0.56224304,2.2434387,3.0343993,0.08564556,0.56434876,0.2777871,1.8312144,0.9251948,1.6149681,0.285668,0.7272705,B_cell_zone,0.0
TCCGTTAAGCTAATAT-1,1,52,100,5791,18045.0,5791,4305.3843,Medium-Low,5,10,0,1,0,4,1,1,1869.3648654021504,0.8675632284814613,-0.2069442719221115,0.2725328355397454,-0.22981002926826477,0.2218329720577399,-0.25159382820129395,0.1798642865515136,0.26620474457740784,0.15505098786155655,-0.20564745366573334,0.2756159078684732,0.244475319981575,0.19291289469293965,0.1627836,0.004987597,0.013791517,0.20753466,0.36628994,0.0,0.24461272,0.18305212,0.63423866,2.3774261,2.864555,0.11023543,0.5773364,0.28776184,1.9994396,0.96775126,2.1035135,0.3307063,0.36838633,Medullary_cords,0.0
TCCGTTTAGCCTTGAA-1,1,29,89,4807,13143.0,4807,4162.5747,Low,3,0,2,0,4,2,5,6,1080.0185183597548,0.45056120886630463,-0.15157964825630188,0.42394599447465786,-0.2418370246887207,0.19791189283099248,-0.1655096858739853,0.3820831333412519,-0.054146651178598404,0.7762724521792082,0.16971950232982635,0.36992086899572746,0.06114959716796875,0.7482111585723781,0.069161795,0.0029687297,0.11387345,0.487901,0.27504674,0.028295796,0.022752484,0.18634316,1.0609288,1.7356805,2.453609,0.21217614,0.59221584,0.4434117,1.2052805,1.6656864,1.9104996,0.0,0.4969151,Medullary_cords,364.34324475691875
TCCTAAAGATTCAGAC-1,1,68,84,3949,9078.0,3949,4009.171,Low,1,6,3,6,2,1,7,5,3603.830184678518,0.6931471805599453,0.12426438182592392,0.5129529848560865,-0.17861908674240112,0.344970032369517,-0.16090795397758484,0.3956391538515072,0.007796582765877247,0.9673838889309694,0.2996353209018707,0.10769445570663046,0.2228672057390213,0.2364979927522132,0.09013291,0.0016464668,0.11792764,0.035370365,0.2607623,0.34237748,0.15178281,0.41658878,0.29063183,2.3456924,2.7644048,0.0,0.6466394,0.09283524,1.6306512,0.5597281,2.3608024,0.18567048,0.44158196,Medullary_cords,138.42326394071193
TCCTAAATTGGGAAGC-1,1,56,70,6006,19708.0,6006,4327.6206,Medium-Low,5,2,4,1,2,7,1,1,2486.7724061521994,0.45056120886630463,-0.03138784319162369,0.8692167036462402,0.08196961879730225,0.666748515749575,-0.03962922468781471,0.8352941767433757,0.17258234322071075,0.36178157774514574,-0.1930103451013565,0.3068329184718068,-0.07111871987581253,0.708809932924628,0.173409,0.10018782,0.118475616,0.08882699,0.13562319,0.26012617,0.12335125,0.13855942,0.4575324,2.4182048,2.977041,0.2052044,0.6193611,0.2565055,2.1803575,0.86184657,2.111619,0.1026022,0.13680294,B_cell_zone,0.0
TCCTAACCGTCGGGCA-1,1,62,46,6335,22239.0,6335,4297.0664,Medium-High,5,4,4,1,2,0,1,1,4077.1779455893266,1.0114042647073518,-0.05175675079226494,0.7859144511981262,0.08079853653907776,0.671243315416736,0.17684049904346466,0.3498734629988094,0.09331498295068741,0.6238070338238968,-0.11388681083917618,0.54901742470425,-0.2583450675010681,0.16807370646812514,0.21377307,0.0045809094,0.010091007,0.18057746,0.15269633,0.027163137,0.4111181,0.2783868,0.53616726,2.3787253,2.962404,0.23336624,0.5728936,0.36201525,1.8134878,1.0798776,1.8479555,0.3063477,0.35618526,Medullary_cords,0.0
TCCTACATCCACGGCC-1,1,46,84,5435,15561.0,5435,4370.5195,Low,0,10,7,4,0,4,4,0,997.1007973118866,1.0114042647073518,-0.19513414800167084,0.30143776685183943,0.2549428939819336,0.173944831069327,0.18532492220401764,0.32685784468950957,-0.23627538979053497,0.20874164173765325,-0.1361665576696396,0.4730801654245298,-0.07063798606395721,0.710694068635666,0.27600583,0.00061726285,0.31805795,0.40531895,0.0,0.0,0.0,0.16534773,0.6245127,2.2168682,2.8537009,0.1861125,0.5787586,0.1861125,2.1311903,0.93002236,1.9688077,0.24814999,0.22046363,B_cell_zone,0.0
TCCTAGCAAAGAAGCT-1,1,41,41,5666,19471.0,5666,4107.072,Medium-Low,0,9,7,4,3,6,4,0,3254.7572874179114,1.0114042647073518,0.14277955889701843,0.45164529748783905,-0.2111104428768158,0.262779596630614,0.22104187309741974,0.24045862922505015,0.05029498040676117,0.7918273659428867,-0.1212414875626564,0.5233364441146283,0.1744074672460556,0.3566484519743062,0.18428928,0.12555227,0.24212049,0.22515447,0.0,0.038330168,0.18455327,0.2794376,0.3067024,2.2772002,2.9643116,0.14014551,0.47224873,0.44809383,2.2139096,0.73097324,1.9080988,0.10362449,0.35333303,B_cell_zone,0.0
TCCTCCTAAGACATTC-1,1,47,21,6252,24878.0,6252,3853.2244,Medium-High,2,7,5,2,3,6,2,4,4736.135661063775,0.0,-0.13483132421970367,0.477471316959159,0.0011129304766654968,0.9953429813700378,0.2562680244445801,0.17164108620841784,-0.18789663910865784,0.32006968391406704,-0.10670322179794312,0.5746542246783231,-0.08618610352277756,0.6506593608507458,0.06567049,0.06557564,0.31903216,0.0352347,0.26545656,0.13806063,0.11096984,0.2517941,0.35398203,2.247051,2.679275,0.11597953,0.6515589,0.07374548,1.4940349,0.6435641,3.1832232,0.1689362,0.33828542,Medullary_cords,477.31017169132275
TCCTCGGGCTGGGCTT-1,1,40,76,4083,10335.0,4083,3898.6702,Low,5,2,4,1,0,4,1,1,859.7610133054418,0.6931471805599453,-0.17054767906665802,0.36755531738751807,-0.15354867279529572,0.417879639861575,0.30873721837997437,0.09691342234875831,0.17826052010059357,0.3459552234066916,-0.39129549264907837,0.032497707382244806,-0.36426106095314026,0.047821884382381656,0.065947875,0.20685495,0.13735223,0.21737465,0.3069876,0.031120574,0.034362055,0.08460686,0.42047215,2.4360566,2.8418336,0.16921373,0.523028,0.30381742,2.0136075,1.0108933,2.5357285,0.0,0.47175238,Medullary_cords,0.0
TCCTCTACGAGATGGC-1,1,26,32,4637,13592.0,4637,3951.2556,Low,5,11,4,1,1,6,1,1,4113.799703437201,0.6365141682948128,-0.043919529765844345,0.8177448281252968,-0.04181851074099541,0.8263287367174751,-0.17527812719345093,0.3542151016125627,-0.3125249147415161,0.09267555593438544,-0.15438593924045563,0.4153148353009716,0.13844157755374908,0.465647020740261,0.19026683,0.17854927,0.10044754,0.1168048,0.23336025,0.0,0.18057132,0.21461254,0.51439065,2.3605223,3.0147831,0.20679656,0.5097573,0.06893218,2.0839453,0.9534171,1.9517853,0.27572873,0.27572873,B_cell_zone,0.0
TCCTCTCCAGTTGTCC-1,1,30,20,6164,21141.0,6164,4227.0146,Medium-High,1,7,5,3,3,6,6,3,4777.792167936986,0.0,-0.08040156215429306,0.672769502104777,-0.08670832216739655,0.6486771760574167,-0.13796307146549225,0.4672053237359075,0.30991625785827637,0.09557885475652969,-0.23292163014411926,0.21546478099889685,-0.2718438506126404,0.146164829950369,0.0004033957,0.0033156052,0.20497444,0.100974195,0.13734919,0.03248947,0.5204936,0.49476385,0.6285367,2.1519337,2.8234453,0.09682775,0.47051466,0.32529324,1.502546,1.1340739,2.27793,0.9674194,0.74454916,Medullary_cords,364.6601157242179
TCCTCTGGCCCATTAG-1,1,10,88,6650,24486.0,6650,4370.862,Medium-High,3,5,0,7,6,3,8,2,3354.0095408331804,0.45056120886630463,-0.3728961944580078,0.04240585156090414,0.203226238489151,0.2814321009048877,0.06401287764310837,0.7368257699736397,-0.2217305451631546,0.23895918214793882,-0.33412209153175354,0.07114313334469996,-0.154526025056839,0.4148865696632404,0.0047617955,0.05760887,0.19364846,0.18842377,0.15345381,0.15530558,0.24679771,0.44933188,0.680523,1.6624002,2.5705595,0.29229656,1.0170151,0.3420944,1.0516622,1.1619263,2.2175872,0.24210566,0.5372353,Medullary_cords,364.3295211755424
TCCTGCAGCCGCCAAT-1,1,77,77,3979,11267.0,3979,3599.6016,Low,5,6,5,2,2,1,2,4,4732.171277542689,0.6931471805599453,-0.4161432981491089,0.022177090726000086,0.18650519847869873,0.3237315578991283,0.4097577929496765,0.024528617685528314,-0.2572336792945862,0.16997594360730062,-0.3026108145713806,0.104075729236108,0.522792398929596,0.0030367086303154664,0.15482928,0.0,0.08998358,0.12213461,0.535678,0.0,0.09737442,0.07940981,0.6069305,2.3831594,2.6854506,0.23822942,0.39704904,0.31763923,1.8395786,0.8812982,2.8170629,0.15881962,0.2117595,Medullary_cords,0.0
TCCTGCCAACTGGAGA-1,1,12,90,6759,25904.0,6759,4428.0356,High,0,5,7,7,6,3,8,2,3116.7123704313813,1.0114042647073518,-0.7134371995925903,9.623051994217302e-06,0.007325008511543274,0.9693557190524701,0.4413634240627289,0.014623499199065441,0.09451843053102493,0.6193190651093717,-0.358318030834198,0.0518584209146786,-0.018311314284801483,0.9234877334357912,0.07977545,0.06736057,0.0,0.2125046,0.23249716,0.18551838,0.22234386,0.35580942,0.48523566,2.0138714,2.732101,0.112346455,1.6729372,0.8741793,1.6454512,1.1118072,1.7859977,0.08162896,0.23706576,Medullary_cords,137.92751719653333
TCCTGCGTTGATACTC-1,1,38,30,4013,11589.0,4013,3653.741,Low,1,7,6,5,3,6,3,5,3992.0125250304513,0.8675632284814613,-0.3127855956554413,0.09238915103797549,-0.00026112794876098633,0.998907313695288,0.3212866187095642,0.0834124335343163,-0.03754865750670433,0.8438332068187893,-0.4813627302646637,0.007079210604891563,0.2617040276527405,0.16241648104974693,0.021163132,0.089835696,0.07026149,0.12852912,0.3248818,0.0059352326,0.3593935,0.28087595,0.41847664,1.9824355,2.612287,0.32845408,0.36283243,0.3586419,1.400395,0.865869,2.4227414,0.15553188,0.48578036,Medullary_cords,138.0
TCCTGGCGCTGCCTGG-1,1,12,106,6345,22223.0,6345,4307.974,Medium-High,5,12,4,1,4,3,1,1,3351.643328279428,0.6365141682948128,0.25365471839904785,0.17620517173709815,-0.13636617362499237,0.47242550318497845,-0.26188740134239197,0.1621115987307016,-0.13226813077926636,0.485959539007888,-0.1478877067565918,0.4354506370138766,0.08446880429983139,0.6571941370518068,0.088480316,0.06886414,0.065322705,0.086225234,0.050570954,0.18210544,0.45843118,0.22755852,0.5690329,2.2073896,2.7572265,0.18577635,0.4530351,0.27991724,1.8180939,0.89550644,1.9175861,0.18577635,0.51350164,Medullary_cords,0.0
TCCTTACGACGGTCCG-1,1,49,95,6016,21348.0,6016,4081.3162,Medium-High,2,10,0,2,0,4,2,4,1403.4649977822746,1.0986122886681096,-0.2581852376461029,0.16834633497385446,0.15029406547546387,0.42793285733539654,0.1972736120223999,0.2960635940125117,-0.051930684596300125,0.7852116522069812,-0.15492217242717743,0.41367681769424697,-0.020740561187267303,0.9133729118925387,0.068049304,0.13824646,0.103408925,0.26471502,0.30464545,0.0,0.120934844,0.3604072,0.737697,2.1153176,2.829664,0.17868792,0.6119206,0.39811176,1.4623063,1.1230197,2.392112,0.096051835,0.14628255,Medullary_cords,138.42326394071193
TCCTTCAGTGGTCGAA-1,1,15,69,5778,18681.0,5778,4253.895,Medium-Low,5,5,4,1,6,3,1,1,3048.704150946759,1.0114042647073518,-0.5327218770980835,0.0024397334890018225,0.03585178405046463,0.8508104022466608,0.11057129502296448,0.5607833711451631,-0.22097301483154297,0.24060889822751821,-0.04269959405064583,0.8227265401646755,-0.21082225441932678,0.2634468298572342,0.18581408,0.0047335075,0.0,0.183724,0.0,0.24583025,0.37989816,0.17332017,0.6040946,2.5786116,2.9430273,0.16077997,0.95836216,0.19817029,2.0550373,1.031621,1.752621,0.21437329,0.3855386,B_cell_zone,0.0
TCCTTGTCCTTTAATT-1,1,69,69,3353,7599.0,3353,3658.745,Low,2,4,0,1,2,1,2,4,3937.44714250236,0.6931471805599453,0.13222208619117737,0.48611272133716316,0.13240964710712433,0.4854888933692889,-0.047835394740104675,0.8018019185362772,-0.3531179428100586,0.05560710450496617,-0.3786313533782959,0.03908807068166477,0.3174274265766144,0.08740097627698878,0.1417118,0.006006883,0.14604038,0.0,0.36713564,0.0,0.33910525,0.16122036,0.41428325,2.360479,2.827303,0.20995636,0.0,0.37117672,1.6852106,0.83638537,2.4576595,0.0,0.26649347,Medullary_cords,239.00209204105306
TCCTTTAAATCCGCTT-1,1,56,92,6144,21411.0,6144,4238.1274,Medium-High,0,10,7,4,0,4,4,0,2174.2348079266876,1.3296613488547582,-0.07213113456964493,0.7048475001915038,0.06688284873962402,0.7254683184476661,0.3267274796962738,0.07802775001925517,0.2677675783634186,0.15255036215914516,0.04077056795358658,0.830617614228897,-0.07916051149368286,0.6775489808581423,0.13180561,0.16549501,0.12869394,0.3167876,0.071528435,0.007514581,0.17817491,0.27724597,0.63606787,2.3282056,2.7402732,0.08245522,0.58642316,0.5441395,1.9176607,1.2487096,2.137732,0.095813334,0.38548082,Medullary_cords,0.0
TCCTTTCTTACGCTTA-1,1,30,62,5588,18426.0,5588,4170.199,Medium-Low,5,3,4,1,4,2,1,1,2030.1182231584446,1.0114042647073518,0.2552417516708374,0.17342336946342,0.05909985303878784,0.7563938007651156,0.19559460878372192,0.30027597251182314,-0.13908390700817108,0.4635595097489719,-0.2306550145149231,0.2200911674744514,0.2759696841239929,0.13990081760422216,0.10535735,0.08306731,0.0763151,0.13335024,0.07337233,0.21273614,0.31580153,0.2379545,0.45251167,2.3692493,2.9506304,0.054197464,0.41294464,0.2379545,1.9292505,0.69759554,2.2414494,0.10839493,0.6192594,Medullary_cords,0.0
TCGAAATTTAGGACCA-1,1,29,45,6989,26065.0,6989,4429.5264,High,1,3,0,3,1,2,0,3,3149.6801424906625,1.0114042647073518,-0.040217168629169464,0.8328844256517476,0.10027330368757248,0.5980448176875168,-0.08740516006946564,0.6460358510460177,0.0323355533182621,0.8653030444425581,-0.44759097695350647,0.01313264618105324,0.2545238733291626,0.17467782154176512,0.024861699,0.072586685,0.09835276,0.089347616,0.21566473,0.27189746,0.22728896,0.31834108,0.54581016,2.105152,2.7130775,0.15236486,0.66963905,0.53724116,1.655678,0.9593174,2.4295363,0.28473002,0.7472964,Medullary_cords,137.0
TCGAAGAACCGAGCAC-1,1,45,99,7006,30033.0,7006,4144.4507,High,3,10,0,0,0,4,0,6,1130.561364986439,0.6365141682948128,-0.3250023126602173,0.07970530635877233,-0.14639882743358612,0.44013790653496393,-0.03378674387931824,0.8593162925335119,0.04804883152246475,0.8009351164513973,-0.06459042429924011,0.7345357620225746,0.30119892954826355,0.10578127440216888,0.052955452,0.0042976253,0.25325513,0.3248591,0.3041701,0.0073314323,0.053131193,0.4129328,0.9225279,1.9405942,2.7013621,0.26427335,0.7193829,0.4364185,0.98577166,1.3001987,2.445542,0.12760316,0.43745473,Medullary_cords,364.00137362378183
TCGAATATCCCGCAGG-1,1,58,32,5633,17193.0,5633,4234.1196,Medium-Low,2,1,0,2,5,0,0,3,4538.592953768822,0.6365141682948128,-0.02435167320072651,0.8983620196014623,-0.10369779169559479,0.5855363625226148,-0.3561255633831024,0.05341380447277305,-0.1311289370059967,0.48975667589553745,-0.5555580854415894,0.0014370516615969408,0.07110295444726944,0.7088716955963464,0.096166834,0.0011595284,0.10977791,0.23440996,0.12807858,0.2179983,0.21240893,0.28417808,0.71241724,2.3131351,2.8464656,0.22922865,0.7658426,0.33728448,1.7426224,1.2583455,2.15995,0.4221332,0.3578317,Medullary_cords,138.00362314084367
TCGAATCGCAGGGTAG-1,1,75,53,6024,21549.0,6024,4122.8423,Medium-High,3,4,2,0,2,1,5,6,5044.4274204313815,0.0,-0.26788339018821716,0.15236621785207494,0.07781440019607544,0.682746966241734,-0.4734910726547241,0.008220584311481859,0.06741008162498474,0.7233879893835092,-0.02047715149819851,0.9144690759323499,0.28885337710380554,0.12159827113499695,0.071915224,0.08249173,0.00023510013,0.37727195,0.27506405,0.0,0.19302201,0.32378277,0.9079148,1.8445702,2.56814,0.1906136,0.71761966,0.4308342,1.2650394,1.385909,1.9031348,0.0,0.41142586,Medullary_cords,413.0012106519786
TCGACAACTGAACCCG-1,1,57,15,8187,38226.0,8187,4432.76,High,2,1,0,3,5,0,0,3,5515.913795555547,1.2424533248940002,0.5431095957756042,0.0019265329683935436,0.30197685956954956,0.104838969154342,0.36417460441589355,0.04787876141886866,0.21938784420490265,0.2440855001919129,0.42555561661720276,0.019051272217071258,0.4669804573059082,0.009278663513077465,0.038963623,0.09784693,0.16651149,0.20379886,0.12324788,0.110556126,0.25907502,0.23842819,0.7164134,2.1428027,2.7677789,0.23880005,0.53022355,0.3252241,1.4330474,1.2977096,2.2123182,0.28422555,0.48501545,Medullary_cords,239.77072381756702
TCGACATAGCGTAGCG-1,1,72,30,6563,25422.0,6563,4330.815,High,4,1,1,4,5,0,4,7,5702.547500898173,1.2424533248940002,-0.4299188554286957,0.017730985441796385,0.04297352954745293,0.8216073056321996,0.01751159317791462,0.9268202241230604,0.057826895266771317,0.761488578734148,-0.2353222817182541,0.21063749972670334,0.02059592679142952,0.9139747803279429,0.16636914,0.0,0.042130183,0.14114532,0.40683508,0.24352023,0.0,0.24827908,0.4654313,2.1920147,2.7103457,0.041467544,0.34620062,0.85336685,1.9120367,0.7937285,1.8621281,0.08293509,0.4560783,B_cell_zone,0.0
TCGAGACCAACACCGT-1,1,37,55,4851,16772.0,4851,3668.1067,Medium-Low,2,9,5,5,3,7,3,5,2274.858237341395,0.6931471805599453,0.07313515245914459,0.7009253928095944,-0.0077212899923324585,0.9676987041132228,-0.1461712121963501,0.44085688409728613,0.29843592643737793,0.10917945561449975,-0.090751513838768,0.6334108396280719,-0.15224209427833557,0.42189965572726706,0.0604023,0.0,0.1916818,0.13300982,0.123510055,0.0,0.49139604,0.12819675,0.50923723,2.2628336,2.6450336,0.39040682,0.58666325,0.49982032,1.460857,1.0703683,2.861031,0.11691143,0.3268109,Medullary_cords,138.42326394071193
TCGAGCCAGGCAGGCC-1,1,57,37,6173,21879.0,6173,4129.736,Medium-High,2,1,5,2,5,0,2,4,4184.0470838650945,0.6365141682948128,0.14660267531871796,0.43949454395092824,0.06080998480319977,0.7495650766119805,-0.08606311678886414,0.651126522096863,0.15368987619876862,0.41744647330487195,-0.038980670273303986,0.8379540419875067,0.023513687774538994,0.9018425361660065,0.08578237,0.0017918391,0.31107166,0.19042738,0.0,0.20128338,0.20964344,0.34428734,0.58822,2.177215,2.6656446,0.30759558,0.56519204,0.17527482,1.5733584,1.1665653,2.5430617,0.32465044,0.5324682,Medullary_cords,239.00209204105306
TCGAGTCTACGATTCG-1,1,56,2,6162,24119.0,6162,3977.8152,Medium-High,1,1,3,5,5,0,3,5,6300.83058016957,0.0,-0.2219262570142746,0.2385341986186654,-0.12024670839309692,0.5267755966141193,-0.10242661088705063,0.5901661313712205,0.5427032709121704,0.0019446880308594359,0.4667552411556244,0.009317227169074049,0.5056114792823792,0.004368514557438734,0.08180092,0.0009532855,0.11810899,0.17703104,0.12957582,0.01062196,0.48190796,0.25228804,0.5770761,2.0742412,2.9142234,0.075486325,0.5622467,0.3321168,1.6179215,0.9555879,1.9397441,0.28876,0.4802671,Medullary_cords,138.00362314084367
TCGATAGGCTAGTCGC-1,1,8,48,7125,28623.0,7125,4375.715,High,3,8,2,0,1,5,5,6,4526.371615322807,0.0,-0.6716142296791077,4.835604937635712e-05,-0.04883924126625061,0.797727156502678,-0.13758978247642517,0.46842287182731346,0.16563017666339874,0.3817318449744456,0.09788636863231659,0.6068306503569254,-0.057514019310474396,0.7627423137825255,0.0125815105,0.0016965508,0.18184966,0.34292343,0.32000747,0.009147142,0.13179421,0.3170591,0.87639403,1.5013654,2.7604823,0.11236402,0.5729877,0.28832185,1.0629462,1.2659271,2.370632,0.20738088,0.40347624,Medullary_cords,477.53533900644464
TCGATTTACGAAACGA-1,1,76,68,4311,13632.0,4311,3523.6257,Low,2,4,5,2,2,1,3,4,4755.1288100323845,0.9743147528693494,-0.1097908541560173,0.5635696400195319,-0.31155046820640564,0.09375212899435349,-0.1648540198802948,0.38399799575234855,0.02787179686129093,0.8837623278623403,-0.04266679286956787,0.822860580803998,0.08879470080137253,0.6407814742042204,0.07151011,0.0016342406,0.16820498,0.260143,0.34374675,0.037206687,0.11755421,0.21421444,0.5433157,2.045756,2.475744,0.50090826,0.54132205,0.25045413,1.3831028,0.9467457,2.6615674,0.0,0.5712385,Medullary_cords,239.77072381756702
TCGCAAAGATGCATTT-1,1,47,75,5383,15734.0,5383,4231.497,Low,5,2,5,1,0,7,1,1,1400.7369488951165,0.6931471805599453,0.29969340562820435,0.1076229252660771,-0.4554775655269623,0.011428845267674785,0.04792478308081627,0.8014388695682926,-0.4783008098602295,0.007506086650671295,0.1977764219045639,0.29480942711250024,-0.1260562539100647,0.5068462961581436,0.11223796,0.0019041471,0.18640739,0.33175987,0.03202548,0.00018668806,0.33547845,0.16404101,0.75918037,2.2567623,2.7469165,0.12300345,0.4042728,0.3690104,1.5824885,1.406232,2.4895651,0.12300345,0.30072367,Medullary_cords,137.55726080436466
TCGCACCAGGAGGCAG-1,1,50,80,4427,13863.0,4427,3516.9521,Low,2,10,5,2,0,4,2,4,1539.4576967231026,0.45056120886630463,-0.19256369769573212,0.3079751933138516,-0.46995577216148376,0.008781698483166052,0.25406011939048767,0.17549160128251656,0.0036285407841205597,0.9848172828264768,0.3969600796699524,0.029856767136142423,-0.1381678730249405,0.4665380326034482,0.083655596,0.0,0.39441478,0.0,0.023204146,0.028042946,0.47068247,0.38152173,0.41110438,2.1919727,2.491894,0.20366465,0.27975738,0.22327489,1.34273,0.47873512,2.7851677,0.13577643,0.37505335,Medullary_cords,275.0018181758077
TCGCATAAAGGGCGCA-1,1,63,111,5853,20534.0,5853,3975.4373,Medium-High,1,13,5,5,7,1,3,5,3387.825556311895,0.6829081047004717,-0.05914181098341942,0.7562260408499191,0.2594318687915802,0.16622820842217348,0.38409560918807983,0.03612399147857878,0.04617636278271675,0.8085473112156941,-0.2543950378894806,0.17490363003173742,0.49876388907432556,0.005024141964772872,0.050959524,0.0,0.17432716,0.11494704,0.2406356,0.005494846,0.4136358,0.25583208,0.5065407,2.2016063,2.559874,0.13460223,0.61058205,0.31094992,1.5429235,1.0606023,2.8471227,0.17001477,0.6901808,Medullary_cords,238.76766950322232
TCGCATCCCTAAGTGT-1,1,15,31,6094,20287.0,6094,4299.7056,Medium-High,3,11,2,0,1,5,0,3,4793.7381029839335,0.6365141682948128,-0.5662218928337097,0.0011077233481902912,-0.14344190061092377,0.44952745648947157,0.07810765504837036,0.6816133453681951,0.22022975981235504,0.24223487944032002,-0.3428797423839569,0.06360890706184576,0.2872103154659271,0.12382840507525628,0.037803054,0.00047507582,0.16166584,0.25355822,0.21259871,0.18842053,0.1454786,0.30042046,0.77447766,1.9355036,2.818291,0.20037729,0.55896676,0.18594776,1.24171,1.3282437,2.598861,0.10018864,0.6005185,Medullary_cords,137.92751719653333
TCGCATTCAATGACTT-1,1,9,37,6217,21235.0,6217,4288.256,Medium-High,3,8,2,0,1,5,5,6,4938.581375253424,0.45056120886630463,-0.3623100817203522,0.049118497081124396,-0.36025476455688477,0.050514445687773045,-0.1500917375087738,0.4285621920176157,0.23914571106433868,0.20310290780389695,-0.033586811274290085,0.8601406495885785,0.061549730598926544,0.7466169054090891,0.021945983,0.0,0.079378195,0.32175994,0.26735297,0.13287662,0.17668635,0.49373367,0.79261184,1.6050155,2.5033994,0.3724778,0.50267535,0.19294424,1.0668395,1.5113293,2.256,0.28941637,0.30514085,Medullary_cords,552.6988330003963
TCGCCCAACTGACTCC-1,1,9,109,5741,18427.0,5741,4309.578,Medium-Low,0,12,4,4,4,3,4,0,3762.24640341379,0.6365141682948128,0.1460413783788681,0.4412672802877943,0.1223098635673523,0.5196550247525935,-0.14069931209087372,0.45833144810887877,-0.08878204971551895,0.6408292365363502,-0.40655815601348877,0.02578149414570827,0.03418317437171936,0.8576821697770092,0.19378005,0.13565207,0.0,0.1405724,0.35628247,0.0,0.17371303,0.14606413,0.5801482,2.4175353,2.9679508,0.10838538,0.5736762,0.28336233,2.1900616,0.8098086,1.8758373,0.0,0.26458997,B_cell_zone,0.0
TCGCCGAAGTTGCGTC-1,1,45,37,5244,17164.0,5244,3974.5635,Medium-Low,3,9,2,0,3,6,0,6,3608.8049268421255,1.0114042647073518,0.00021097343415021896,0.9991171844802478,-0.2265048623085022,0.22873558204918853,0.17646749317646027,0.35090708786201136,0.14675050973892212,0.4390282844356938,0.05812084674835205,0.7603112155010506,0.30114510655403137,0.10584670413495292,0.07996129,0.0015417987,0.0077347606,0.53514,0.24648881,0.0,0.12913339,0.22792521,0.74145055,1.8083736,2.7885506,0.18373689,0.55129397,0.18373689,1.2580211,1.4775318,1.7767404,0.0,0.16846946,Medullary_cords,413.0012106519786
TCGCCGACATATTCGC-1,1,66,86,5547,17581.0,5547,4186.1665,Medium-Low,5,6,3,1,2,1,1,1,3356.4798524644834,0.8675632284814613,0.04235321283340454,0.8241422584937742,-0.1607430875301361,0.3961298632138838,-0.19348065555095673,0.30563299785941606,-0.4296810030937195,0.017800950762676262,0.3055180013179779,0.10062900371084223,0.01530553586781025,0.9360191367300681,0.06534074,0.06803076,0.0,0.1130918,0.25842655,0.16504188,0.33006832,0.2045928,0.7110024,2.2615473,2.7281947,0.11258225,0.62182426,0.3558477,1.6791501,1.0401243,2.0521698,0.0,0.42683768,Medullary_cords,137.0
TCGCCGGTCGATCCGT-1,1,19,61,5507,16962.0,5507,4221.44,Medium-Low,5,3,4,1,6,2,1,1,2938.0158270506304,1.0114042647073518,-0.13005608320236206,0.4933464386893921,0.03846229985356331,0.8400812546798612,0.3058760166168213,0.10021056414276644,0.1401752233505249,0.46002416276421104,-0.3586777448654175,0.05160668708500545,0.07248678803443909,0.7034573167175784,0.124536745,0.16386364,0.014732146,0.19869678,0.31879118,0.0,0.17937952,0.115863234,0.51367223,2.4182525,2.768886,0.057931617,0.48631728,0.3568707,2.1082463,1.1469336,2.319436,0.0,0.32421154,Medullary_cords,0.0
TCGCCTCCTTCGGCTC-1,1,74,92,5083,14210.0,5083,4280.1953,Low,4,6,7,4,2,1,4,7,4321.474285472494,1.0114042647073518,-0.20112988352775574,0.28653103250737194,0.21664056181907654,0.2501894666644776,0.37799158692359924,0.0394475114526224,-0.06681178510189056,0.7257488646690502,-0.6087110638618469,0.00035790179857951457,0.15760105848312378,0.40554802525940287,0.16354847,0.0024119793,0.045982014,0.16181824,0.43806195,0.015103942,0.17307338,0.109821506,0.67843497,2.2609615,2.722917,0.0,0.19980744,0.8001773,1.9987332,0.82465065,1.8355328,0.13320495,0.26640993,B_cell_zone,0.0
TCGCGTAGCAGTGTCC-1,1,57,99,371,465.0,371,1202.0923,Low,3,10,3,5,0,4,3,6,2398.592295493338,1.3296613488547582,0.09233887493610382,0.6274569239171967,0.30587613582611084,0.1002104250325282,-0.1512262374162674,0.4250399439015321,0.17082048952579498,0.36677803368411077,0.1896405667066574,0.31551647523483656,-0.04360977187752724,0.8190091001451372,0.0,0.0,0.88571143,0.014852494,0.09943609,0.0,0.0,0.0,0.3459727,1.4451919,3.1726952,0.0,0.38921928,0.0,0.0,0.0,1.5159819,0.0,0.0,Medullary_cords,238.76766950322232
TCGCGTCCAGAAGGTC-1,1,31,29,6057,19624.0,6057,4321.7505,Medium-Low,3,7,2,0,3,6,0,6,4146.510942949506,0.0,0.09583661705255508,0.6144185557345359,-0.035569529980421066,0.8519720594896812,-0.20593157410621643,0.274938520167822,0.36495089530944824,0.04736998379652232,-0.31177428364753723,0.09350402213893352,-0.014152443036437035,0.9408306419815453,0.014977203,0.06286568,0.106163405,0.3310847,0.0,0.1881048,0.2968042,0.32951835,1.0055945,1.6734406,2.8928533,0.2552885,0.518202,0.2635153,0.9814359,1.4478216,1.879549,0.10296218,0.71056485,Medullary_cords,276.3494165001982
TCGCTAAACCGCTATC-1,1,19,89,6390,22222.0,6390,4417.7627,Medium-High,0,5,7,7,4,2,8,2,2276.899646449092,1.3296613488547582,-0.5979617834091187,0.00048348169491209603,-0.25414374470710754,0.17534466122780537,0.06861817836761475,0.7186284424256588,0.11393994092941284,0.5488298209090259,-0.16952592134475708,0.3704750878251968,-0.0004520416259765625,0.9981084391587195,0.08019803,0.24588548,0.04877748,0.21327876,0.18090934,0.2082752,0.022675633,0.41278884,0.70767844,2.288715,2.8746843,0.21956983,1.4206156,0.52140266,2.0564816,1.0333081,1.7418736,0.09289167,0.230832,B_cell_zone,0.0
TCGCTACTGGCTTTGA-1,1,65,73,4629,14688.0,4629,3633.8372,Low,2,6,5,2,2,1,2,4,3395.1060366356746,0.0,0.38457056879997253,0.03587515003505952,-0.055895909667015076,0.7692356207186768,-0.3257262706756592,0.07899798653333628,0.1347910463809967,0.4776041043936863,-0.06811530888080597,0.7206083591256174,0.06830141693353653,0.7198754002850273,0.054817162,0.0,0.3034549,0.2009313,0.32049903,0.0,0.12029759,0.42387503,0.36265796,1.9862183,2.4440029,0.3021528,0.6336766,0.12982163,1.0689471,0.79375887,2.878967,0.0,0.37300208,Medullary_cords,138.0
TCGCTCGATATATTCC-1,1,29,63,5458,16659.0,5458,4223.7896,Medium-Low,5,3,4,1,4,2,1,1,2030.321403128086,1.0114042647073518,-0.22159631550312042,0.23925095030355562,-0.11573833972215652,0.5424973303466325,0.3211461901664734,0.0835550818074495,-0.20440638065338135,0.2785874293880973,-0.28113073110580444,0.13234285702409207,0.20703589916229248,0.2723158468816852,0.15404089,0.0053399336,0.0,0.13272306,0.3553327,0.29368672,0.05887663,0.21178456,0.46936476,2.4730446,2.8438785,0.17631607,0.63574594,0.43226516,2.1793964,0.7763574,1.9267108,0.19717708,0.2881768,B_cell_zone,0.0
TCGCTCGGCACCAGCG-1,1,24,108,5837,19287.0,5837,4209.7095,Medium-Low,5,0,7,1,4,2,1,1,2169.684078385607,1.3296613488547582,-0.5235067009925842,0.0029899191202963035,-0.12242056429386139,0.5192742947657675,0.358305424451828,0.051867260643238114,0.19255031645298004,0.30800945604366703,-0.580311119556427,0.000774688300719581,-0.0896591991186142,0.6375210261858034,0.10750928,0.08456274,0.0,0.20647272,0.2284521,0.21658622,0.15641691,0.35322654,0.54369915,2.2763245,2.9012425,0.05221627,0.59616506,0.27393138,2.1576512,1.0293069,1.6445148,0.0,0.2784868,B_cell_zone,0.0
TCGCTGCCAATGCTGT-1,1,68,80,4507,12201.0,4507,3991.796,Low,1,6,3,6,2,1,7,5,3635.6277312178154,0.6931471805599453,-0.05754367262125015,0.762623463773783,-0.2454790323972702,0.19103430928312573,-0.11269845068454742,0.5532213536545999,-0.10782663524150848,0.5706099067763627,-0.0027903765439987183,0.9883240982868283,0.1796901822090149,0.34203719619570444,0.114551105,0.0,0.06779964,0.1654235,0.017420044,0.00945388,0.62535185,0.12132268,0.37877893,2.438345,2.9061637,0.07483666,0.42612636,0.22450997,1.7747114,1.1597965,2.1583576,0.39231867,0.72993195,Medullary_cords,137.92751719653333
TCGCTGGGCGGATTGT-1,1,28,74,4930,13088.0,4930,4219.2617,Low,3,3,0,0,4,2,0,3,1536.6134842568576,1.0114042647073518,-0.2485164850950241,0.1854269340027466,-0.2556009888648987,0.1727980172265052,0.25580230355262756,0.17244827060085177,-0.17943665385246277,0.34273003285722453,0.07438607513904572,0.6960493065653072,-0.39064282178878784,0.03281377173356776,0.034774803,0.17599595,0.18726087,0.20581757,0.14739889,0.0,0.24875194,0.24598405,0.715012,2.0125391,2.8254387,0.21285647,0.40678227,0.35476077,1.2585064,1.3179493,2.4140835,0.0,0.4037612,Medullary_cords,237.9012400135821
TCGCTGTGCGTAAATC-1,1,17,41,6807,25973.0,6807,4340.887,High,3,11,2,0,1,5,5,6,4097.454087601227,0.45056120886630463,-0.3468557596206665,0.06040100805240922,0.06782340258359909,0.7217584773318447,-0.07359746843576431,0.6991219196617481,0.06683215498924255,0.7256684445276819,0.07264181971549988,0.7028516194392336,0.29581451416015625,0.11247829009748833,0.063795626,0.0,0.014743511,0.44784012,0.3264645,0.0,0.14715625,0.3693016,1.2444103,1.8372473,2.4818327,0.15281191,0.63113886,0.4643981,1.1962029,1.7157727,2.1658792,0.0,0.34294164,Medullary_cords,551.9601434886399
TCGCTTTAAACGTTTG-1,1,25,87,5868,17624.0,5868,4465.981,Medium-Low,0,5,4,4,4,2,4,0,1558.6638508671458,1.2424533248940002,-0.533284068107605,0.002409207453279554,-0.22144705057144165,0.23957567862997567,0.10212431848049164,0.5912694514916975,0.045214466750621796,0.8124644483394897,-0.24976137280464172,0.18316235633196318,0.17898377776145935,0.3439697509052101,0.16124606,0.12724236,0.146386,0.2552153,0.023178568,0.0,0.28673172,0.24577306,0.55785084,2.2865782,2.7191734,0.22471169,0.62375987,0.8408576,2.003489,1.1372827,1.9181561,0.0,0.31548703,B_cell_zone,0.0
TCGGAATGACCATCAA-1,1,6,76,6663,23961.0,6663,4386.704,Medium-High,1,5,3,3,6,3,0,3,3920.9419786576796,0.8675632284814613,-0.4874311685562134,0.006293766972499765,0.12381167709827423,0.51450151112923,-0.3948322534561157,0.030827563964346143,-0.052370235323905945,0.7834363369774575,-0.08492807298898697,0.6554440451172868,0.3634040355682373,0.04838807082887147,0.036217816,0.0538106,0.069776,0.18099563,0.13584702,0.26300007,0.26035282,0.30233645,0.42863366,2.009829,2.924551,0.08719632,0.5825828,0.47773522,1.4217216,1.0044165,1.9512295,0.08719632,0.65726185,Medullary_cords,276.3494165001982
TCGGAATGCGCTCTGA-1,1,30,28,6296,21973.0,6296,4231.379,Medium-High,3,7,0,0,3,6,0,3,4239.354667871043,0.8675632284814612,-0.28115469217300415,0.1323084797920271,-0.23088884353637695,0.21961080853135193,-0.07788631319999695,0.682468912950453,-0.019800959154963493,0.9172837103783384,-0.43139949440956116,0.01730055027783295,0.02024718187749386,0.9154262069017641,0.05235905,0.0023923279,0.17155993,0.29190022,0.45561248,0.007227972,0.018948067,0.35802484,0.79376256,1.9260166,2.599677,0.17467086,0.8277236,0.14065401,1.1785561,1.2408843,2.4735317,0.16180304,0.27825028,Medullary_cords,238.40302011509837
TCGGACGCCCAGCCCA-1,1,33,79,5441,14923.0,5441,4402.3228,Low,5,0,4,1,4,2,1,1,861.4232409216737,1.3296613488547582,0.2664957046508789,0.15458322065392205,0.21905434131622314,0.2448211631678892,-0.010840348899364471,0.9546617852290648,0.35440921783447266,0.05465691871309476,-0.07066205143928528,0.7105997095736751,0.16651469469070435,0.3791587903959093,0.09249073,0.11740354,0.036260888,0.25658646,0.4972584,0.0,0.0,0.17039117,0.7808436,2.11731,2.7426975,0.2345021,0.5100137,0.29861304,1.6774867,1.0359433,1.9724205,0.34078234,0.22718824,Medullary_cords,138.42326394071193
TCGGAGAGTATCGGGA-1,1,45,23,7038,27505.0,7038,4326.674,High,2,7,0,3,3,6,6,3,4552.063707814292,1.0114042647073518,-0.15856632590293884,0.40264129301599505,-0.11690087616443634,0.5384222380836563,-0.005284933373332024,0.9778879388890207,-0.13928954303264618,0.4628922548266948,0.12199939787387848,0.5207235267288619,-0.07036035507917404,0.7117829478073052,0.03740857,0.10754904,0.17184733,0.105192795,0.061248206,0.28724322,0.22951086,0.3671208,0.49222305,2.2602015,2.6299214,0.45328644,0.5056194,0.29168737,1.4699031,1.1246759,2.5000944,0.5512614,0.4777599,Medullary_cords,275.0018181758077
TCGGAGTACATGAGTA-1,1,32,74,4770,12150.0,4770,4259.889,Low,5,3,4,1,4,2,1,1,1201.615995233086,0.0,-0.02484290860593319,0.8963225609310761,-0.14451760053634644,0.4460992733473662,0.0895422026515007,0.6379618913318137,0.300606369972229,0.10650328978504887,-0.18559704720973969,0.3261354080702973,0.006869803182780743,0.9712592726322226,0.18284997,0.0,0.0076950155,0.13984041,0.29377735,0.37583727,0.0,0.19669895,0.5546219,2.461822,2.8094978,0.07506354,0.70437425,0.30025417,2.290711,0.8602028,2.0391235,0.0,0.4624347,B_cell_zone,0.0
TCGGATCTGGATGACC-1,1,67,5,5519,17888.0,5519,4126.506,Medium-Low,0,1,7,5,5,0,4,0,6686.790635274892,0.5623351446188083,0.47746244072914124,0.00762669914972489,0.14840638637542725,0.43382415487568304,0.13802924752235413,0.4669896520571873,-0.1433517336845398,0.449815452286487,0.09077896922826767,0.6333076668704495,0.01691196858882904,0.9293196987838839,0.10178945,0.0,0.16101429,0.316593,0.16871184,0.0,0.2518915,0.09381305,0.68179905,2.0971012,2.8961902,0.21690491,0.36622626,0.71532965,1.8809247,1.1879535,2.191091,0.1110166,0.19909514,Medullary_cords,0.0
TCGGCGAACCCAAACC-1,1,49,105,7075,27318.0,7075,4404.653,High,1,10,5,3,0,4,6,3,1762.8105400184104,0.45056120886630463,-0.08480700850486755,0.6559052010470391,0.24887990951538086,0.18476381523544988,0.08369099348783493,0.6601621205089682,-0.1453707367181778,0.4433904253429758,-0.48781806230545044,0.0062463104888623435,0.3683554232120514,0.04518918655581229,0.02477959,0.043858714,0.20647243,0.10899431,0.0657064,0.11791391,0.43227464,0.40873832,0.51641303,2.1164455,2.7103066,0.34123218,0.5440821,0.21531872,1.5750045,0.9263193,2.5748596,0.997644,0.6388609,Medullary_cords,240.00208332429116
TCGGCGTACTGCACAA-1,1,49,13,6987,30510.0,6987,4061.9646,High,2,7,0,2,3,6,2,4,5327.68063982818,0.8675632284814613,-0.23604716360569,0.20919454582058825,-0.3334449529647827,0.07175327354513991,0.07662712037563324,0.6873434705951995,-0.20961974561214447,0.2662428743513779,0.12249869108200073,0.5190056773928661,0.03384661301970482,0.8590694697701615,0.07281491,0.00012258555,0.17407922,0.25490505,0.2485949,0.0,0.24948333,0.34999382,0.74435234,2.2553296,2.6018977,0.13389185,0.56263596,0.24706656,1.6352853,1.3560463,2.6214821,0.33865932,0.30134434,Medullary_cords,497.1810535408605
TCGGCTAACTTCCCTT-1,1,3,77,4671,13578.0,4671,3939.099,Low,2,5,0,0,6,3,2,3,4259.623105393246,0.6931471805599453,-0.6833187341690063,3.159618517926616e-05,0.09785530716180801,0.6069453399230671,-0.2483566403388977,0.1857191192433979,-0.06393653899431229,0.7371286232546824,0.13441921770572662,0.47883084539376547,0.2700890302658081,0.14888964602661545,0.16565831,0.0029405546,0.15477204,0.23563156,0.10218804,0.0,0.33880946,0.21474561,0.58297443,2.0861402,2.8119216,0.22635506,0.52090025,0.25114334,1.549598,0.93741417,2.2631705,0.0,0.18395442,Medullary_cords,137.55726080436466
TCGGCTTGTATCGACG-1,1,58,96,6525,23537.0,6525,4319.5776,Medium-High,1,10,0,3,0,1,0,3,2458.917241388982,1.3296613488547582,0.17978274822235107,0.34178444504403444,0.3794138431549072,0.03865202168918772,0.06321331113576889,0.7399997463296722,0.13979075849056244,0.46126801629521963,0.3205886781215668,0.08412324889213878,0.021898027509450912,0.9085580556047639,0.05902153,0.0,0.021931058,0.19288099,0.33605835,0.16076428,0.22934376,0.5189429,0.7466492,2.134104,2.8292882,0.23550329,0.5590546,0.24227828,1.6146156,1.129313,2.196847,0.26555675,0.27954412,Medullary_cords,239.26763257908496
TCGGGAACGTGCCTAG-1,1,31,109,5433,16931.0,5433,4186.016,Medium-Low,5,0,0,1,0,4,1,1,1671.5561611863359,1.2424533248940002,-0.47845861315727234,0.00748356581341089,-0.2669965922832489,0.15378033448676068,0.20099246501922607,0.28686731945943633,-0.10382674634456635,0.5850675888135262,-0.16746564209461212,0.37640377614670406,0.0797223150730133,0.6753838544009405,0.14003266,0.0017308667,0.112855956,0.3414456,0.3176851,0.04057563,0.04567415,0.2995712,0.68646854,2.3454714,2.8923433,0.21352106,0.9154367,0.5881994,1.5490987,0.8586412,2.1344025,0.0,0.49455467,Medullary_cords,238.90793205751876
TCGGGAGACAGCGTAC-1,1,59,71,6198,19006.0,6198,4481.0815,Medium-Low,1,6,0,3,2,1,7,3,2774.025955177781,1.0114042647073518,-0.1363137662410736,0.4725973332296537,0.039276205003261566,0.8367417697108451,0.004681439138948917,0.9804124368556251,0.2157473862171173,0.2521954530482009,-0.248185396194458,0.18603249858881926,0.23008234798908234,0.2212706136444339,0.024298867,0.0,0.13422588,0.15759824,0.09889261,0.28028938,0.3046951,0.26112175,0.56946313,1.8983808,2.8755348,0.22409405,0.3266785,0.08987346,1.2896513,0.9435829,2.1132903,0.28323,0.7518952,Medullary_cords,239.0
TCGGGATTCAAACATA-1,1,39,15,5328,18351.0,5328,3912.3733,Medium-Low,5,7,3,5,3,6,3,5,5026.733432359429,0.6931471805599453,-0.33336031436920166,0.07182982165186029,0.007204756140708923,0.9698585684397623,-0.07312016934156418,0.7009838679806542,0.2564035654067993,0.17140667045536181,-0.23246973752975464,0.21638181041454616,-0.2348344624042511,0.21161237769396696,0.0556018,0.1798221,0.0,0.113287404,0.30625445,0.19736218,0.14767212,0.26763004,0.5036769,2.1283755,2.980999,0.054377083,0.47449225,0.23866542,1.745157,0.8643813,1.7912709,0.43501666,0.548417,Medullary_cords,137.00364958642524
TCGGGCACTTCTGGAT-1,1,2,46,4988,15064.0,4988,4008.1929,Low,3,8,2,0,1,5,5,6,5191.22586678715,0.0,-0.1560353934764862,0.41028785755249847,-0.15946049988269806,0.39995921096863,0.21256661415100098,0.2594250463507822,-0.313203901052475,0.09193097171841286,0.19284287095069885,0.30726091265786487,-0.0354473814368248,0.8524748736742568,0.05160785,0.0,0.049971644,0.3950713,0.09127757,0.0,0.41207165,0.24259064,0.9516218,1.563798,2.3573437,0.10561313,0.45533642,0.20062141,1.0311385,1.529613,1.4115808,0.0,0.16971707,T_cell_zone,601.1222837326861
TCGGGCCGTCGTGGTA-1,1,40,88,5200,13960.0,5200,4392.1836,Low,4,10,1,4,0,4,4,7,240.00208332429116,0.45056120886630463,0.2588891386985779,0.1671480099937507,-0.10369791835546494,0.5855359020099749,0.17902091145515442,0.34386799818355235,0.07142293453216553,0.707618495811955,0.19524188339710236,0.30116568515997205,0.036351390182971954,0.8487549529345972,0.24766463,0.0,0.058656573,0.30801815,0.23269522,0.0076377247,0.14532776,0.06753492,0.43770507,2.28235,2.67937,0.0,0.71364707,1.0078294,1.9931953,0.8883125,2.0313084,0.0,0.2701397,Medullary_cords,0.0
TCGGGTGAAACTGCTA-1,1,10,56,7313,29299.0,7313,4505.1626,High,4,8,1,4,1,5,4,7,4012.184567040754,0.6365141682948128,-0.37490853667259216,0.0412170108251926,-0.1270613670349121,0.5034367631487987,-0.013785898685455322,0.9423605556232209,0.19375039637088776,0.3049461272116635,-0.10474056750535965,0.5817504163642869,-0.012190625071525574,0.9490213151888053,0.1958409,0.087539405,0.09567611,0.19322199,0.4155243,0.012197346,0.0,0.18989432,0.6304346,2.423395,2.8747032,0.24022488,0.49501812,0.38504416,2.2221317,0.8752464,2.152157,0.07341793,0.24137995,B_cell_zone,0.0
TCGGTCCCGACAATAG-1,1,57,23,7371,32105.0,7371,4208.125,High,2,1,5,3,5,0,6,4,5020.192227395281,0.45056120886630463,-0.3032224178314209,0.10334336027009812,-0.2488522231578827,0.18481427442991974,0.09827713668346405,0.6053885838450696,0.28889206051826477,0.12154612610790626,-0.2730608284473419,0.14429645392911994,-0.05878661945462227,0.7576465411107851,0.023601921,0.00342334,0.2800552,0.089044906,0.15138698,0.0,0.45248765,0.36803806,0.5649341,2.250984,2.7096248,0.35052103,0.36877784,0.34380758,1.4997194,1.1679718,2.7438676,0.7561214,0.6184176,Medullary_cords,138.42326394071193
TCGGTCCCTGACTCCA-1,1,10,90,6329,22004.0,6329,4357.676,Medium-High,3,5,0,7,6,3,0,3,3356.51843433043,0.0,-0.5130599141120911,0.003739903112562602,-0.006471019238233566,0.9729270137939889,0.2350511997938156,0.21117886105612402,-0.15782128274440765,0.40488381762054765,-0.4443994164466858,0.013879989172697338,-0.15803878009319305,0.4042284383705717,0.016168902,0.06137857,0.2412353,0.1257258,0.040347554,0.18800123,0.32714263,0.5065533,0.69928896,1.8265269,2.5939813,0.046829578,0.93241733,0.59796554,1.0934536,0.85087365,2.417639,0.093659155,0.61561203,Medullary_cords,238.40302011509837
TCGGTGACCGCTCCGG-1,1,15,109,4007,10358.0,4007,3804.364,Low,1,12,3,5,4,3,3,5,3110.8334895972816,0.8675632284814613,0.30536240339279175,0.10081127246156464,-0.11409690231084824,0.5482757607616481,-0.059215351939201355,0.7559320291896243,0.28733372688293457,0.12365985792666646,-0.085079625248909,0.6548669308954599,-0.012917308136820793,0.9459867449204065,0.08507145,0.0013888938,0.06316494,0.12469927,0.25836587,0.00058168557,0.46672782,0.25339305,0.34471613,2.2355654,2.9810524,0.25339305,0.64334893,0.5567344,1.7709143,0.90455115,2.319758,0.0,0.3378574,Medullary_cords,238.76766950322232
TCGGTTAGCCATGTAG-1,1,5,95,5885,18955.0,5885,4359.3223,Medium-Low,3,12,0,0,6,3,5,6,3982.190979850163,1.549826045878202,-0.06827084720134735,0.7199957779346062,0.2842842936515808,0.12787437304957774,-0.30164119601249695,0.10524478233493541,-0.12417198717594147,0.5132688443772337,-0.23134589195251465,0.21867394111536945,-0.12828825414180756,0.499290505861729,0.059609763,0.10161298,0.012144438,0.43905646,0.3218649,0.0,0.06571143,0.38151282,0.9308106,1.809321,2.765299,0.17156363,0.6877145,0.33044177,1.2161877,1.245507,1.9073792,0.18008485,0.07061253,Medullary_cords,138.42326394071193
TCGTAAGACGACATTG-1,1,27,77,5338,15296.0,5338,4284.439,Low,1,3,0,3,4,2,0,3,1518.8235578894607,1.3296613488547582,-0.4904271960258484,0.005934149335452691,-0.23423932492733002,0.21280589306654382,0.2542257010936737,0.1752007378859875,0.0644230842590332,0.7351990469629419,0.01273140124976635,0.9467630083403323,-0.3378060460090637,0.06789380233248588,0.072473586,0.003463382,0.18174611,0.15806316,0.22332166,0.016830899,0.3441012,0.47458526,0.5703197,2.1471267,2.9307752,0.39769015,0.63115036,0.29316786,1.6707593,1.0376472,2.2986846,0.41808915,0.40414342,Medullary_cords,238.76766950322232
TCGTAAGCTCCGAGGA-1,1,16,106,5232,16189.0,5232,4046.6763,Medium-Low,1,12,3,6,4,3,7,5,2911.929429089929,0.0,0.24619759619235992,0.18969725923491534,-0.06319031119346619,0.7400911096279534,-0.10032422840595245,0.5978579702473327,0.12995994091033936,0.49366877915249613,-0.23005279898643494,0.2213315877793985,-0.19136211276054382,0.31106135865149,0.060625944,0.13477395,0.08973203,0.0063596778,0.2815422,0.0,0.42696625,0.32332215,0.2856769,2.2413347,2.8670506,0.06013183,0.753542,0.35642993,1.7801945,0.831063,2.4296238,0.12026366,0.37460923,Medullary_cords,138.42326394071193
TCGTACCGACGTCAAG-1,1,68,56,6805,27186.0,6805,4192.399,High,1,4,0,3,2,1,6,3,4215.025148204931,0.6931471805599453,-0.3281695246696472,0.07664645935268108,0.008145280182361603,0.9659259738777091,0.052799977362155914,0.781701668058252,-0.09564951062202454,0.6151131616825357,-0.03240007907152176,0.8650366916494585,-0.00645357184112072,0.9729999825823515,0.007236985,0.042188443,0.24246435,0.04878728,0.098211884,0.11393893,0.4471721,0.3274331,0.36229545,2.1899433,2.86181,0.2603416,0.4125987,0.14724079,1.4068344,0.81113654,2.5149472,0.97353107,0.7193266,Medullary_cords,366.3659372812926
TCGTATAGTGCAATTA-1,1,12,56,4494,11631.0,4494,4118.541,Low,4,8,1,4,1,5,4,7,3814.443734019418,1.0114042647073518,0.03702884912490845,0.8459693468314163,-0.1740935891866684,0.3575281246696592,-0.20257282257080078,0.2830151101516933,-0.23535053431987762,0.21058113281825144,-0.41602712869644165,0.022218152663621257,0.0692104697227478,0.7162987393773277,0.12090571,0.16840577,0.05107734,0.009976639,0.28630236,0.0,0.3633322,0.07755669,0.3907269,2.238168,2.5779262,0.07755669,0.43956774,0.8057934,1.8499821,0.4474249,1.6872106,0.31022677,0.16674396,B_cell_zone,0.0
TCGTATTACCCATTGC-1,1,37,25,1881,3875.0,1881,2896.0017,Low,5,7,6,5,3,6,3,5,4338.369509389443,0.45056120886630463,-0.16808448731899261,0.3746171929706455,0.15069691836833954,0.42668131183822583,0.269033819437027,0.1505456769832328,-0.23449818789958954,0.21228619439725932,-0.4498489499092102,0.012624471044498705,0.10919615626335144,0.5656970082704592,0.074442394,0.0,0.07053648,0.0027597214,0.018627256,0.49338564,0.34024847,0.15944289,0.28345403,2.0589564,2.5873427,0.15944289,0.0,0.15944289,1.3452857,0.94081926,2.040124,0.0,0.21259052,Medullary_cords,238.76766950322232
TCGTATTTCGTCCGGA-1,1,5,81,5394,17116.0,5394,4098.7407,Medium-Low,2,5,3,2,6,3,2,3,3981.391967641468,0.6931471805599453,-0.07615619897842407,0.6891696641888108,0.2869340479373932,0.12420632709923553,0.012979824095964432,0.94572571729141,0.2161339521408081,0.2513259664201739,-0.17257793247699738,0.3617940356289065,0.22696875035762787,0.22775816696483378,0.10049558,0.0,0.24416646,0.17360862,0.085675165,0.39605412,0.0,0.29737598,0.46953875,2.149604,2.7363138,0.17254135,0.59073055,0.65844023,1.683525,0.9028703,2.56117,0.23005512,0.5278274,Medullary_cords,239.26763257908496
TCGTCAAGTACGCGCA-1,1,56,38,5301,16627.0,5301,4002.4832,Medium-Low,2,9,5,3,5,0,6,4,4061.196991036017,0.0,0.3837738037109375,0.03629338092701383,-0.034525126218795776,0.8562730757091234,0.10162784904241562,0.5930834291724127,0.16370545327663422,0.3873657141596463,-0.14312291145324707,0.4505467607681643,0.02652961015701294,0.8893248992610788,0.015823817,0.0,0.15202777,0.07980303,0.13264328,0.23706585,0.38263622,0.21999747,0.4033768,2.056832,2.8044677,0.23548281,0.6322459,0.21647345,1.2161226,0.8971082,2.6286044,0.4329469,0.67495114,Medullary_cords,365.3833603217311
TCGTCACACTGTTAGC-1,1,27,19,5813,18548.0,5813,4224.1704,Medium-Low,2,11,0,0,3,6,0,3,4929.162707803425,0.45056120886630463,-0.20728588104248047,0.27172441642136874,0.23620407283306122,0.20888309466939436,-0.04698244109749794,0.8052681973920643,-0.025406455621123314,0.8939836847821799,-0.22237983345985413,0.2375512076224273,0.07544736564159393,0.6919216882075574,0.033845663,0.00052624475,0.26007736,0.020148216,0.1387917,0.012910584,0.5337003,0.30322418,0.49787742,2.130826,2.61745,0.107815675,0.3734555,0.41099742,1.2988249,0.8263748,2.690115,0.29071522,0.53032404,Medullary_cords,476.6686480145301
TCGTCCGCTGGCGTCT-1,1,22,40,5749,18141.0,5749,4286.635,Medium-Low,3,11,0,0,1,5,0,3,3819.678651405115,1.0114042647073518,-0.44200295209884644,0.01446418296800655,-0.02548868954181671,0.8936424636177576,-0.14023244380950928,0.45983919006954244,-0.0045142266899347305,0.9811119429635059,0.36901238560676575,0.04477772077873146,0.2265283465385437,0.2286860329059636,0.12289249,0.0010124334,0.07534931,0.34880948,0.25538406,0.0,0.19655228,0.392659,0.81481266,2.1401677,2.722877,0.2203072,0.65925235,0.2575343,1.5228217,1.3574883,2.1158836,0.18577881,0.3404671,Medullary_cords,238.76766950322232
TCGTCTTAGGCGTTAA-1,1,53,83,5133,20634.0,5133,3366.7266,Medium-High,2,6,5,2,0,4,2,4,1829.8644758560674,0.0,0.020700260996818542,0.9135406087383326,0.17972005903720856,0.3419556052802595,-0.28016170859336853,0.1337386106625638,0.2131495326757431,0.2580900824362213,-0.15496425330638885,0.41354842748600557,0.014193601906299591,0.9406588624182481,0.06590541,0.0,0.30675682,0.07003162,0.197562,0.18133298,0.17841117,0.23353203,0.3142684,2.3410177,2.3535972,0.24698144,0.36700138,0.23289698,1.5388135,0.8561504,3.1718423,0.42200592,0.5385394,Medullary_cords,366.3659372812926
TCGTGTACTATGGATG-1,1,47,77,271,331.0,271,963.2876,Low,5,2,5,1,0,4,1,1,1317.1621008820441,1.0114042647073518,0.09335877001285553,0.6236435075997155,-0.4093523323535919,0.024684569387309317,0.10500931739807129,0.5807764376818703,-0.5588560700416565,0.0013271320505601138,0.17219270765781403,0.3628830603938449,-0.20592404901981354,0.27495644729167845,0.2187566,0.008600016,0.1907256,0.0,0.16577697,0.070284754,0.34585607,0.0,0.0,1.5956585,0.9448212,0.0,0.43009824,0.43009824,1.1469287,0.0,0.8235567,0.0,0.0,B_cell_zone,137.55726080436466
TCGTGTCACGCTGACA-1,1,43,23,2498,5187.0,2498,3331.128,Low,2,7,3,5,3,6,3,5,4514.402396774129,1.2424533248940002,-0.15824629366397858,0.4036037027106855,-0.0626269057393074,0.7423302201330593,-0.2591858208179474,0.16664475583924268,0.020539209246635437,0.9142108123142416,-0.03548817336559296,0.8523069508246754,-0.16215956211090088,0.39192519733575965,0.20862485,0.0,0.45575494,0.28592104,0.0,0.0,0.04969924,0.31638807,0.41430458,2.155942,2.564913,0.19752157,0.13428554,0.40285662,1.5646815,0.9765444,2.2377412,0.53714216,0.17904739,Medullary_cords,138.42326394071193
TCGTTAGGAGTCCCTA-1,1,52,54,4628,12753.0,4628,3975.1843,Low,2,2,0,3,2,7,6,3,2879.12920863236,0.6365141682948128,-0.44115233421325684,0.014676404614675531,-0.07444512844085693,0.695819408791408,-0.000905252993106842,0.9962119936519375,-0.2516598701477051,0.17974620772406846,-0.08469399809837341,0.656335789491325,0.01672154851257801,0.9301135847113358,0.08013686,0.11025062,0.29585364,0.08675437,0.0,0.004888295,0.4221162,0.427349,0.49078506,2.4421036,3.0208485,0.19028011,0.4594056,0.14474124,1.855701,1.0429857,2.4391038,0.49971962,0.47163796,Medullary_cords,0.0
TCGTTCGTTATTATGT-1,1,10,62,4974,14379.0,4974,4072.3137,Low,5,8,4,1,6,3,1,1,3801.1320682133633,0.8675632284814612,-0.2599399983882904,0.16537031267907024,-0.07853064686059952,0.6799794034065196,-0.35840386152267456,0.051798267183293945,0.15718019008636475,0.40681909613016254,0.016386842355132103,0.9315091768610989,0.15875382721424103,0.40207803860538904,0.16416363,0.00029513752,0.09021837,0.39906812,0.22733393,0.0,0.118920736,0.23229024,0.66942626,1.9515435,2.618503,0.17497104,0.2179395,0.3818588,1.5739304,1.2428982,2.032395,0.0,0.08800173,Medullary_cords,137.0
TCGTTGCTATCCGGTC-1,1,54,46,5436,18915.0,5436,3784.5315,Medium-Low,2,2,5,2,5,7,2,4,3468.5403269963576,0.0,0.1942661702632904,0.30363545360358213,-0.16158531606197357,0.3936266962140508,-0.14215806126594543,0.45363737972528995,-0.021043291315436363,0.9121133106342304,-0.3969694674015045,0.029852539781172513,0.2688882648944855,0.15077514522302637,0.027346477,0.07491543,0.2882896,0.08248294,0.28566965,0.0,0.24129592,0.6974212,0.5872839,2.1633368,2.421646,0.19628733,0.6472879,0.10610588,1.3449484,0.71769315,2.9529133,0.46440703,0.4184602,Medullary_cords,600.4839714763417
TCGTTGGCTCGTCAAT-1,1,9,31,5799,18425.0,5799,4258.172,Medium-Low,3,8,2,0,1,5,5,6,5240.2213693698095,0.0,-0.36036527156829834,0.05043860034516172,-0.23180948197841644,0.2177264404528169,0.15121732652187347,0.42506754685034426,0.01674627885222435,0.9300104769960652,-0.10437855124473572,0.5830635419484009,0.14652679860591888,0.4397339581547168,0.00927585,0.0,0.043394066,0.54273015,0.28462854,0.0,0.11997141,0.26364335,1.1141951,1.2528484,2.4142776,0.108390145,0.5659525,0.21678029,0.8268634,1.7236875,1.7382939,0.108390145,0.4593594,Medullary_cords,498.7604635493876
TCGTTTACGCGACCCT-1,1,70,94,3724,10186.0,3724,3539.0935,Low,2,6,5,2,2,1,3,4,3855.2759953082477,0.0,0.043378546833992004,0.81995313178842,-0.072175994515419,0.7046720995080896,-0.04175562411546707,0.826585973713467,-0.046048879623413086,0.809066203434311,-0.6375026702880859,0.00015123892100936208,0.25126975774765015,0.18044449366343412,0.062373217,0.0,0.12907593,0.12675479,0.5639761,0.0,0.11781998,0.13581178,0.39345926,2.1064105,2.486102,0.1710181,0.25709045,0.6639625,1.4523847,0.8666569,2.6296139,0.1710181,0.29509443,Medullary_cords,239.26763257908496
TCTAAAGAACAGTCTC-1,1,52,10,8747,48264.0,8747,4421.9297,High,3,7,0,0,3,0,0,3,5624.884443257479,0.6365141682948128,-0.4151495695114136,0.022530362390321478,-0.05113418027758598,0.7884313652627895,-0.10852953046560287,0.5680860031552111,-0.10893718153238297,0.5666245571884343,-0.00026859063655138016,0.9988760862002759,-0.13145071268081665,0.48868261299953586,0.023864824,0.06800448,0.2322598,0.32366037,0.26374304,0.0,0.08846753,0.34714139,0.7908716,1.7414854,2.505421,0.25950816,0.42061603,0.50428885,1.0421791,1.3942819,2.649674,0.2887755,0.32236183,Medullary_cords,365.0
TCTAACTGTATGTAAA-1,1,27,11,5147,17662.0,5147,3825.795,Medium-Low,5,11,0,5,3,6,3,5,5460.972898669247,1.0986122886681096,0.06531236320734024,0.7316763670242341,0.4014819860458374,0.027876070127189363,-0.20061826705932617,0.28778432300885587,-0.013731783255934715,0.9425864443152515,-0.4415991008281708,0.014564619316532301,-0.3867325782775879,0.03475982262056618,0.12637383,0.0,0.034981515,0.33248138,0.4691082,0.0,0.037055,0.23625094,0.7335404,2.155294,2.8167148,0.056080528,0.4788033,0.39612463,1.568471,1.3373379,2.4180176,0.0,0.2916592,Medullary_cords,276.3494165001982
TCTAATACTGCCTCAG-1,1,57,25,6123,21997.0,6123,4093.6301,Medium-High,2,1,5,3,5,0,6,4,4897.747441426518,0.45056120886630463,-0.26729992032051086,0.15329558083341804,-0.22375477850437164,0.23458796876983531,0.07541690021753311,0.6920400558381569,0.2310975193977356,0.21918272316083318,-0.46462157368659973,0.009689323763829569,-0.002872495912015438,0.9879805066350955,0.05547827,0.0025924116,0.24962734,0.08257242,0.13325946,0.0273349,0.44913524,0.27254024,0.5039201,2.2920847,2.8563228,0.17452052,0.30219904,0.25535703,1.7089376,0.74168646,2.4710581,0.8815364,0.5136964,Medullary_cords,138.00362314084367
TCTACACGTTCATGCA-1,1,5,93,5763,19634.0,5763,4002.1848,Medium-Low,2,12,0,2,6,3,0,4,3967.1695199474398,1.2424533248940002,-0.06687264144420624,0.7255086128388871,0.21150586009025574,0.2618658963717368,-0.4566647708415985,0.011189186449346598,-0.1661592721939087,0.38019149648160167,-0.22048746049404144,0.2416702955497709,-0.17618924379348755,0.3516793260977552,0.045390908,0.0,0.17743649,0.20902008,0.21630925,0.0,0.3518433,0.2188497,0.7147139,2.0654721,2.5765693,0.10291919,0.68471825,0.33478022,1.2776282,0.89087796,2.7134528,0.10291919,0.59310544,Medullary_cords,137.55726080436466
TCTACCCAATAGAGAG-1,1,56,106,6318,22448.0,6318,4264.488,Medium-High,1,10,7,0,0,4,0,3,2487.0532764699674,1.0986122886681096,0.23261800408363342,0.21608063968789618,0.20049500465393066,0.288086796638919,0.3590638041496277,0.051337592473126054,0.23441389203071594,0.21245533329139063,-0.03867846727371216,0.8391940433469218,-0.1951645463705063,0.3013609812520146,0.08716208,0.08078442,0.24141812,0.20396037,0.11640354,0.0,0.27027148,0.41009685,0.5944505,2.1932368,2.844284,0.09211276,0.33785534,0.4853635,1.7957485,1.2078693,2.376262,0.39638704,0.455881,Medullary_cords,137.92751719653333
TCTACCGTCCACAAGC-1,1,27,67,4759,12601.0,4759,4159.8955,Low,3,3,0,0,4,2,5,6,1956.0667166536014,0.45056120886630463,-0.598271369934082,0.0004793830874178969,-0.027405057102441788,0.8856960878483536,-0.13234876096248627,0.48569135589010004,-0.20201227068901062,0.2843776761599527,0.022493042051792145,0.9060841243334261,-0.09661323577165604,0.6115389679570852,0.13266045,0.00147493,0.104133844,0.40279672,0.030540042,0.0,0.328394,0.17861986,0.75386673,2.1337337,2.720811,0.21908173,0.5350824,0.3441108,1.4250326,1.4707978,2.0972562,0.43816346,0.19473933,Medullary_cords,238.90793205751876
TCTACGCACGATCTCC-1,1,75,29,6190,21115.0,6190,4283.673,Medium-High,5,4,4,1,5,0,1,1,6011.144982447187,0.8675632284814612,-0.12825962901115417,0.49938704854629345,0.04376201331615448,0.8183876732816601,0.13486208021640778,0.47736993386205145,-0.1709803342819214,0.3663230590159075,-0.2444024235010147,0.1930498283184516,0.19211044907569885,0.30913706535734903,0.066517495,0.076749526,0.106333874,0.16703965,0.25754052,0.035004687,0.2908143,0.24229026,0.62384206,2.152188,2.881706,0.09693419,0.8338674,0.54067063,1.810691,1.1813129,2.1714778,0.0,0.46082777,Medullary_cords,137.0
TCTAGCAATCTCCGCC-1,1,46,30,5310,16180.0,5310,4143.6426,Medium-Low,3,9,2,0,3,6,0,6,4105.742807337059,0.0,-0.11385920643806458,0.5491149084016045,-0.0357620045542717,0.8511798696090562,-0.06215464696288109,0.74420868175239,-0.06054025515913963,0.7506409164368483,0.007022641599178314,0.9706201232531876,0.24168813228607178,0.1981966561101343,0.00843583,0.0011048001,0.119472966,0.45671454,0.34135944,0.00011436145,0.07279811,0.29426706,0.86918676,1.5546329,2.586245,0.28106186,0.72937405,0.0,1.0472422,1.6392746,2.6621366,0.0,0.6034712,Medullary_cords,238.76766950322232
TCTAGCATCTTCGATG-1,1,23,43,5546,15938.0,5546,4363.3755,Medium-Low,1,3,0,3,1,5,7,3,3580.9111968883003,0.6365141682948128,-0.38751715421676636,0.03436206673597973,-0.28683632612228394,0.12434020971141255,-0.009081922471523285,0.9620103883180254,0.0848836600780487,0.6556132073011283,0.11862923949956894,0.5323906932501494,0.18661154806613922,0.3234507692171133,0.09143542,0.0005706131,0.0,0.03813282,0.34093964,0.021703824,0.5072177,0.40913278,0.44276184,2.2992747,2.8577385,0.22338685,0.4573463,0.4718916,1.9257138,1.0131423,1.6785424,0.70028174,0.58827263,B_cell_zone,0.0
TCTAGCATGCCCAGAA-1,1,48,66,4088,10272.0,4088,3869.8452,Low,2,2,5,2,0,7,2,4,1930.7835197142117,0.0,-0.07877834886312485,0.6790232332420797,-0.011345725506544113,0.9525504242362592,0.05614795163273811,0.7682231836216034,0.06737067550420761,0.7235434095015011,0.20290963351726532,0.2821984186650041,-0.1321675330400467,0.48629424211747707,0.053200483,0.13729632,0.35803583,0.22943778,0.0,0.0,0.22202955,0.25575668,0.45467854,2.2050672,2.7036104,0.13510019,0.36845803,0.25493208,1.2974486,1.1169125,2.9526148,0.50986415,0.4543121,Medullary_cords,365.7608508301565
TCTAGGTGGCGACGCT-1,1,29,99,5913,18419.0,5913,4373.4385,Medium-Low,5,0,4,1,0,2,1,1,1317.7347988119614,1.0114042647073518,-0.2432057410478592,0.1953074103887538,0.23749355971813202,0.206335600767243,-0.4140939712524414,0.022910677178358062,-0.13415054976940155,0.4797182485700853,-0.12091781944036484,0.5244542336062632,0.06807608157396317,0.7207628810246223,0.06323145,0.13712975,0.065005116,0.22581047,0.22073771,0.19810866,0.08997682,0.23617849,0.75156426,2.0752218,2.8408015,0.1208137,0.4851622,0.5320153,1.455159,0.91641676,2.0826304,0.29221117,0.33936587,Medullary_cords,138.42326394071193
TCTAGTGATATCGTGG-1,1,44,98,5257,15835.0,5257,4126.182,Low,2,10,0,2,0,4,0,3,995.0824086476456,1.0114042647073518,-0.2834494411945343,0.12904638287922432,-0.20868608355522156,0.2684270658571652,-0.1323900669813156,0.48555399775099356,-0.01624021679162979,0.9321206103527063,-0.011776510626077652,0.9507509393295411,0.01089240238070488,0.9544443022055987,0.11892896,0.0,0.5403841,0.2680584,0.047025826,0.02560271,0.0,0.5379691,0.5342453,2.2631767,2.8637152,0.2244752,0.63650876,0.54122716,1.4180701,0.8639481,2.6595435,0.24476597,0.37321457,Medullary_cords,364.3295211755424
TCTATCATGCAGTTAC-1,1,18,40,6738,24429.0,6738,4427.3843,Medium-High,3,11,2,0,1,5,5,6,4080.915215977906,0.0,-0.41894176602363586,0.021206614590671333,0.01294492557644844,0.9458714310511843,-0.06812188774347305,0.7205824451127578,0.2748260498046875,0.14161721925763127,0.2264578640460968,0.22883476490993082,0.32945021986961365,0.07543558527257174,0.03546606,0.06814545,0.11122714,0.46011448,0.3022266,0.010517582,0.012302688,0.33980748,0.86335844,1.6678524,2.4459379,0.20702463,0.7244854,0.41025648,1.0811568,1.6101884,2.110521,0.17158197,0.3051143,Medullary_cords,497.1810535408605
TCTATCCGATTGCACA-1,1,73,85,3601,8078.0,3601,3865.2847,Low,5,6,7,1,2,1,1,1,4197.57846859353,1.3296613488547582,-0.10081105679273605,0.5960730192504402,-0.03247804939746857,0.864714860982788,-0.0677897036075592,0.7218912904984487,-0.025890255346894264,0.891976476145476,0.06320026516914368,0.740051568753285,0.330948144197464,0.07403810723836325,0.2000144,0.0,0.15511125,0.019667294,0.0,0.625207,0.0,0.15573025,0.26851714,2.1763659,2.9656763,0.20138785,0.3571181,0.30208176,2.0204964,0.7580274,2.1253686,0.20138785,0.61041605,Medullary_cords,0.0
TCTATCGGTCGCAACA-1,1,22,64,5409,15589.0,5409,4263.384,Low,1,3,0,3,4,2,0,3,2529.4426263507144,0.6365141682948128,-0.5593734979629517,0.001310568971198757,-0.16064324975013733,0.3964271897060435,0.18553423881530762,0.3263020644525227,-0.06926043331623077,0.7161023276950371,0.07077734917402267,0.7101476914486468,0.22463750839233398,0.23269863606657076,0.029781483,0.07140086,0.10961175,0.12156605,0.23972133,0.19738041,0.23053811,0.20636776,0.35773778,2.0778458,2.8118198,0.12389925,0.6336126,0.3860106,1.2375565,0.92561996,2.4329398,0.0,0.5422512,Medullary_cords,137.92751719653333
TCTATGCTATAACGAC-1,1,64,94,6232,24150.0,6232,4020.6672,Medium-High,1,6,3,5,2,1,3,5,3142.3298681074207,0.6365141682948128,0.14809410274028778,0.43480301989564885,-0.29415759444236755,0.11460134853850587,0.057932235300540924,0.7610666003605865,-0.16739389300346375,0.37661123406761365,-0.43517953157424927,0.01624077638303305,0.1627442091703415,0.3901972211516401,0.038978446,0.0,0.0073188525,0.1115433,0.3961957,0.12109393,0.32486978,0.28006434,0.41518354,2.228736,2.820946,0.086619556,0.4676861,0.2374467,1.4829826,0.8456502,2.3807263,0.0,0.6201957,Medullary_cords,138.42326394071193
TCTATTACGCTGGCGA-1,1,14,34,6266,21770.0,6266,4294.8457,Medium-High,3,11,0,0,1,5,0,3,4698.553075149838,1.0114042647073518,-0.5071542859077454,0.004231364083962386,-0.3049081563949585,0.10134480361595274,-0.015672650188207626,0.9344877359316407,0.3897758722305298,0.03323744401939768,-0.19083896279335022,0.31241102692046324,0.26678505539894104,0.15411904633755372,0.07305745,0.0020912278,0.19383828,0.23931322,0.24394563,0.009846479,0.2379078,0.36291352,0.7648848,2.0413141,2.6514797,0.22485802,0.33886445,0.22320178,1.3998601,1.1854496,2.4219103,0.1889948,0.4334264,Medullary_cords,138.0
TCTATTACTAGAGGAT-1,1,41,15,6320,23151.0,6320,4135.1724,Medium-High,1,7,3,6,3,6,7,5,5037.753467568654,0.6931471805599453,-0.4142707288265228,0.02284662961409561,0.15707126259803772,0.40714843521894306,-0.21889916062355042,0.24516397196450418,0.1614156812429428,0.39413013420554327,-0.15397246181964874,0.41658034328773047,-0.06213868409395218,0.744272201042828,0.05748491,0.05748805,0.073278435,0.06371809,0.3631364,0.16481632,0.22007783,0.46982828,0.35242355,2.253124,2.9157653,0.3612503,0.42988306,0.3942053,1.7422742,0.6937645,2.4522827,0.08976199,0.6386544,Medullary_cords,138.42326394071193
TCTCAAATCAATCGGG-1,1,71,89,5256,15574.0,5256,4283.545,Low,4,6,1,4,2,1,4,7,3953.7893216508137,0.45056120886630463,-0.010309732519090176,0.95687891633345,-0.07258568704128265,0.7030709050634912,0.0759589672088623,0.6899350220679322,0.030533451586961746,0.8727475956729748,-0.3116031885147095,0.09369364190457034,0.4185161888599396,0.02135190484081592,0.34842196,0.0,0.20689577,0.28057265,0.022774396,0.043313786,0.09802147,0.22725566,0.4075536,2.2445154,2.5410194,0.16525584,0.3305117,0.96435374,2.0302236,0.6772995,1.973918,0.0,0.24799924,B_cell_zone,0.0
TCTCATGAGATAGGGT-1,1,49,87,4764,12416.0,4764,4212.7856,Low,5,10,4,1,0,4,1,1,1319.601833887783,1.0114042647073518,-0.061413951218128204,0.7471577771908547,0.13409686088562012,0.4798956831491614,0.3073376417160034,0.09851584316422271,0.03655662387609482,0.8479108737091573,-0.06360697001218796,0.7384365429458742,-0.45971521735191345,0.010592659269960066,0.23878828,0.0017589497,0.15105674,0.26211855,0.30005613,0.0,0.0462214,0.1938176,0.58786905,2.4100392,2.9295557,0.07385312,0.34152383,0.3876352,1.8000667,0.93150616,2.1561618,0.14770624,0.19694166,Medullary_cords,137.92751719653333
TCTCCAACGTAGGTTA-1,1,20,78,5523,17580.0,5523,4131.5312,Medium-Low,2,5,0,2,4,2,8,3,2262.7339658033156,0.6365141682948128,-0.25013989210128784,0.18247764807351458,0.10611359775066376,0.576782002962889,-0.1703430563211441,0.36813895865530966,0.23804889619350433,0.20524508257058205,-0.08089453727006912,0.6708744281800962,-0.08635455369949341,0.6500197186418119,0.023487614,0.08058196,0.3879491,0.17197603,0.0,0.0,0.33600524,0.31720042,0.7240522,2.0024977,2.4916403,0.0,1.0906829,0.5100991,1.3048592,1.1198043,2.7818484,0.8128911,0.27281046,Medullary_cords,276.0018115882575
TCTCCACAAGTTGAAT-1,1,61,93,6316,22609.0,6316,4204.7676,Medium-High,1,6,3,6,2,1,7,5,2776.277543762511,0.6365141682948128,-0.061757005751132965,0.7457914606147535,-0.08334632217884064,0.6614789442411907,0.10109363496303558,0.5950380036766594,-0.14029404520988464,0.45964009939929906,-0.17282511293888092,0.3610962810661183,0.04019142687320709,0.832989900089927,0.0190355,0.11170291,0.10263981,0.10886368,0.14188623,0.12831847,0.38755345,0.3461268,0.53250504,2.2205462,2.895365,0.091560066,0.42451012,0.37498412,1.6312964,0.70063674,2.1905725,0.18312013,0.8771545,Medullary_cords,137.92751719653333
TCTCCCTGGGCAGCGT-1,1,54,80,4436,12565.0,4436,3830.9277,Low,2,6,5,2,2,4,2,4,1994.2015946237732,0.0,-0.03712589666247368,0.8455704505859363,0.06979373097419739,0.7140069919066004,-0.4544360935688019,0.011642615074358535,0.009338093921542168,0.9609396236233083,0.18750707805156708,0.32109230664157257,-0.038198769092559814,0.8411631180990566,0.008327713,0.0025659057,0.23706989,0.045312956,0.08250887,0.3129317,0.311283,0.27384698,0.40980807,2.1423361,2.575098,0.2654116,0.8768085,0.14637122,1.3778749,0.7313471,2.729792,0.45140052,0.75931644,Medullary_cords,477.31017169132275
TCTCGAACGAGGTCAC-1,1,12,94,6261,22132.0,6261,4343.833,Medium-High,5,12,7,7,4,3,8,2,3141.3470040732527,1.3296613488547582,-0.3081531524658203,0.09757972609959653,-0.19842246174812317,0.29320294634318395,0.20032262802124023,0.28851013138641346,-0.09356601536273956,0.6228697715324788,-0.20734141767024994,0.27159313563920623,-0.10675957798957825,0.5744510358595454,0.18126822,0.0,0.036723085,0.23807333,0.3194393,0.0038333808,0.22066268,0.31761068,0.6364026,2.1582537,2.82668,0.046603486,1.733109,0.31464356,2.101291,1.0878834,1.9259673,0.0,0.23157313,B_cell_zone,0.0
TCTCGACGTATCGCCG-1,1,45,113,4726,14445.0,4726,3783.5276,Low,2,10,5,2,0,4,2,4,1914.6681174553464,0.0,-0.03448536619544029,0.8564368941941232,0.16481514275074005,0.3841117098545031,0.039263904094696045,0.8367922202833795,0.34409934282302856,0.06261109488754166,0.1304507851600647,0.492024221617309,-0.09582001715898514,0.6144801672708966,0.09958549,0.0020743068,0.23218036,0.26989394,0.080144726,0.0,0.31612113,0.39319673,0.6320796,2.288969,2.4971013,0.10863196,0.7727453,0.34879035,1.5834503,1.120913,2.8713756,0.26305285,0.41985208,Medullary_cords,276.4814641164937
TCTCGAGGAGGTTCGC-1,1,52,112,6963,27521.0,6963,4263.935,High,1,10,5,3,0,4,7,3,2353.9891673497564,0.5623351446188083,0.3124077320098877,0.09280452150210576,-0.11270371079444885,0.5532027127449969,0.18872928619384766,0.31789069017820326,-0.08333433419466019,0.6615247624274706,0.11044496297836304,0.5612339639172363,-0.15947572886943817,0.39991361963265154,0.07989511,0.06490248,0.22043212,0.19515564,0.105030656,0.0268199,0.30776405,0.16965231,0.5338965,2.2129452,2.9164958,0.0,0.5502629,0.22327377,1.6438527,0.9971114,2.625115,0.18431439,0.6299032,Medullary_cords,137.92751719653333
TCTCGGCTCCAGGACT-1,1,13,23,6465,23417.0,6465,4310.8647,Medium-High,3,11,0,3,1,5,0,3,5383.089261752957,1.3296613488547582,-0.7546588182449341,1.4516172105652627e-06,0.0861150473356247,0.6509292497362613,0.22625695168972015,0.22925908687783536,-0.2039024978876114,0.2797997420479403,-0.516185462474823,0.0035002365851523084,0.0389845110476017,0.8379382849382679,0.054102395,0.00032239067,0.07165568,0.24184139,0.23784108,0.019889249,0.37434784,0.43589512,0.6075597,1.9474053,2.9009233,0.26446825,0.5480554,0.49678966,1.4047427,1.1470647,1.9858984,0.17780764,0.5002156,Medullary_cords,138.92443989449805
TCTCTAATAGCTGGTA-1,1,20,52,5796,17062.0,5796,4424.2334,Medium-Low,3,3,4,1,1,5,0,3,3284.476975105778,1.3296613488547582,-0.36395543813705444,0.04802318472762861,0.04407399147748947,0.817114562243562,0.03838410601019859,0.8404022313689463,0.07610641419887543,0.6893628256913276,-0.02258245274424553,0.9057124494634561,0.07939767837524414,0.6766346586064628,0.07143322,0.16662614,0.13800393,0.20330861,0.12868406,0.011724026,0.28021994,0.2872466,0.8069542,2.0763247,2.8267002,0.246146,0.8154446,0.17299503,1.8336542,1.2338754,2.000813,0.0,0.38191524,Medullary_cords,0.0
TCTCTTACCGCGAACC-1,1,65,43,5124,14383.0,5124,4194.9536,Low,1,4,4,1,5,0,0,3,4478.6899870386205,1.3296613488547582,-0.17673824727535248,0.3501566278045007,0.16718852519989014,0.37720541041523337,0.11488611996173859,0.5454938558749971,-0.2638676166534424,0.1588452103503591,-0.2692877948284149,0.15014588489287586,-0.13564997911453247,0.4747765292689544,0.08062253,0.0,0.100141816,0.13702229,0.05532924,0.3915633,0.23532084,0.42824954,0.7742281,2.0792208,2.830471,0.48925626,0.5820691,0.3068791,1.6644913,1.1756334,2.1412141,0.1319598,0.65742517,Medullary_cords,137.0
TCTGAACCGGTCGGCT-1,1,21,37,5996,19473.0,5996,4335.5244,Medium-Low,3,11,0,0,1,5,0,3,4057.579820533417,1.0114042647073518,-0.6433811187744141,0.00012548600237055347,0.19513832032680511,0.30142722692288787,0.01600499451160431,0.9331015740641808,0.006600826978683472,0.9723841365119414,0.31659260392189026,0.08828259636560512,0.3413642942905426,0.0648660121685309,0.09063178,0.00357716,0.13127054,0.28852677,0.33208662,0.00620486,0.14770237,0.30793795,0.69640356,2.0259874,2.90398,0.4325059,0.49913126,0.24376023,1.3339596,1.038824,2.2217455,0.20724028,0.5055675,Medullary_cords,365.57078657901536
TCTGAACTCGTACCCG-1,1,47,95,5898,18291.0,5898,4387.431,Medium-Low,3,10,0,3,0,4,0,3,1181.1663727011535,1.0114042647073518,-0.3512609601020813,0.0569963111174927,0.06586471199989319,0.7294910441182919,0.15142709016799927,0.42441803236557984,-0.020695919170975685,0.9135586761282533,-0.1416134536266327,0.4553868512985929,0.12198034673929214,0.5207891281314017,0.075738944,0.0019236299,0.0033412874,0.22372848,0.25016224,0.22542992,0.21967551,0.38608623,0.777626,2.1214905,2.9616406,0.054521658,0.80549985,0.28492796,1.6831015,1.1915089,1.8258164,0.109043315,0.48080054,Medullary_cords,138.0
TCTGAAGCACGTGGTC-1,1,56,84,5621,17043.0,5621,4268.6436,Medium-Low,3,6,2,0,2,1,5,6,2173.832790257797,0.6365141682948128,-0.02379809319972992,0.9006610740141952,0.20310109853744507,0.2817348327653948,-0.059101611375808716,0.7563867702106667,0.05325967073440552,0.7798472353919854,-0.20155535638332367,0.2854914229790763,0.1941293179988861,0.30398287430074405,0.03836662,0.0,0.10152984,0.30129647,0.19041763,0.31958386,0.048805542,0.43664354,0.97276926,1.8353286,2.4799845,0.057713788,0.8126255,0.2480598,1.1615694,1.4690461,2.191618,0.115427576,0.5049689,Medullary_cords,551.0009074402691
TCTGAATTCCGTACAA-1,1,34,94,6455,22187.0,6455,4404.0293,Medium-High,3,0,2,0,0,2,5,6,632.5693637855061,0.0,0.3780987560749054,0.03938711631867192,-0.29851657152175903,0.10907912967434694,-0.21972347795963287,0.24334661968288712,-0.21608966588974,0.2514254772502429,0.029169166460633278,0.8783906380734755,0.032197270542383194,0.8658739040267409,0.041558236,0.0036835594,0.14140025,0.37534675,0.03964579,0.34102684,0.057338584,0.22455814,0.94164,1.516214,2.4706783,0.19994338,0.53160733,0.3360098,0.87008774,1.6121356,2.006349,0.18604207,0.27623016,Medullary_cords,600.4839714763417
TCTGAGCAATTGACTG-1,1,54,112,5411,17547.0,5411,4045.7874,Medium-Low,1,10,3,5,0,4,3,5,2530.8532158147773,0.0,-0.007173458114266396,0.9699894466722568,-0.07131314277648926,0.708048410286932,0.24791504442691803,0.18652799803730097,-0.1876484453678131,0.32072097543091316,-0.12314048409461975,0.5168016199806978,-0.03907858580350876,0.8375523557686226,0.063830994,0.0,0.062995814,0.16773185,0.38936147,0.0,0.31607985,0.30952024,0.7355434,2.0666647,2.7709932,0.20784149,0.3739702,0.4333468,1.4149951,1.1700518,2.5572,0.52843565,0.27712196,Medullary_cords,138.42326394071193
TCTGATCGGGTGCTAG-1,1,34,118,6248,21205.0,6248,4294.453,Medium-High,1,0,0,3,0,4,0,3,2119.9886792150564,1.2424533248940002,-0.04666077345609665,0.8065763513894243,-0.3375054895877838,0.06815449811817616,0.1713392436504364,0.3653026892110748,-0.1279730498790741,0.5003540973226078,-0.08209136128425598,0.6662818937050035,0.1023118793964386,0.5905847778710859,0.05369494,0.0015018905,0.1287156,0.15059914,0.11673269,0.028233014,0.52052265,0.58273804,0.3314595,2.057499,2.8051174,0.28977868,0.6167098,0.3033927,1.531356,1.079986,2.0392978,0.09659289,0.5474198,Medullary_cords,238.40302011509837
TCTGATGTATTCTGTC-1,1,51,83,5289,16135.0,5289,4091.2014,Medium-Low,2,10,5,3,0,4,6,4,1594.6673634335154,0.0,0.1373070478439331,0.46934616472647334,-0.0019221194088459015,0.9919570441986826,0.2245255708694458,0.23293765259818902,-0.04263029247522354,0.8230097438658135,-0.020299986004829407,0.9152064264184628,-0.12377254664897919,0.5146354688960496,0.059380714,0.00644115,0.46251217,0.07029206,0.0,0.021965904,0.3794079,0.25662997,0.5598222,2.188304,2.7771456,0.29239208,0.5695144,0.16106947,1.4344585,0.80941224,2.3646116,0.8614414,0.4905955,Medullary_cords,137.92751719653333
TCTGCATACCTTGCTT-1,1,61,99,5193,18458.0,5193,3750.9402,Medium-Low,2,13,3,5,7,1,3,5,2857.044801888833,0.6365141682948128,-0.19503134489059448,0.3016975364361472,0.06398311257362366,0.7369438503756706,-0.2651010751724243,0.15683455632611254,-0.06681907176971436,0.725720096638275,0.014314367435872555,0.9401548537097686,-0.26025518774986267,0.16483975091792996,0.03892097,0.0,0.21455345,0.17283943,0.19177304,0.0,0.38191316,0.21795675,0.61304593,2.0517738,2.701081,0.05411643,0.4954078,0.19999146,1.5312724,0.98548675,2.7739067,0.10823286,0.40555623,Medullary_cords,477.31017169132275
TCTGCCAGAAACTGCA-1,1,41,79,5348,15173.0,5348,4326.5454,Low,5,2,4,1,0,4,1,1,715.7129312790149,0.6365141682948128,-0.12408550083637238,0.5135645925264358,-0.014369843527674675,0.9399233346852351,0.2668740451335907,0.15397649116610806,0.15538448095321655,0.41226752227243535,-0.5442903637886047,0.0018746064358528124,-0.0629442036151886,0.7410689462323616,0.18302166,0.0043694177,0.046567798,0.14283931,0.0,0.29145154,0.3317503,0.18984541,0.45707858,2.5457883,2.8918936,0.063281804,0.3680315,0.38949996,2.2531924,0.93985987,2.1499808,0.0,0.44900522,B_cell_zone,0.0
TCTGCGTCCGGTTTCT-1,1,15,23,6637,24705.0,6637,4328.856,Medium-High,3,11,2,0,1,5,5,6,5254.416903900946,0.8675632284814613,-0.6697853207588196,5.159394881577264e-05,-0.15077868103981018,0.42642754574106717,0.12754520773887634,0.501799576931398,-0.03186884522438049,0.8672299755525155,-0.5358580350875854,0.0022736236244804285,0.08499917387962341,0.6551732671713484,0.07681504,0.0,0.0980614,0.3673453,0.31435177,0.0,0.14342651,0.32948843,0.8428765,1.7471354,2.7013621,0.2757331,0.78650284,0.28017873,1.1565986,1.4479805,2.0626526,0.0,0.2737729,Medullary_cords,137.92751719653333
TCTGGGAACCTTTGAA-1,1,40,98,4678,12337.0,4678,4083.546,Low,3,10,2,0,0,4,5,6,728.9478719359842,0.8675632284814613,-0.4279671907424927,0.018311861889648225,0.039242688566446304,0.8368792344969457,-0.5029155015945435,0.004617322454559963,0.011016671545803547,0.9539251100841784,0.28850361704826355,0.12207049649450413,-0.07651497423648834,0.6877782079633953,0.07480349,0.0026288896,0.12594144,0.33291328,0.15040407,0.010295397,0.3030134,0.2025103,1.1266384,1.7799801,2.457797,0.3893559,0.5918662,0.3431065,1.0964165,1.0863391,2.1911557,0.0,0.4650995,Medullary_cords,365.0986168146902
TCTGGGTAGCGCTCAT-1,1,40,36,4653,14190.0,4653,3794.365,Low,2,9,3,3,3,6,0,3,3587.651320850453,0.45056120886630463,-0.2965969443321228,0.11148598801398485,-0.15064963698387146,0.4268280966306759,0.05531294271349907,0.7715787861471107,0.10873216390609741,0.5673593408315293,0.0641685500741005,0.7362083007832831,0.4055632948875427,0.026181536891298537,0.02060646,0.0,0.13502228,0.13778566,0.22433218,0.2119781,0.2702753,0.20867997,0.3117165,1.9209707,2.8770773,0.13335773,0.48403883,0.2000366,1.1678046,0.9761958,2.2917202,0.13335773,0.55647993,Medullary_cords,238.76766950322232
TCTGTCATACAAGAGC-1,1,10,44,6250,21120.0,6250,4340.546,Medium-High,1,8,0,3,1,5,0,3,4518.748167357858,1.0114042647073518,-0.1899566948413849,0.31469542618371266,0.17010357975959778,0.36882270487555613,-0.11387158185243607,0.5490712041857824,-0.18347951769828796,0.3317829079228483,-0.008902771398425102,0.9627592560482212,-0.013622239232063293,0.9430437164572878,0.050963942,0.0034891635,0.2225906,0.041882623,0.18240131,0.010747386,0.487925,0.32070804,0.536627,2.1542401,2.7795498,0.32551673,0.6373228,0.46369836,1.3481561,0.8303913,2.1504307,0.16656853,0.5193862,Medullary_cords,689.0029027515051
TCTGTGACTGACCGTT-1,1,3,23,6232,21564.0,6232,4343.037,Medium-High,0,8,7,4,1,5,4,0,6130.825148379295,0.9556998911125343,-0.5243725180625916,0.0029340386802831912,-0.2959992289543152,0.11224343788507257,0.10095927119255066,0.5955300489932495,0.0016651423647999763,0.9930323163690705,-0.33470746874809265,0.07061892114769634,0.1648530215024948,0.3840009157251944,0.14636229,0.1901478,0.053897396,0.3531055,0.25648704,0.0,0.0,0.095251665,0.7331315,2.0997286,2.7610056,0.1772806,0.34281898,0.5829324,1.9594586,1.1537939,1.9306034,0.095251665,0.17287302,B_cell_zone,0.0
TCTGTGATGGAGGTTG-1,1,6,114,6882,27472.0,6882,4332.6943,High,5,12,4,1,4,3,1,1,4230.192667007024,0.45056120886630463,0.28271040320396423,0.13009044711816875,0.3129746615886688,0.09218184871510614,-0.32548052072525024,0.07923754556268241,-0.03415684029459953,0.8577907034531049,-0.23244787752628326,0.21642623832281158,-0.08281590044498444,0.6635073656572075,0.11397671,0.16483715,0.10014846,0.098596685,0.052094713,0.17984903,0.29049727,0.20868836,0.56569123,2.3834965,2.8512826,0.18479273,0.49247485,0.53512377,2.0534682,0.89822036,1.7836219,0.21436238,0.28581652,B_cell_zone,0.0
TCTGTGCCATCATAGT-1,1,32,80,5246,14372.0,5246,4329.998,Low,0,0,7,4,4,2,4,0,904.8718141261778,1.0114042647073518,0.06032904237508774,0.7514836769552954,0.26982319355010986,0.14930560177539037,-0.2287065088748932,0.22412172542485254,0.363925963640213,0.04804263380097931,0.028336597606539726,0.8818372518143408,-0.14160628616809845,0.45540989960683315,0.040102426,0.0,0.08602513,0.19943626,0.41732332,0.05024348,0.2068694,0.19806811,0.5061321,1.9421351,2.9044325,0.20694444,0.76764756,0.50767744,1.5599505,0.91618264,1.9148586,0.0,0.54316384,Medullary_cords,137.92751719653333
TCTGTGGCTACATTTC-1,1,3,47,4700,13394.0,4700,4018.8174,Low,3,8,2,0,1,5,5,6,5053.162277227993,0.0,-0.07019451260566711,0.7124336535779088,-0.11090715229511261,0.5595862635739398,0.21037423610687256,0.26448630403627454,-0.07938341051340103,0.6766896511354838,0.0795988216996193,0.6758595667520602,-0.049927983433008194,0.7933136755390365,0.06344436,0.0,0.03733653,0.476397,0.0609369,0.28561932,0.076265894,0.19432029,0.9107099,1.5631068,2.5206347,0.13941818,0.5804399,0.46274164,0.9705007,1.5784732,1.7539166,0.0,0.33815247,Medullary_cords,688.0029069706028
TCTGTTACCCAGCATA-1,1,51,35,5574,16564.0,5574,4255.3745,Medium-Low,2,9,0,3,5,0,6,3,3966.2440671244626,0.45056120886630463,-0.1426924467086792,0.4519242354550318,-0.3438529372215271,0.06281169835669449,0.08778683096170425,0.6445909322912459,-0.06982360780239105,0.7138896654466482,-0.04676743969321251,0.8061425055789886,0.242407888174057,0.1968227132367584,0.04586718,0.08874085,0.16559215,0.19564734,0.19370228,0.017014764,0.29343542,0.4787523,0.66685236,2.2770998,2.941147,0.21707019,0.4865963,0.11808699,1.3447421,1.1109028,2.2974904,0.5140198,0.59397626,Medullary_cords,239.77072381756702
TCTTACAGAGGTACCG-1,1,15,45,5622,19712.0,5622,3923.0242,Medium-Low,2,8,0,2,1,5,2,4,4042.6680546391635,0.0,-0.0787649005651474,0.6790751333507355,-0.03872682526707649,0.8389955950646224,-0.15137511491775513,0.42457891797999936,-0.21065260469913483,0.2638401304594497,-0.2888611853122711,0.12158774438198093,-0.026000546291470528,0.8915189875477122,0.03468735,0.0,0.25115266,0.14516905,0.17895754,0.17332871,0.21670474,0.41173506,0.65426177,2.1086805,2.5943203,0.1538841,0.3933436,0.19014902,1.4851102,1.1144935,2.8831308,0.5390382,0.52384406,Medullary_cords,630.1468082915283
TCTTACCGGAACTCGT-1,1,21,91,7233,28056.0,7233,4494.8066,High,1,5,3,6,4,2,7,5,2045.9960899278376,1.0114042647073518,-0.59813392162323,0.00048119897008206433,-0.3157973289489746,0.0891287376464285,0.065468430519104,0.731058690023317,0.5218198299407959,0.0031014287557513754,0.03566738963127136,0.8515692695065371,0.0891643613576889,0.639386496067671,0.03691112,0.0,0.032252796,0.15698867,0.26538727,0.09952857,0.40893155,0.28608125,0.6512994,1.916285,2.930048,0.12901118,0.9879123,0.42137688,1.3647852,1.0354108,1.8982407,0.1524328,0.3125224,Medullary_cords,138.42326394071193
TCTTACGGCATCCGAC-1,1,25,29,5569,17410.0,5569,4197.765,Medium-Low,5,11,4,1,1,6,1,1,4349.41766217042,0.0,-0.38964876532554626,0.0332999303592937,0.14241749048233032,0.4528052638366198,-0.17106276750564575,0.36608855503537624,-0.3979417681694031,0.02941733204939208,-0.03949718177318573,0.8358355706029139,-0.009996995329856873,0.9581858083068171,0.3248027,0.011574754,0.0,0.3722511,0.2913715,0.0,0.0,0.1702144,0.48929918,2.4086616,2.9041538,0.2090956,0.61383295,0.26583374,2.2016315,1.0771171,1.8683119,0.30471495,0.1513017,B_cell_zone,0.0
TCTTACTTATGCCTCT-1,1,45,93,5208,14993.0,5208,4233.264,Low,3,10,0,3,0,4,0,3,907.0022050689844,1.0114042647073518,-0.0691317468881607,0.7166082423981242,0.012672225944697857,0.9470101078169932,-0.05021124333143234,0.7921664318996994,-0.006406193599104881,0.9731981297137635,-0.04381165653467178,0.8181850603608661,0.3807970881462097,0.03789075702997074,0.08424063,0.115846254,0.08416059,0.2661657,0.055023227,0.018739883,0.3758237,0.3111032,0.64924145,2.1355112,3.021637,0.16983022,0.74542284,0.4035403,1.4124671,1.3511705,1.8734097,0.32491773,0.6218185,Medullary_cords,138.0
TCTTAGAGCTCCAATT-1,1,40,108,6078,19070.0,6078,4341.225,Medium-Low,1,10,0,3,0,4,6,3,1398.232098043812,0.0,-0.26297086477279663,0.16031853014901837,0.033967964351177216,0.8585692140732182,-0.08087150752544403,0.6709629142039957,-0.06431621313095093,0.7356227492853763,-0.01774655096232891,0.9258410111094348,0.30869928002357483,0.09695659781539766,0.051104873,0.0,0.10824002,0.055493593,0.16982251,0.16265938,0.45267963,0.512794,0.58211046,2.2842085,2.792881,0.20779625,0.5314306,0.33740598,1.5565176,0.9186268,2.4270751,0.5653034,0.5357612,Medullary_cords,239.26763257908496
TCTTAGAGTGAACTCT-1,1,43,99,4980,13676.0,4980,4134.911,Low,2,10,0,3,0,4,6,3,965.655217973786,0.8675632284814613,-0.5471066236495972,0.0017556301929632502,-0.07210180908441544,0.7049621697433359,-0.6006247997283936,0.00044921340824192937,0.07458434998989105,0.695277516200658,0.2060505747795105,0.2746551233925908,0.10793501138687134,0.5702204287799497,0.032280277,0.0,0.20504001,0.25890723,0.22115198,0.0,0.2826205,0.35216075,0.6179315,2.040574,2.7711558,0.31845015,0.7146514,0.24984773,1.4813071,1.0737393,2.5222328,0.3624906,0.33313033,Medullary_cords,238.40302011509837
TCTTATGGGTAGTACC-1,1,0,52,6714,27216.0,6714,4190.643,High,3,8,2,0,1,5,5,6,5181.905634030786,0.0,-0.4627733826637268,0.01002167375124391,-0.2870946526527405,0.1239865234517146,0.412903755903244,0.023345795303160673,0.17752690613269806,0.34797616032448675,-0.2359764128923416,0.2093350837688215,-0.06975613534450531,0.7141546392227068,0.047475643,0.060030174,0.0004589516,0.48895833,0.30782616,0.0,0.09525078,0.15914129,0.98713636,1.5887537,2.5743334,0.17684865,0.69638085,0.26948014,1.0826616,1.5498166,2.000709,0.078233436,0.24828817,Medullary_cords,496.23381585700105
TCTTCCCATGGGCACA-1,1,32,96,6300,21555.0,6300,4351.124,Medium-High,3,0,2,0,0,2,5,6,905.4286277780265,0.6931471805599453,-0.25720682740211487,0.17002209083940975,0.0020719263702630997,0.9913302113613918,-0.04327264428138733,0.8203855867756376,-0.2090725600719452,0.2675215432557599,-0.3855111598968506,0.03538643053443566,0.007030568551272154,0.9705869743055922,0.015107842,0.15757662,0.0,0.39995226,0.26928538,0.01899265,0.13908523,0.32491452,0.96942985,1.6302929,2.578184,0.17733231,0.70762277,0.14998233,1.1554952,1.5220344,1.8178574,0.0,0.34881973,Medullary_cords,364.3295211755424
TCTTCGAATAGACGTT-1,1,39,71,2635,5621.0,2635,3342.9128,Low,2,2,5,2,0,7,1,4,1176.4476188934211,1.0114042647073518,-0.0021407613530755043,0.9910421888531024,-0.37367159128189087,0.041944563075170804,0.13571694493293762,0.474556445979137,-0.016082080081105232,0.9327800881435473,-0.3573632538318634,0.05253129919820278,-0.20742477476596832,0.27139616825200485,0.065184705,0.0,0.15772752,0.0,0.12765686,0.4189905,0.23044044,0.35856652,0.28211212,2.3736632,2.7249758,0.0,1.0180423,0.38328993,1.6185486,0.51105326,2.388508,0.25552663,0.51105326,Medullary_cords,137.0
TCTTCGATACCAATAA-1,1,32,66,4129,11569.0,4129,3776.8042,Low,1,3,3,5,4,2,3,5,1676.1506495539118,0.9556998911125343,0.22738322615623474,0.22688724668274746,0.004841603338718414,0.9797424292958649,0.029568016529083252,0.8767402724822879,0.1240883320569992,0.5135549095746739,-0.1787385791540146,0.344642093348564,0.251410573720932,0.18019221928753057,0.10273099,0.002429104,0.097203776,0.107641265,0.009093674,0.023729745,0.6571715,0.441091,0.35344213,2.1424937,2.8827426,0.077865995,0.6459235,0.35907882,1.6880019,0.7639569,1.7979598,0.0,0.43843687,Medullary_cords,138.0
TCTTCGCGGTGAGAGG-1,1,60,116,7115,27722.0,7115,4414.774,High,0,13,3,4,7,1,4,0,3265.350976541419,0.8675632284814613,0.026654919609427452,0.8888053434049893,0.1697438657283783,0.3698511515474445,0.12601880729198456,0.5069735433791551,0.22978413105010986,0.22188650414702502,0.003552808426320553,0.985134130815056,0.2739541530609131,0.14293602351766077,0.08389741,0.09821423,0.0,0.15508975,0.29589128,0.25424948,0.11265783,0.21805178,0.5883547,2.2623725,2.974907,0.27508655,0.41088194,0.5536505,2.0454335,1.0442485,1.9498405,0.13579533,0.42045835,B_cell_zone,0.0
TCTTCTATAACCCGCC-1,1,45,107,6271,22187.0,6271,4310.882,Medium-High,4,10,7,4,0,4,4,7,1554.0257398125682,1.2424533248940002,-0.1545190066099167,0.4149080203492753,0.010700099170207977,0.9552477740780141,-0.12309394031763077,0.5169613071651307,0.031666938215494156,0.8680638352931792,-0.06771437078714371,0.7221882180984751,0.3058014512062073,0.10029760610826176,0.11628204,0.0,0.13611618,0.09848944,0.28208664,0.3670257,0.0,0.15342787,0.6120707,2.1831605,2.5859447,0.38718405,0.3140846,0.8374438,1.8658959,0.9115336,2.432528,0.0,0.33823237,Medullary_cords,0.0
TCTTGATGCGTAGCGA-1,1,32,68,4411,11505.0,4411,4057.4023,Low,5,3,4,1,4,2,1,1,1552.4525757651986,0.9556998911125343,0.08809924870729446,0.6434091336459228,-0.05179860442876816,0.7857453218074909,-0.06489650905132294,0.7333230198616228,0.11111811548471451,0.5588349200205093,-0.30949077010154724,0.09605885560383091,0.2041647881269455,0.27916826474801987,0.06168208,0.18925296,0.12056614,0.067038,0.04292166,0.023381716,0.49515748,0.28773007,0.5176045,2.2479734,3.0571623,0.0,0.40821707,0.41365063,2.0288386,0.88947827,1.7876505,0.0,0.6079329,B_cell_zone,0.0
TCTTGCTCCCGATACT-1,1,65,67,4198,10688.0,4198,3973.275,Low,5,4,4,1,2,1,1,1,3542.5432954305584,1.2424533248940002,0.01703023724257946,0.9288266548936889,0.07517264038324356,0.6929893380023676,-0.26931044459342957,0.15011026825718232,0.13323302567005157,0.48275518807262324,-0.06467420607805252,0.7342037468548995,0.3545127809047699,0.05458126955977983,0.12456609,0.003091706,0.1064951,0.08036981,0.1992523,0.03768794,0.44853696,0.38149923,0.60306764,2.4540715,2.7973995,0.24766208,0.13184376,0.08255403,2.2550428,0.8311554,2.4240475,0.0,0.43521965,Medullary_cords,0.0
TCTTGGTAACACCAAA-1,1,21,65,6077,19823.0,6077,4293.385,Medium-Low,5,3,4,1,4,2,1,1,2578.9082961594427,1.0114042647073518,-0.45508700609207153,0.011508621500582064,-0.14351236820220947,0.4493024497668819,0.28582921624183655,0.12572619262206422,-0.07777734100818634,0.6828902723429883,-0.3459879457950592,0.06109012435010779,0.05883311480283737,0.75746055039545,0.11922275,0.09511507,0.09408012,0.22027785,0.36137432,0.009979895,0.099949956,0.27623034,0.74510473,2.3672445,2.8697577,0.26836812,0.61040676,0.28960466,1.8869389,1.0671711,2.3628414,0.10210925,0.33769685,Medullary_cords,0.0
TCTTGGTCAATGATAC-1,1,74,20,6686,26212.0,6686,4234.935,High,5,1,3,1,5,0,1,1,6364.42267609561,0.6931471805599453,0.019551659002900124,0.9183216654119989,0.01348075270652771,0.9436343531601733,0.22466246783733368,0.23264536341157915,-0.27387765049934387,0.14305216253475342,-0.43745705485343933,0.01562868070113668,0.25633472204208374,0.17152570554127325,0.08577675,0.0,0.09739517,0.103551365,0.19353235,0.18033811,0.33940622,0.34006935,0.41758776,2.206842,2.8616698,0.04039929,0.5512749,0.3888135,1.6300397,0.7961875,2.1466498,0.0,0.48406428,Medullary_cords,137.92751719653333
TCTTTAAGACTATGAA-1,1,34,98,5986,18523.0,5986,4389.1377,Medium-Low,3,0,2,0,0,4,5,6,838.0745790202683,0.0,-0.33615899085998535,0.06933198021443474,-0.20691612362861633,0.27259951786176384,0.3003043532371521,0.1068727050256132,-0.1509152352809906,0.42600390908628805,-0.481508731842041,0.007059381178346381,0.1735774576663971,0.3589774356172601,0.025466753,0.0,0.05585156,0.3400887,0.14834447,0.006865153,0.42338338,0.30345553,1.0292073,1.5338222,2.5971138,0.25341687,0.7235388,0.28226465,1.0946568,1.6656299,1.739755,0.0,0.5066693,Medullary_cords,365.65831044842946
TCTTTAGAGTCTAACA-1,1,50,114,5741,20017.0,5741,3929.2798,Medium-Low,2,10,5,2,0,4,2,4,2296.067289954717,0.5297061990576545,0.29958441853523254,0.10775717042643355,-0.010660923086106777,0.955411462973571,-0.0369173102080822,0.8464278533474417,0.1103338673710823,0.5616303491501855,0.08861447870731354,0.6414620090508,-0.19543251395225525,0.30068463378646804,0.012085135,0.05948189,0.3205676,0.04076462,0.032909382,0.25003982,0.28415155,0.2238549,0.3326609,2.1540334,2.4758458,0.20259099,0.6320762,0.38894874,1.2264259,0.9660197,3.0591016,0.9512137,0.5185983,Medullary_cords,365.3833603217311
TCTTTAGCAGGCGAAC-1,1,34,116,5527,16690.0,5527,4194.313,Medium-Low,2,0,0,3,0,4,0,3,1986.6096747977444,1.2554823251787537,-0.12396727502346039,0.5139690123852904,-0.34555572271347046,0.06143563321014873,0.08381540328264236,0.6596870543790281,-0.12378337979316711,0.5145983813864036,-0.20269866287708282,0.2827097985115839,0.10144354403018951,0.5937574473945161,0.12646022,0.0,0.16526136,0.09682926,0.0,0.26037082,0.3510784,0.41231817,0.7636444,2.305479,2.6520047,0.1173698,0.49191964,0.28573674,1.5290327,0.8641285,2.2183986,0.1173698,0.406193,Medullary_cords,137.55726080436466
TCTTTCATCCGTCCTT-1,1,66,4,4031,10870.0,4031,3816.7266,Low,5,1,6,5,5,0,4,0,6684.496989302935,0.6931471805599453,0.5147636532783508,0.0036075716480169816,0.18192194402217865,0.33597487972014317,0.09874358773231506,0.6036691244389322,-0.07202139496803284,0.705276640378404,-0.04505948722362518,0.8130959904999291,0.1614469289779663,0.3940373702911985,0.14747806,0.0,0.14697191,0.17191033,0.0,0.015628455,0.51801133,0.16555715,0.6255606,2.237607,2.640048,0.16308752,0.64957213,0.45665473,1.911145,1.0280383,1.9288838,0.26095945,0.391423,Medullary_cords,0.0
TCTTTCTCTTAAGGAG-1,1,7,79,5715,18067.0,5715,4248.615,Medium-Low,5,5,4,1,6,3,0,3,3763.762080684697,1.0114042647073518,-0.14722014963626862,0.43754885610594857,0.12053409963846207,0.5257809079057042,-0.3078170418739319,0.09796472697609133,0.05018363893032074,0.7922782150599831,0.1879798322916031,0.3198515576230365,0.15338735282421112,0.4183748237116278,0.112657905,0.008742053,0.040291823,0.24864796,0.24539755,0.036248617,0.30801407,0.2665089,0.56909347,2.1355274,2.7740836,0.27531716,0.5029751,0.34812534,1.7045758,1.2431113,2.1200287,0.11012687,0.39525604,Medullary_cords,137.55726080436466
TGAAACCTCAACTCAC-1,1,0,28,8117,42863.0,8117,4403.399,High,4,8,1,4,1,5,4,7,6145.613232216944,0.5623351446188083,-0.46723470091819763,0.009235291248628652,-0.3561500012874603,0.05339626711868183,-0.20802605152130127,0.26997813048635305,0.2154894322156906,0.25277675948909645,-0.24891145527362823,0.18470633391495161,0.31931373476982117,0.0854336613483196,0.16789491,0.111482225,0.10292845,0.2570313,0.28801346,0.0,0.07264966,0.09254034,0.4602423,2.1065366,2.536012,0.05242808,0.42740458,1.0509502,1.8947078,0.9676895,1.9471961,0.10485616,0.19830585,Medullary_cords,0.0
TGAAACTTATGCAAGC-1,1,11,73,6820,26377.0,6820,4208.411,High,1,5,3,6,6,3,7,5,3394.254115413282,0.6365141682948128,-0.28582102060317993,0.12573751791051402,-0.2619723677635193,0.16197046962108552,-0.3930697739124298,0.03165092514789451,0.25253283977508545,0.1781905076953887,-0.0793818011879921,0.6766958540504405,-0.18307362496852875,0.33287221459967054,0.014358274,0.046440214,0.09990197,0.12211477,0.30321288,0.11661269,0.29735926,0.33935913,0.57710797,1.9303441,2.7071438,0.316385,0.69281894,0.3641597,1.2750949,0.86158586,2.458334,0.22143888,0.53517854,Medullary_cords,276.0
TGAAAGGACCTGACTC-1,1,35,83,5371,14975.0,5371,4331.05,Low,5,0,7,1,0,2,1,1,497.1810535408605,1.3296613488547582,0.03700869157910347,0.8460522054401627,0.24272312223911285,0.19622304329068974,0.13744841516017914,0.46888439941988647,0.06437906622886658,0.7353735520596897,-0.19180670380592346,0.30991722599335186,0.22172671556472778,0.23896750306093242,0.053105053,0.1620548,0.09012147,0.17221664,0.32683054,0.010158169,0.18551335,0.16996807,0.3964156,2.181479,2.7564032,0.19180995,0.29784137,0.33253014,1.7390236,0.840616,1.9760559,0.33993614,0.38724715,Medullary_cords,137.0
TGAACAAGCAGGGACT-1,1,66,36,7445,31414.0,7445,4376.935,High,1,1,3,6,5,0,7,5,4905.283885770527,0.8675632284814613,-0.4314650297164917,0.01728170047528549,-0.37972939014434814,0.03847728935193936,-0.2985260486602783,0.10906734423371765,-0.017618343234062195,0.9263753181747308,0.028095446527004242,0.8828359511764998,0.18621167540550232,0.32450730853945897,0.030638386,0.035219233,0.047208995,0.06715072,0.18120585,0.21755715,0.42101973,0.49236158,0.4482726,2.0473084,2.9463358,0.1652324,0.5967115,0.19879702,1.5024945,1.0256646,1.890196,0.2072913,0.6183575,Medullary_cords,364.6601157242179
TGAATACCGACGCGTA-1,1,66,82,6363,21535.0,6363,4373.431,Medium-High,1,6,4,6,2,1,7,5,3379.356447609515,0.6931471805599453,-0.03533891215920448,0.852921425832792,-0.08772935718297958,0.6448084338985651,-0.3644979000091553,0.04766635021093133,-0.11143617331981659,0.55770303621638,0.23667289316654205,0.20795441946297005,-0.049187153577804565,0.7963161378312539,0.08960947,0.0775226,0.133721,0.18076837,0.14518219,0.0,0.3731964,0.39157078,0.2872699,2.0633485,2.8346663,0.17746823,0.61188596,0.39082277,1.7106521,0.87250775,2.1699607,0.4777303,0.57323205,Medullary_cords,137.0
TGAATATGCTATAAAC-1,1,16,114,7529,33581.0,7529,4423.083,High,0,12,7,4,4,3,4,0,3185.431995820975,1.0397207708399179,-0.15492486953735352,0.41366858804959056,-0.18653938174247742,0.3236412894336689,0.01229049451649189,0.9486042260149044,0.25141286849975586,0.18018811020144127,-0.18186019361019135,0.33614173260908475,-0.02978253737092018,0.8758528351163569,0.24961269,0.09318369,0.0,0.33911362,0.20757653,0.021556428,0.08895701,0.11238472,0.61566126,2.3270512,2.9927704,0.1887491,0.5139834,0.32955584,2.1417902,1.0006213,1.7995474,0.11681686,0.37002343,B_cell_zone,0.0
TGAATGAGTGTTTCCC-1,1,66,50,5611,18229.0,5611,4082.6309,Medium-Low,3,4,0,0,2,0,0,6,4252.769568175544,0.6931471805599453,0.07533721625804901,0.6923496863791185,0.1114431694149971,0.5576781508201919,0.05453140661120415,0.7747231658119981,-0.09462551772594452,0.6189203550861236,0.32162004709243774,0.0830744814573264,-0.18086011707782745,0.3388510069741965,0.0,0.07159117,0.20263211,0.18280832,0.23872535,0.0053006546,0.29894242,0.50047433,0.6450314,1.8352587,2.6664424,0.20193194,0.5234227,0.21869719,0.82265913,1.1988194,2.3595083,0.109348595,0.5397841,Medullary_cords,414.03864553927815
TGAATGTCAGCCGGCC-1,1,47,109,6546,26268.0,6546,4037.66,High,2,10,5,2,0,4,2,4,1803.4214704278088,0.45056120886630463,0.20308731496334076,0.28176819001008585,-0.01396760530769825,0.9416021077786857,-0.14150144159793854,0.45574711793669453,-0.0855773538351059,0.6529729422130808,-0.21301855146884918,0.25838965456687824,-0.04298090934753418,0.8215771582819253,0.043430485,0.002845316,0.31443903,0.16455102,0.0,0.24464093,0.23009323,0.497786,0.5955833,2.2199717,2.5891948,0.34036994,0.6441759,0.38445207,1.4564292,1.1317248,2.9025922,0.532951,0.72671574,Medullary_cords,237.9012400135821
TGACAACTTAAAGGTG-1,1,77,35,8062,37478.0,8062,4405.1333,High,1,4,3,6,5,0,7,5,5927.860490936,0.6931471805599453,-0.48134005069732666,0.007082295099631714,0.2350068837404251,0.21126745231648086,-0.05748377740383148,0.7628635283205323,-0.24428339302539825,0.1932735681759934,0.09726859629154205,0.6091133935054441,-0.01193456444889307,0.9500907725512104,0.021203581,0.08561049,0.08611865,0.11590828,0.17684634,0.07488447,0.4394282,0.43687576,0.6840488,1.9807659,2.9489102,0.11258924,0.30942866,0.22726558,1.3078543,0.89338374,2.1124012,0.2843094,0.549893,Medullary_cords,364.00137362378183
TGACACTTCTCTTTGC-1,1,16,102,4659,13816.0,4659,3929.5051,Low,1,12,3,5,4,3,3,5,2805.6252422588445,0.0,0.19536742568016052,0.3008488279513078,0.13392627239227295,0.48045967974149406,-0.1690545678138733,0.37182660100443243,-0.07385779917240143,0.6981070866484023,0.041211746633052826,0.8288114294567819,0.051984868943691254,0.7849927480702192,0.06569131,0.0,0.1583975,0.22279869,0.10144772,0.0,0.45166484,0.14427766,0.77674675,2.063298,2.7539907,0.17996377,0.63885397,0.5284517,1.3473712,1.3261538,2.4394948,0.35992754,0.42147192,Medullary_cords,364.00137362378183
TGACAGGACAAGTCCA-1,1,55,9,7865,34788.0,7865,4525.0454,High,5,1,4,1,5,0,1,1,5806.891509232802,1.0114042647073518,-0.49000295996665955,0.005983982423203065,0.09375537931919098,0.6221631383677774,0.11818500608205795,0.5339378609661765,-0.3312003016471863,0.07380483835815549,-0.14778555929660797,0.43577134375113413,-0.005362996831536293,0.9775614036746021,0.09950605,0.1008872,0.0645556,0.18426803,0.18853138,0.012705665,0.34954605,0.24803098,0.6401082,2.1037276,3.053429,0.17672084,0.59707826,0.29539776,1.592375,1.2534715,1.8748943,0.0,0.5160889,Medullary_cords,138.0
TGACATCGAGCGGACC-1,1,35,101,6081,19826.0,6081,4326.379,Medium-Low,3,0,2,0,0,4,5,6,964.1353639401472,0.0,-0.5462101697921753,0.0017927695966391366,-0.17380759119987488,0.3583307839024364,0.4365040957927704,0.015882418149459336,-0.14369846880435944,0.44870851118338767,-0.5145794749259949,0.0036216803074702684,0.029411548748612404,0.8773876463528206,0.044325855,0.001940961,0.1454768,0.46077734,0.15680778,0.02339891,0.16727237,0.2403356,1.1495066,1.6006923,2.627699,0.3686247,0.6167341,0.281434,0.95578474,1.6960945,1.7102543,0.20419316,0.45372447,Medullary_cords,364.6601157242179
TGACATGTAACGTGAC-1,1,69,63,7482,30376.0,7482,4467.946,High,1,4,3,3,2,1,7,3,4093.222202617395,1.0114042647073518,-0.3197824954986572,0.08495005925946701,-0.008793847635388374,0.9632145824761783,0.0008659153245389462,0.9963765999543384,-0.22645094990730286,0.22884935861551975,-0.17322641611099243,0.3599651609183336,0.17249299585819244,0.36203398362896344,0.039478526,0.0,0.19545525,0.033564355,0.121903956,0.14941065,0.46018726,0.45393932,0.3960254,1.8574629,2.8537927,0.37379152,0.6698594,0.28348592,1.2893995,0.8075072,2.1092248,0.33991194,0.66335684,Medullary_cords,477.53533900644464
TGACCAAATCTTAAAC-1,1,66,62,7826,33834.0,7826,4407.241,High,1,4,0,3,2,1,6,3,3801.068928604163,0.8675632284814613,-0.33370858430862427,0.07151524703439147,0.1325591504573822,0.4849919384762338,-0.08979520201683044,0.6370086934973459,-0.005361556075513363,0.977567430246917,-0.03170275315642357,0.8679159123125415,0.3664249777793884,0.04641570556141832,0.0501243,0.04521009,0.1861559,0.16753939,0.1512952,0.0045461184,0.39512902,0.45422435,0.68060803,2.210272,2.7812731,0.3553455,0.4197992,0.43713093,1.6676555,1.097062,2.3547447,0.566406,0.6056061,Medullary_cords,138.06158046321215
TGACCAGCTTCAAAGT-1,1,7,97,6571,24430.0,6571,4319.9224,Medium-High,0,12,7,4,4,3,4,0,3763.9230863555117,1.3296613488547582,-0.1506250500679016,0.4269044375673966,0.026758398860692978,0.8883763335739381,-0.2620517313480377,0.1618387260019527,-0.2376679629087448,0.20599269652917557,-0.03454922139644623,0.8561738020688784,-0.09440449625253677,0.6197433846405663,0.15486218,0.083359465,0.080791004,0.11168489,0.11503475,0.22389089,0.23037684,0.1605578,0.5400926,2.3946514,2.8015013,0.12868203,0.8431182,0.42126203,2.1527638,0.86402446,2.189858,0.08578802,0.3425734,Medullary_cords,0.0
TGACCCAACTCACATT-1,1,0,30,7070,32266.0,7070,4254.7134,High,4,8,1,4,1,5,4,7,6054.235955097885,0.0,-0.43103155493736267,0.017406696623023073,-0.4516969919204712,0.012220888767140394,-0.3317313492298126,0.07331542786552528,0.17730046808719635,0.3486013746641541,0.11496128886938095,0.545229239527985,0.28611037135124207,0.1253381281594459,0.18154792,0.0799896,0.070740916,0.1350292,0.32163203,0.21106032,0.0,0.13453859,0.46600828,2.1176674,2.6132336,0.033746116,0.41306144,0.98153234,1.7466325,0.77137256,1.8603222,0.06749223,0.30049378,Medullary_cords,137.0
TGACCCACGTTAGACA-1,1,33,47,5767,20688.0,5767,3922.2485,Medium-High,5,9,3,2,3,6,1,1,2885.383856612496,1.0986122886681096,-0.20994050800800323,0.2654951649503429,0.2309684306383133,0.21944747375277981,0.2311927229166031,0.21898760739100825,-0.14737528562545776,0.4370607535965296,-0.5564677119255066,0.0014059705205996924,0.03431784734129906,0.8571271662994255,0.20040631,0.12254899,0.22548805,0.13581164,0.1676677,0.021551833,0.12652549,0.24587113,0.4640348,2.3621035,2.8916695,0.049293675,0.31698775,0.23311934,1.74179,0.8642106,2.4083889,0.09858735,0.33821347,Medullary_cords,137.00364958642524
TGACGAATATTTCCCT-1,1,44,22,5985,19702.0,5985,4292.2856,Medium-Low,3,7,0,3,3,6,0,3,4599.302229686586,1.3296613488547582,-0.34575197100639343,0.0612785679833198,-0.034888043999671936,0.8547780602193448,-0.08488819003105164,0.6555959526176747,-0.1402049958705902,0.45992791424759166,0.19139297306537628,0.3109818562613038,-0.18362484872341156,0.3313934087279625,0.15726505,0.119967125,0.08212578,0.28980038,0.26448008,0.047788475,0.03857309,0.45618105,0.46435693,2.218596,2.930312,0.27749678,0.60275227,0.2052642,1.5437771,0.95108235,2.1972265,0.1026321,0.6006468,Medullary_cords,240.00208332429116
TGACGATGCACTAGAA-1,1,37,95,5650,16578.0,5650,4404.679,Medium-Low,3,0,2,0,0,4,5,6,496.9557324349926,0.45056120886630463,0.0677073746919632,0.722215795521431,0.1753828078508377,0.35392320571972197,-0.07948756217956543,0.676288257520702,-0.06431102007627487,0.7356433396590736,0.3155389428138733,0.08940497479369862,-0.23735570907592773,0.20660691398295156,0.052171152,0.0,0.16988124,0.35421517,0.13565017,0.010735631,0.27734667,0.19128507,0.90349543,1.7771555,2.582027,0.17701125,0.41620186,0.40507302,1.3306012,1.4319128,2.2243462,0.1180075,0.5341229,Medullary_cords,478.17360864020924
TGACTATAATCCTTTC-1,1,46,68,3581,8001.0,3581,3810.894,Low,2,2,5,2,0,7,2,4,1677.2954420733397,1.2424533248940002,-0.5594675540924072,0.0013075776226626255,-0.18636801838874817,0.32409396819900615,-0.018297169357538223,0.9235466654200766,-0.002709616906940937,0.9886620027512363,0.0010120514780282974,0.9957651020754702,-0.006984254345297813,0.9707806518428718,0.11502424,0.003438298,0.296954,0.24575025,0.16887051,0.0,0.16996272,0.386002,0.50765353,2.2571099,2.8057146,0.5280297,0.38054112,0.3040728,1.7435664,1.0673707,2.9723072,0.20271519,0.27028692,Medullary_cords,137.92751719653333
TGACTCCGAATCATAC-1,1,62,16,7949,35630.0,7949,4588.1367,High,4,1,1,4,5,0,4,7,5729.517431686547,0.8675632284814612,0.05874983221292496,0.7577937068528495,0.10115296393632889,0.5948207945416382,0.166302889585495,0.3797740090811152,0.33481958508491516,0.07051886214597425,0.3087815046310425,0.09686304108923009,0.4676308035850525,0.009168059379151198,0.17800051,0.0,0.23720722,0.06326078,0.19710545,0.18008146,0.14434454,0.32785437,0.52551836,2.125326,2.6840198,0.030922944,0.4106326,0.88883424,1.8621051,0.85628176,2.064096,0.15271443,0.36539963,Medullary_cords,0.0
TGAGAATGCTTTACCG-1,1,18,54,6106,19356.0,6106,4438.6924,Medium-Low,0,3,4,4,1,5,4,0,3349.002239473721,1.0114042647073518,-0.051280319690704346,0.787840367570983,-0.06706322729587555,0.7247563734045579,0.05350273475050926,0.7788671772002977,-0.2922944128513336,0.11702413193259359,-0.23791061341762543,0.20551625844158283,0.4082658290863037,0.025106474232040307,0.2334965,0.004140643,0.035088077,0.19766061,0.4918802,0.0,0.037734058,0.19214377,0.5447538,2.2145698,2.8712313,0.10413243,0.5368866,0.37026936,2.047719,0.9557994,2.0184731,0.28155705,0.25712633,B_cell_zone,0.0
TGAGAGATTTACCACG-1,1,41,91,6031,18330.0,6031,4476.8765,Medium-Low,0,10,7,4,0,4,4,0,414.90360326225175,0.6931471805599453,-0.23180900514125824,0.2177274135928233,-0.004021528176963329,0.983173145033017,0.13987092673778534,0.4610085026635518,-0.04161012917757034,0.8271811864283369,0.06447543948888779,0.7349915066906745,-0.15900471806526184,0.4013250611373518,0.13752683,0.0,0.12043915,0.29676092,0.08428581,0.27643245,0.08455486,0.3432021,0.6768183,2.151369,2.599296,0.2010573,0.58246654,0.46694368,1.9009615,1.1428095,2.05176,0.0,0.21769112,Medullary_cords,0.0
TGAGATCAAATACTCA-1,1,7,63,6625,24087.0,6625,4382.5884,Medium-High,5,5,4,1,6,3,1,1,4092.6251966189134,1.5607104090414068,0.2028261125087738,0.28240079750487984,-0.03366294875741005,0.8598267044113346,-0.20865577459335327,0.2684981644321151,-0.1536010503768921,0.4177189331224329,-0.35343945026397705,0.05536931602441278,0.11717832833528519,0.5374518226035615,0.1195931,0.19208963,0.02870089,0.1957407,0.27122945,0.0,0.19264625,0.18385646,0.7106585,2.2633412,2.9510503,0.130221,0.6273879,0.28497455,1.8836918,1.0003695,1.9738095,0.0,0.25057608,Medullary_cords,0.0
TGAGATTAGGCCCTAA-1,1,16,94,7548,33619.0,7548,4473.3647,High,1,5,3,7,4,3,8,2,2667.2354601721986,1.0986122886681096,-0.5436080098152161,0.0019044641056296771,-0.3245593011379242,0.08014052948246718,0.13891878724098206,0.46409566252322676,0.2584247589111328,0.16793789058811406,-0.016539763659238815,0.9308715306281423,0.10707913339138031,0.5732995066423429,0.0440361,0.079007864,0.0,0.13468216,0.24005693,0.10179756,0.40041938,0.5182314,0.46608824,1.8715858,3.0225344,0.24724662,1.8480111,0.666891,1.4237126,1.02552,1.6222554,0.11671135,0.38623556,Medullary_cords,365.7608508301565
TGAGCAGTCGTGAAGT-1,1,5,39,4540,12964.0,4540,3909.2227,Low,3,8,2,0,1,5,5,6,5195.484577977303,0.0,-0.19167369604110718,0.31025923902495806,-0.221268430352211,0.2399646557619451,0.15841078758239746,0.4031088695837543,0.036906979978084564,0.846470320636584,0.07835206389427185,0.6806690648269623,-0.11518405377864838,0.5444453963772702,0.047767136,0.0,0.1323569,0.80045545,0.0,0.019420518,0.0,0.17592952,0.9912224,1.3451962,2.4157088,0.28587574,0.30477887,0.25959283,0.78039426,1.6235002,1.6839051,0.0,0.19969772,Medullary_cords,498.7604635493876
TGAGCCATACAGTCTC-1,1,42,38,5260,15128.0,5260,4226.4517,Low,1,9,3,6,3,6,7,5,3474.4415378589983,1.0986122886681096,-0.3598836660385132,0.05076980626990409,-0.250236839056015,0.1823025684486998,0.19082127511501312,0.31245672278060865,0.2203831672668457,0.24189868097252323,0.15969771146774292,0.3992494010758425,0.2684174180030823,0.1515191658049811,0.068632,0.00040556162,0.058042392,0.160098,0.06756241,0.28998697,0.35527262,0.4635272,0.5058804,2.0313644,2.8678432,0.12685886,0.5269566,0.2955947,1.293023,0.89976656,1.5458539,0.5464778,0.9171734,Medullary_cords,137.00364958642524
TGAGCGGAAAGTGTTC-1,1,55,65,5728,20282.0,5728,3919.3293,Medium-High,2,2,5,2,2,7,2,4,2579.0858845722837,0.6365141682948128,-0.040420014411211014,0.8320533836564635,0.011081280186772346,0.9536551847854068,-0.135311558842659,0.47588955794288773,0.49207189679145813,0.0057442790354951725,-0.3824603855609894,0.03699137246857126,-0.34083881974220276,0.06530640090037534,0.02792625,0.0017633344,0.2965779,0.020147534,0.2121119,0.0008335219,0.4406396,0.40533176,0.4953007,2.2519872,2.5410402,0.26379657,0.63488847,0.18597628,1.38076,0.47281107,2.7044444,0.64504874,0.7122503,Medullary_cords,275.0
TGAGCTTTAATGACGC-1,1,19,85,6166,19557.0,6166,4547.0127,Medium-Low,4,5,7,4,4,2,4,7,2284.856450633168,1.0986122886681096,-0.7429689168930054,2.5720524000219958e-06,-0.34654948115348816,0.0606435198821152,-0.23840969800949097,0.2045386992219327,0.2461472898721695,0.1897906527689058,0.02108721062541008,0.9119305881819121,0.20845653116703033,0.26896585273228185,0.2382589,0.0046506,0.16933432,0.26968193,0.30450585,0.013568397,0.0,0.20428205,0.41060823,2.1677198,2.6620905,0.10325115,0.8323668,1.0298619,2.172518,0.9119341,1.8815283,0.27935997,0.37247995,B_cell_zone,0.0
TGAGGAGTGCCAGCTT-1,1,58,58,6473,24377.0,6473,4058.5767,Medium-High,2,2,5,2,2,7,6,4,3162.9546313534124,0.0,0.01942930556833744,0.9188311291647276,-0.1321740746498108,0.48627247366233384,0.025889825075864792,0.8919782609832219,-0.24175728857517242,0.19806435645701959,-0.08816403150558472,0.6431641830031538,0.22940629720687866,0.22266848824303287,0.016049026,0.047634706,0.1875605,0.08389504,0.2285952,0.114792496,0.32147306,0.37739837,0.52119476,1.9789389,2.779852,0.22921495,0.54015255,0.56853765,1.278077,0.7227361,2.7416058,0.7877897,0.53818154,Medullary_cords,275.0018181758077
TGAGGCATGTACTGTG-1,1,56,8,8100,37064.0,8100,4537.1763,High,1,1,4,6,5,0,7,5,5914.465656337858,0.6365141682948128,-0.15709269046783447,0.4070836368065671,0.025716789066791534,0.8926960857563908,0.015126273036003113,0.9367670051829529,0.35062846541404724,0.057475658263871396,0.4195590615272522,0.0209973192879265,0.40669363737106323,0.025727404341092282,0.049201455,0.03522847,0.0,0.124926545,0.19840482,0.17070007,0.42153865,0.5311253,0.60390514,2.0410357,2.9643312,0.17338821,0.6807272,0.27352822,1.5318826,1.0234735,1.7231594,0.16761257,0.76955396,Medullary_cords,137.0
TGAGGTGTGTGGCGGA-1,1,70,52,6129,22909.0,6129,4082.3948,Medium-High,1,4,0,3,2,0,6,3,4564.414748902645,0.8675632284814613,-0.2879942059516907,0.12276069472680548,0.08838479965925217,0.6423297106069846,-0.05564960837364197,0.7702253573605581,-0.17600412666797638,0.3521936532522285,0.15703411400318146,0.40726078727272685,0.2160281091928482,0.2515638377716342,0.016713493,0.043323882,0.13214302,0.11223648,0.15951481,0.2618643,0.274204,0.31940466,0.66422755,2.067112,2.7145658,0.18112144,0.57560945,0.31892675,1.5415559,1.2860184,2.3495374,0.82850647,0.5123905,Medullary_cords,690.6258031669538
TGAGGTTGATCCCAAG-1,1,1,37,6524,25175.0,6524,4259.504,Medium-High,4,8,1,4,1,5,4,7,5653.350334093934,0.9002560512685369,-0.7775796055793762,4.293010305671622e-07,-0.1895023137331009,0.3158759639083484,0.20957337319850922,0.2663510834341358,0.09410595893859863,0.6208557793614428,-0.37043464183807373,0.04389716794910993,-0.048871420323848724,0.7975966224637083,0.32424396,0.0,0.087596886,0.30586427,0.13078137,0.014875819,0.13663767,0.19852455,0.64855266,2.2899861,2.6767254,0.0,0.5877169,0.9854326,2.1692824,1.118284,1.8843845,0.16724773,0.27003998,B_cell_zone,0.0
TGAGTAAATTAGCGTA-1,1,47,57,5228,14273.0,5228,4296.381,Low,2,2,0,3,3,7,0,3,2390.407914980203,1.0114042647073518,-0.0030519329011440277,0.9872297404761656,-0.19296357035636902,0.30695241765585296,-0.24603158235549927,0.19000558493039554,-0.1398760974407196,0.46099176716518375,0.2142513543367386,0.25557907670885016,0.025205479934811592,0.8948176905826544,0.008414101,0.0044045066,0.28707162,0.28551704,0.21210515,0.046956357,0.1555312,0.46507338,0.8143317,1.729955,2.8720987,0.37503514,0.7033905,0.42691165,1.3063478,1.1587882,2.4294817,0.48454392,0.65045756,Medullary_cords,477.53533900644464
TGAGTGCCTCTTAAAT-1,1,45,41,5868,20750.0,5868,4108.292,Medium-High,3,9,0,5,3,7,0,3,3342.109812678213,1.0114042647073518,0.06951193511486053,0.715113919855834,-0.19660896062850952,0.29772661636034387,0.2658165991306305,0.1556765771262711,-0.08155614137649536,0.6683342264713016,-0.31854286789894104,0.08623350382485766,0.20908337831497192,0.2674962244770275,0.10038867,0.0,0.07445675,0.3952289,0.19954689,0.002984555,0.22739422,0.1834515,0.8215971,1.9702742,2.8359346,0.23187645,0.6060298,0.4893666,1.5039215,1.4346128,2.039778,0.09833986,0.32711446,Medullary_cords,138.00362314084367
TGAGTGGTCCGTGACG-1,1,30,84,4073,10014.0,4073,3935.2078,Low,2,0,0,0,4,2,0,3,996.2820885672893,1.0114042647073518,-0.30639153718948364,0.09961034094961815,-0.1991955190896988,0.29128792888561733,-0.2313811033964157,0.21860187671934303,-0.030662506818771362,0.8722141016317456,0.04670506715774536,0.8063961878546462,-0.13109202682971954,0.4898799560006541,0.03729969,0.14056565,0.14463003,0.292721,0.20680568,0.0,0.17797792,0.25972724,0.7102264,1.841335,2.764338,0.086562224,0.25972724,0.3462489,1.1808641,1.321985,2.1163898,0.17312445,0.2308867,Medullary_cords,239.26763257908496
TGAGTTAAAGACATTC-1,1,48,112,6742,29693.0,6742,3864.4944,High,2,10,5,2,0,4,2,4,2040.750107190981,0.0,0.22042711079120636,0.24180243421746309,0.17081934213638306,0.36678130076310705,-0.05203697457909584,0.7847822570669623,0.04328811913728714,0.8203223916982981,-0.11126641184091568,0.5583070412438628,-0.2832123339176178,0.12938067992045135,0.059596576,0.046841837,0.25617498,0.07373062,0.16238903,0.11897228,0.28229472,0.52140987,0.515233,2.4625545,2.6849852,0.25231564,0.51240194,0.22422883,1.7310592,1.0249946,3.2249866,0.29027203,0.37316507,Medullary_cords,239.26763257908496
TGATACATTTAGCCGT-1,1,55,43,5093,17031.0,5093,3755.3691,Medium-Low,2,2,5,2,5,0,2,4,3706.534769835567,0.0,0.2671077847480774,0.15360250824137572,-0.14188702404499054,0.4545075983811364,0.07931399345397949,0.6769572281141129,0.12295427918434143,0.5174406159278259,-0.348337322473526,0.05923860991912563,0.23373092710971832,0.21382908864763023,0.004487191,0.068508476,0.20360114,0.14016931,0.3327629,0.0,0.250471,0.28573662,0.40113097,1.9247113,2.595995,0.057743642,0.5598466,0.115487285,1.2339582,0.8310522,3.0224361,0.30966732,0.46033335,Medullary_cords,499.16830828889766
TGATAGCGGGATTCTA-1,1,28,12,5375,18334.0,5375,3924.4568,Medium-Low,1,11,0,5,3,6,3,5,5366.468205440147,1.0397207708399179,0.015214822255074978,0.9363975791544562,0.2240065187215805,0.234048118375966,-0.05069923400878906,0.7901909975354987,0.02498292364180088,0.8957413794765846,-0.36557134985923767,0.04696643737175239,-0.36633527278900146,0.046473337489083444,0.06622451,0.1450141,0.25966516,0.18728362,0.13809668,0.0,0.20371588,0.28875244,0.6816346,2.2118206,2.6821966,0.23881766,0.32220864,0.20103216,1.4765236,1.0212598,2.5976963,0.29323322,0.4147705,Medullary_cords,240.0
TGATCACCACACTGAC-1,1,69,51,6132,21950.0,6132,4118.4756,Medium-High,1,4,0,3,2,0,6,3,4503.314779137697,0.45056120886630463,-0.1542457491159439,0.4157436668705116,0.0768524631857872,0.686470218949652,-0.023465141654014587,0.9020442245282683,-0.030203865841031075,0.8741102990854127,0.06955607235431671,0.7149405060064632,0.07713580131530762,0.6853727843482176,0.032641698,0.05323563,0.21726018,0.11207588,0.054931734,0.15590759,0.37394726,0.33155018,0.38952708,2.2249095,2.799759,0.49983642,0.33948296,0.1407769,1.4799597,1.0380248,2.4420748,0.9825268,0.6561697,Medullary_cords,633.3285087535536
TGATCAGGGAACTGCT-1,1,42,24,5503,18129.0,5503,4054.36,Medium-Low,1,7,3,5,3,6,0,3,4431.175464817434,1.3296613488547582,-0.023010937497019768,0.9039315364028296,0.007395242340862751,0.9690620333762,-0.3377577066421509,0.06793567841505589,-0.24718382954597473,0.18787278042416103,-0.10378523170948029,0.5852184841020757,-0.06799755990505219,0.7210722213402088,0.078061424,0.08943923,0.085392274,0.27404398,0.06782213,0.007324836,0.3979161,0.4370666,0.63482565,1.9433036,2.8763003,0.5803123,0.6166512,0.20277189,1.2797174,1.1599457,2.0613704,0.10983186,0.4880877,Medullary_cords,138.0
TGATCCCAGCATTAGT-1,1,27,107,7099,27829.0,7099,4502.461,High,4,0,1,4,0,2,4,7,1856.1856049436435,1.0114042647073518,-0.6081875562667847,0.0003632734494929631,0.06633162498474121,0.7276453588435654,0.08841300010681152,0.6422231476106947,-0.20388662815093994,0.2798379786728742,-0.24963702261447906,0.18338768707735267,0.23704750835895538,0.2072143899688345,0.17493995,0.08352309,0.0281536,0.18564808,0.23146051,0.20943442,0.08684036,0.12980112,0.5113393,2.3147328,2.664839,0.10606886,0.47096056,0.63745713,2.253011,0.8276174,1.9252095,0.07674934,0.2242344,B_cell_zone,0.0
TGATCGGTTTGACCCT-1,1,28,54,5262,16349.0,5262,4087.9443,Medium-Low,5,3,4,1,1,2,1,1,2628.78546100666,0.6931471805599453,-0.13886645436286926,0.46426565827152894,0.2692318558692932,0.15023387470601382,-0.1548522263765335,0.4138902748342679,-0.3485829830169678,0.059047577953881186,-0.05493021756410599,0.7731181769033658,-0.03267933428287506,0.8638841347680986,0.19710332,0.005515082,0.24387036,0.04134272,0.05347109,0.04161444,0.41708297,0.15954006,0.44369912,2.4002907,3.138369,0.27886176,0.60401934,0.33001748,2.1083794,0.65294063,1.9025722,0.119321704,0.5731956,B_cell_zone,0.0
TGATCTACGCTGATCT-1,1,16,100,4703,13697.0,4703,3953.8848,Low,1,12,3,5,4,3,3,5,2761.5519187587256,0.0,0.0558655709028244,0.769357514791243,-0.022242262959480286,0.9071267014442536,-0.17779912054538727,0.347225446257189,0.0389135517179966,0.838229410537268,0.10862533748149872,0.5677423778546717,0.009063446894288063,0.9620876164516138,0.015004942,0.12966251,0.1361944,0.08030691,0.3308455,0.0,0.30798578,0.40730375,0.47964233,1.943716,2.742124,0.20556436,0.82396626,0.31809336,1.4974233,0.74416596,2.425133,0.27408582,0.4934278,Medullary_cords,496.47255714691823
TGATCTATCACACTCT-1,1,72,92,4263,10728.0,4263,4077.7876,Low,4,6,1,4,2,1,4,7,4082.031357057415,0.9556998911125343,0.0016078650951385498,0.9932719840405803,-0.025927741080522537,0.8918209809042695,0.23737730085849762,0.20656440156796474,-0.31950387358665466,0.0852372496962371,-0.5928042531013489,0.0005564506390830673,0.2668509781360626,0.15401343374416732,0.2517301,0.0,0.037318252,0.2159221,0.4823843,0.012645277,0.0,0.08233978,0.40970126,2.3136437,2.488277,0.16467956,0.333549,0.98300564,1.7522676,0.8881235,1.8990455,0.0,0.10978638,Medullary_cords,137.0
TGATCTCCGGCGCCAG-1,1,28,50,5753,19671.0,5753,4163.292,Medium-Low,1,3,3,6,1,2,7,5,2876.178888734148,0.6365141682948128,-0.16544750332832336,0.3822644985326531,0.029841408133506775,0.8756093222297381,-0.47330957651138306,0.008248633953179296,-0.4805918335914612,0.007184696074627494,-0.17952841520309448,0.3424791716303359,0.042948588728904724,0.8217091936487315,0.056842234,0.06540259,0.0,0.13572656,0.2566335,0.01414207,0.47125304,0.28295684,0.49373633,2.2119884,2.9732523,0.11578831,0.43622,0.46037698,1.8406496,1.1505601,2.0095527,0.17537515,0.37727582,Medullary_cords,0.0
TGATGGCTGTTTCTGA-1,1,30,114,7404,28858.0,7404,4577.675,High,1,0,4,3,0,4,0,3,2030.3664693842834,1.0114042647073518,-0.4741160273551941,0.008124615553146301,-0.11001938581466675,0.5627531015035407,0.29657548666000366,0.11151311393230204,0.09454768151044846,0.6192101465337682,-0.2580101490020752,0.16864535095363167,0.07076366990804672,0.7102013151863485,0.048039876,0.049129106,0.08061485,0.14008237,0.103926785,0.22963448,0.34857252,0.44186783,0.50639874,2.0921922,3.0509973,0.19147405,0.6487456,0.4736756,1.5496461,1.0508828,1.753702,0.20601442,0.6670602,Medullary_cords,137.00364958642524
TGATTATGGCACGCAG-1,1,13,111,5715,18091.0,5715,4279.8,Medium-Low,5,12,4,1,4,3,1,1,3387.0016238555304,0.6365141682948128,-0.17343227565288544,0.3593857386701896,0.16561615467071533,0.3817727161669403,0.022930018603801727,0.9042678252269872,0.09311014413833618,0.6245722531221942,-0.02182190492749214,0.9088746164734105,-0.1277846395969391,0.5009903906947125,0.14366847,0.11937175,0.020775734,0.23700556,0.4254187,0.0061452417,0.04761456,0.34891692,0.72872233,2.2416575,2.8744395,0.20308764,0.51472396,0.4409073,1.6567341,0.9981053,1.931602,0.0,0.38386434,Medullary_cords,137.0
TGATTCAGGTCCCGCG-1,1,48,8,6243,22165.0,6243,4211.023,Medium-High,2,7,0,3,3,6,0,3,5635.648764782986,1.0114042647073518,-0.10722921043634415,0.5727590560438367,-0.2549719214439392,0.17389413404446785,0.28846076130867004,0.12212845081366253,-0.4991224706172943,0.0049878367766464995,-0.4147619903087616,0.022669393940515856,0.23972497880458832,0.20197777989882001,0.061026625,0.0,0.22678265,0.16608122,0.020393,0.29082376,0.23489276,0.2220222,0.76621366,2.202941,2.7446766,0.23394021,0.39670253,0.26659578,1.6002,1.2896955,2.6454415,0.3070954,0.83909595,Medullary_cords,239.0
TGATTCCCGGTTACCT-1,1,64,50,5242,14741.0,5242,4266.016,Low,3,4,2,0,2,0,0,6,4067.223254260823,0.8675632284814612,-0.1258418709039688,0.50757500483351,0.09047847986221313,0.6344372221038038,0.08106271177530289,0.6702283906252171,-0.015414570458233356,0.9355642802591259,0.18959102034568787,0.31564527764827904,-0.1758604347705841,0.3525931951581958,0.07954583,0.0,0.13963842,0.37022585,0.38416454,0.0,0.026425382,0.23661824,0.7954971,1.7042528,2.725387,0.30134687,0.57118183,0.2790506,1.0204328,1.2229166,2.4336615,0.0,0.40179583,Medullary_cords,238.76766950322232
TGATTCGTCTATCACT-1,1,31,41,5687,19218.0,5687,4164.671,Medium-Low,5,7,4,1,3,6,1,1,3341.7164751067676,0.6365141682948128,-0.26147425174713135,0.16279908989168962,-0.11656919121742249,0.5395834270319514,-0.243428573012352,0.1948856504270408,0.5293123126029968,0.0026321255015066694,-0.07889296114444733,0.6785809761928367,-0.15372344851493835,0.41734352107252953,0.09970299,0.30053803,0.0051219687,0.107912675,0.18187965,0.23673518,0.06810946,0.052367203,0.46576968,2.3821082,3.043634,0.23068932,0.6348551,0.3713616,1.8822488,0.9360772,1.7510738,0.0,0.37740868,B_cell_zone,0.0
TGATTCTGTCGCCGGT-1,1,48,44,6264,21253.0,6264,4331.4707,Medium-High,2,9,0,3,3,7,0,3,3257.100090571366,0.6365141682948128,-0.17422771453857422,0.35715206794133,-0.04372265189886093,0.818548330398629,0.07199087738990784,0.7053959960940567,0.4009646475315094,0.028097102908439645,-0.2570186257362366,0.17034578032008008,0.0401807576417923,0.8330336171011944,0.039973374,0.15444584,0.12896481,0.25314334,0.1160508,0.0,0.3074219,0.3274549,0.7352057,2.060287,2.902281,0.284959,0.5902976,0.09640433,1.3808731,1.3947377,2.2910097,0.42801726,0.29342538,Medullary_cords,275.4813968310746
TGATTTATTAGCTGTG-1,1,38,34,3314,9109.0,3314,3396.863,Low,5,7,6,5,3,6,3,5,3717.0108958678074,0.8675632284814613,-0.07115550339221954,0.7086658367905939,0.0444476380944252,0.8155903967475338,0.10662568360567093,0.5749338364334327,-0.02895793318748474,0.8792648839436695,-0.21433234214782715,0.255395144268314,0.38039839267730713,0.038108931086058895,0.3509707,0.0028181323,0.10027847,0.54593277,0.0,0.0,0.0,0.27474827,0.42007318,2.1552653,2.6391957,0.092612065,0.43566918,0.092612065,1.4267886,0.82374054,1.951411,0.0,0.0,Medullary_cords,275.0
TGATTTCCTCCTGACG-1,1,16,34,6159,22756.0,6159,4087.2747,Medium-High,3,11,2,0,1,5,5,6,4555.9417248248465,0.0,-0.5130167007446289,0.0037433130136105396,-0.09757766127586365,0.6079709096759839,0.18796329200267792,0.3198949177002089,0.19801655411720276,0.2942116505036776,-0.2201477587223053,0.24241471540109039,0.4024982750415802,0.027445984827202032,0.032985423,0.00016439069,0.16979432,0.4951907,0.25313944,0.0,0.048725706,0.39035994,0.9845198,1.7043582,2.5244067,0.29426667,0.4204464,0.20320234,0.8691304,1.7717738,2.4304097,0.15767017,0.2102269,Medullary_cords,276.4814641164937
TGCAAACCCACATCAA-1,1,0,24,8070,41475.0,8070,4420.9326,High,4,8,1,4,1,5,4,7,6334.172163747999,0.0,-0.39159414172172546,0.032353906683724135,-0.2936254143714905,0.11528952836640267,-0.1665250062942505,0.3791288536489646,0.10435868799686432,0.5831356288243736,-0.13421772420406342,0.479496293696969,0.3179868757724762,0.08681393371202432,0.2995763,0.0,0.22660173,0.20301893,0.23154196,0.007079875,0.032181244,0.111405484,0.29539466,2.1804447,2.5261781,0.0540037,0.42633685,0.86453265,1.9433651,0.76166373,1.8610874,0.0,0.22254643,B_cell_zone,0.0
TGCAAACGTACTAGTT-1,1,77,49,6062,21091.0,6062,4208.1396,Medium-High,3,4,2,0,5,0,5,6,5387.820802513758,0.0,-0.4352818727493286,0.01621285100630913,0.0027052760124206543,0.9886801654390558,-0.2839925289154053,0.12828307506296788,-0.020830374211072922,0.912999195748421,-0.006250143051147461,0.9738507813959263,0.15507937967777252,0.41319728694819663,0.0424116,0.0,0.08728611,0.4034377,0.2981111,0.0042518624,0.1645016,0.2003983,1.033509,1.767946,2.6361604,0.22889483,0.8232378,0.25612223,1.3194108,1.6522903,2.1137736,0.0,0.4656632,Medullary_cords,238.76766950322232
TGCAAAGTTCGTCTGT-1,1,71,59,6765,25479.0,6765,4334.582,High,3,4,2,0,2,1,5,6,4428.313448707081,0.45056120886630463,-0.3151739537715912,0.08979628930744779,-0.10606954991817474,0.5769410993461717,0.05363602191209793,0.7783298911309227,0.052805352956056595,0.7816799757641765,-0.12825609743595123,0.4993989599797483,0.274545282125473,0.14204093161786716,0.048903525,0.0,0.06362659,0.34195295,0.21462242,0.13641272,0.19448183,0.25001255,0.89273673,1.6736577,2.8002737,0.39732578,0.6750624,0.18004577,1.2673397,1.5451183,2.093637,0.0,0.27591455,Medullary_cords,630.1468082915283
TGCAACCCATCTGCGG-1,1,60,90,6781,24678.0,6781,4417.2095,Medium-High,1,6,4,6,2,1,7,5,2638.931791464114,1.0114042647073518,-0.13676606118679047,0.47111544850690223,-0.10782942175865173,0.5705998911986897,-0.0647302195429802,0.7339817997246771,0.11457464098930359,0.5465909935910301,-0.42070844769477844,0.020612148456835604,0.12472914904356003,0.5113655889884728,0.11021364,0.0,0.10944171,0.11301709,0.1100469,0.16677098,0.39050967,0.3702819,0.44253725,2.2121704,2.9014475,0.24801113,0.46262378,0.30121228,1.9409332,0.910946,1.9960653,0.08504833,0.51046014,Medullary_cords,0.0
TGCAACTACTGGTTGA-1,1,69,91,6502,25272.0,6502,4076.4617,High,2,6,3,5,2,1,3,4,3719.277483598125,1.2554823251787535,0.17816075682640076,0.3462296321052141,-0.16821251809597015,0.37424819258448977,0.16334936022758484,0.3884132625214616,-0.0157708078622818,0.93407831423108,-0.14205466210842133,0.4539692583196591,0.1464834362268448,0.439870811469067,0.054341502,0.000693497,0.08760412,0.14019671,0.3906622,0.14671302,0.17978895,0.21237545,0.56820965,2.1591654,2.488561,0.07287614,0.5890973,0.62250817,1.5609531,0.95796347,2.5598342,0.0833509,0.42347258,Medullary_cords,138.42326394071193
TGCAAGAATGACGTAA-1,1,30,60,6999,29065.0,6999,4322.9424,High,5,3,4,1,1,2,1,1,2152.4657953147594,1.0986122886681096,-0.04457603767514229,0.8150667858550992,0.23257246613502502,0.2161731095950653,0.34733837842941284,0.06002041187515486,-0.34760263562202454,0.05981281464499201,-0.2578760087490082,0.16887469006732922,0.29633042216300964,0.11182326371432566,0.1414781,0.16173609,0.080436505,0.08264912,0.16933674,0.18683256,0.17753088,0.10241294,0.36451924,2.4821355,2.9711158,0.10241294,0.5356837,0.27618575,2.1874762,0.90942055,2.1358697,0.0,0.3300849,B_cell_zone,0.0
TGCAATCTAACACGGT-1,1,62,90,7043,26895.0,7043,4444.073,High,0,6,7,4,2,1,4,0,2878.6541994480685,0.6365141682948128,0.2845684289932251,0.12747727876431736,-0.34500280022621155,0.06187985307335056,-0.10825015604496002,0.5690885552837551,-0.23207013309001923,0.21719494010044268,-0.2758132219314575,0.14013474329418835,0.2099786400794983,0.26540636863550143,0.20958814,0.10703071,0.18241695,0.23235595,0.21210787,0.016260242,0.04024015,0.15341899,0.61258274,2.298374,2.8712997,0.2817138,0.4160565,0.2817138,2.1765647,0.8804315,2.0406103,0.07903644,0.41310725,B_cell_zone,0.0
TGCAATTTGGGCACGG-1,1,14,104,4934,15102.0,4934,3967.1611,Low,1,12,3,5,4,3,3,5,3078.3362389446675,0.0,0.1948343813419342,0.30219563006346506,-0.0949246734380722,0.6178070920822591,-0.1443452686071396,0.4466475348944564,-0.07807135581970215,0.6817536287320851,-0.21310868859291077,0.2581834740668939,-0.029042646288871765,0.8789142591563806,0.08084358,0.09928192,0.06477902,0.06844594,0.19015981,0.0,0.4964897,0.22530988,0.57208365,2.173701,2.694042,0.06351504,0.64297116,0.10542886,1.4672823,0.81551695,1.911376,0.25406015,0.25406015,Medullary_cords,238.40302011509837
TGCACAGTGAAGTTAT-1,1,12,100,5689,18513.0,5689,4155.707,Medium-Low,1,12,3,5,4,3,3,5,3221.834415360293,0.45056120886630463,0.3253456950187683,0.07936921169134928,-0.45837339758872986,0.010851680012473037,-0.17676694691181183,0.3500771363179675,-0.17246399819850922,0.36211592429406186,0.07002977281808853,0.713080228795233,0.08435925096273422,0.6576118646987009,0.06317943,0.0,0.13901193,0.12388398,0.31209028,0.0,0.36183438,0.3035505,0.5862601,2.1577196,2.7439451,0.16195759,1.3137945,0.4491017,1.5684661,0.8101635,2.3169644,0.24083966,0.49859035,Medullary_cords,365.0986168146902
TGCACGAGTCGGCAGC-1,1,6,66,4725,13250.0,4725,4019.7188,Low,2,5,0,0,6,3,0,1,4120.772985739447,1.5607104090414068,-0.44009876251220703,0.014942849923319502,0.005401380825787783,0.9774008468074886,0.182723268866539,0.33381422872473704,-0.4040926396846771,0.02678217270294531,-0.4232942461967468,0.01976686597324114,0.3459736108779907,0.06110155890516833,0.1215972,0.002560899,0.20145628,0.24975465,0.3471111,0.01167988,0.06584001,0.140585,0.4948221,2.0985336,2.6070025,0.0,0.37061065,0.50986177,1.5773957,0.6852494,2.609693,0.140585,0.23184282,Medullary_cords,138.0
TGCAGAACTATATCGT-1,1,42,22,4801,14450.0,4801,3934.52,Low,0,7,3,5,3,6,3,0,4568.354627215361,1.3296613488547582,-0.029155004769563675,0.8784492456789968,0.11416137218475342,0.5480482633618026,-0.1351872831583023,0.476298626771634,-0.18152205646038055,0.33705629050911756,-0.06662783771753311,0.7264752167337788,0.0019379397854208946,0.9918908472369613,0.1411043,0.32155114,0.14670894,0.18033496,0.21030065,0.0,0.0,0.36615598,0.53451467,2.1190987,2.8032799,0.1743438,0.4801715,0.47165126,1.8163109,1.1434075,2.146079,0.21720365,0.08765596,Medullary_cords,0.0
TGCAGAGTACCGAGCA-1,1,38,46,5095,15624.0,5095,4033.1877,Low,1,9,3,5,3,6,3,5,2891.00847456385,1.0114042647073518,0.08462538570165634,0.6565972668033918,0.29819977283477783,0.10947363743028811,0.018976710736751556,0.9207159472976921,-0.02780640311539173,0.8840332229835877,-0.1519775688648224,0.42271613455434137,-0.05824226886034012,0.7598250367550959,0.1376845,0.0,0.020150239,0.13368207,0.14211184,0.0,0.5663714,0.15872583,0.69186366,2.3381062,2.816013,0.24736062,0.7110604,0.55029917,1.9354651,0.85743743,2.0961576,0.0,0.24736062,Medullary_cords,0.0
TGCAGATCGTCCTAGG-1,1,42,18,5082,16660.0,5082,3912.9014,Medium-Low,1,7,3,5,3,6,3,5,4841.959314161985,1.5607104090414068,-0.2506297528743744,0.18159419833319818,0.05205518752336502,0.7847086857907248,-0.27379289269447327,0.14318091378044315,0.21076279878616333,0.26358462288732515,0.053360313177108765,0.7794413948763242,-0.3063023090362549,0.09971403531312435,0.07906828,0.09528177,0.0,0.23706242,0.26962474,0.0,0.3189627,0.24628346,0.35492977,2.2572088,2.6888843,0.2161326,0.47208166,0.33367664,1.4681332,1.2256929,1.8441923,0.0,0.36074212,Medullary_cords,137.0
TGCAGCTACGTACTTC-1,1,42,16,6252,22966.0,6252,4148.828,Medium-High,1,7,3,5,3,6,3,5,4979.267616828804,1.0114042647073518,-0.28220391273498535,0.13080955296531285,0.23589718341827393,0.20949254047266105,-0.28918376564979553,0.1211534412815419,0.18944098055362701,0.3160355252667965,-0.09193670749664307,0.6289632360414681,0.001973925158381462,0.9917402743839528,0.044623744,0.064136185,0.0925248,0.17737277,0.18204537,0.01406936,0.42522782,0.31019783,0.38092732,2.0086305,2.9065104,0.2279437,0.6150807,0.2279437,1.5117857,1.0840877,2.0299916,0.09036877,0.5254177,Medullary_cords,138.00362314084367
TGCAGGATCGGCAAAG-1,1,24,74,5887,21654.0,5887,3949.135,Medium-High,2,3,5,2,4,2,2,4,1933.726971420733,0.0,-0.3477463126182556,0.05970018014905515,-0.08539319038391113,0.6536734871744836,0.10843939334154129,0.5684093784306824,0.08647048473358154,0.6495796446620357,0.06409387290477753,0.7365044850619018,-0.44931262731552124,0.012743660362442096,0.040519178,0.12766387,0.27503848,0.104714535,0.26977733,0.0,0.18228662,0.2608548,0.19926977,2.0105665,2.6848738,0.12924898,0.5919043,0.57444525,1.2174234,0.647521,2.749533,0.312294,0.2898193,Medullary_cords,364.34324475691875
TGCAGTGGTAGGGAAC-1,1,68,20,7001,27313.0,7001,4300.3003,High,1,1,0,1,5,0,0,3,5901.153192385366,1.0986122886681096,-0.3822002708911896,0.03713087841366793,0.04251773655414581,0.823469754634653,-0.22622910141944885,0.2293179477011798,0.020372441038489342,0.9149048652270819,-0.04632853716611862,0.8079280230020458,0.12391508370637894,0.5141475951644479,0.034617186,0.0009462028,0.11702633,0.21458536,0.25253835,0.12559977,0.25468686,0.31481072,0.6938465,1.9798352,2.9432547,0.19498688,0.60153234,0.2096377,1.324875,1.249707,2.5889401,0.07799475,0.4702745,Medullary_cords,138.42326394071193
TGCAGTTTCCTCCCAT-1,1,40,90,5480,15221.0,5480,4470.528,Low,4,10,1,4,0,4,4,7,277.34635386101615,1.0986122886681096,0.11741593480110168,0.5366214320702622,0.019875433295965195,0.9169736649048692,0.2686557173728943,0.15114228143519812,0.13561120629310608,0.47490398043035503,0.2895265817642212,0.12069315214273012,-0.04551096260547638,0.811256548180288,0.17839415,0.0,0.1825861,0.16622621,0.043747254,0.042556267,0.38649,0.19924453,0.367647,2.167394,2.539748,0.063128375,0.47571576,0.9663899,1.9827956,1.0323861,1.8972706,0.0,0.3638391,B_cell_zone,0.0
TGCATATGTCTGTCAC-1,1,35,85,5362,14966.0,5362,4346.6455,Low,0,0,7,1,0,2,4,0,414.40318531594323,1.3296613488547582,-0.25141385197639465,0.18018634918468754,0.03838592767715454,0.8403947533510536,0.048249758780002594,0.8001193292614004,-0.0971064493060112,0.6097131438496262,0.18979279696941376,0.3151209364230644,0.09018632024526596,0.6355362375575667,0.10091269,0.0,0.12207374,0.315228,0.21948272,0.0,0.24230283,0.20150921,0.7601683,2.0824592,2.6358294,0.27615425,0.55607444,0.5876375,1.872324,1.3932306,2.0438657,0.25590712,0.31205642,Medullary_cords,0.0
TGCATGGATCGGATCT-1,1,19,67,5858,19106.0,5858,4285.7397,Medium-Low,0,3,7,7,6,2,8,0,2695.808784020113,0.6931471805599453,-0.36437007784843445,0.04775024209771675,0.01765243336558342,0.9262332441176571,0.2783685624599457,0.13634974297350408,0.02108701691031456,0.9119313941069859,-0.5590611696243286,0.0013205450397954024,-0.14028111100196838,0.4596818979136438,0.21555866,0.2275902,0.039171875,0.08382843,0.3581812,0.0,0.07566955,0.105248965,0.52109873,2.2441466,2.8692472,0.35266665,1.2785645,0.08954422,2.315733,0.662235,1.9252039,0.0,0.07016598,B_cell_zone,0.0
TGCATGTGACCCATAG-1,1,68,38,4551,12438.0,4551,3950.139,Low,2,4,0,3,5,0,0,3,4975.9313701055,0.6365141682948128,-0.3391735851764679,0.06671740233868825,-0.3277376890182495,0.07705811018492137,-0.011484578251838684,0.951970380153034,0.18442319333553314,0.3292587662123653,0.06949040293693542,0.7151985241626522,0.299569696187973,0.10777531432100906,0.07040643,0.0,0.23299846,0.18181787,0.22130758,0.013951634,0.27951798,0.32448587,0.47526553,2.03398,2.81322,0.07375444,0.72759116,0.34109128,1.3637149,0.9161115,2.4161532,0.14750887,0.39201283,Medullary_cords,414.77222664976017
TGCATGTGGTAATCTA-1,1,29,81,4428,11038.0,4428,4129.3687,Low,5,3,7,1,4,2,1,1,1180.7561136830925,1.3296613488547582,-0.2609831392765045,0.16361901374970053,0.03801066428422928,0.8419355116247412,-0.21394699811935425,0.2562710817616124,0.05507879704236984,0.7725204624353765,0.20901566743850708,0.2676547191526481,0.011943010613322258,0.950055495114664,0.111530796,0.0,0.11826168,0.15799184,0.4379035,0.015834803,0.15847734,0.12923354,0.44731975,2.0038586,2.7355695,0.16124661,0.37110344,0.64313006,1.5486301,0.9377392,2.0213666,0.16124661,0.4338546,Medullary_cords,137.55726080436466
TGCCAAAGTCAGACTT-1,1,43,19,6571,25298.0,6571,4201.985,High,3,7,3,0,3,6,5,6,4787.152076130442,1.5607104090414068,-0.25754642486572266,0.16943911747374973,-0.09464434534311295,0.6188502665299204,-0.2354239672422409,0.2104346746703186,-0.015307636931538582,0.9360103715958389,0.17815519869327545,0.34624492414970576,-0.3347541093826294,0.07057728303220794,0.047475297,0.18124962,0.0,0.34297335,0.26291758,0.0,0.1653842,0.30802912,1.0472448,1.905165,2.9360497,0.13939312,0.6090886,0.357908,1.3883392,1.5059468,2.0118093,0.0,0.1858575,Medullary_cords,137.92751719653333
TGCCAATGGGTACTCT-1,1,54,52,5295,17385.0,5295,3913.557,Medium-Low,2,2,5,2,2,7,2,4,3132.6758530049037,0.0,-0.34516191482543945,0.06175176323095304,0.09063220769166946,0.633859250409135,0.029359756037592888,0.8776019519635628,-0.3468029499053955,0.06044276859332386,-0.28477743268013,0.12718576418970154,0.30378806591033936,0.10266947328316996,0.04479544,0.0024910958,0.34584486,0.052174546,5.727541e-05,0.17935339,0.37528345,0.32186982,0.5048039,2.236073,2.6295187,0.24822423,0.61250997,0.26611483,1.5183839,0.6057364,3.0567036,0.64373964,0.49808806,Medullary_cords,276.3494165001982
TGCCACCTGGCGAAAC-1,1,20,76,6707,27672.0,6707,4192.8813,High,2,3,0,0,4,2,8,2,2308.739266352959,0.8675632284814613,-0.34527164697647095,0.0616635479546409,0.131217822432518,0.4894598630680611,0.06385473906993866,0.7374531855255564,0.17862088978290558,0.3449650826467851,-0.2945363223552704,0.11411346663568962,-0.19417831301689148,0.303858464179888,0.087045565,0.0,0.35201758,0.14112884,0.24638352,0.16356401,0.009860496,0.3001963,0.5023938,1.9379594,2.4245179,0.115689605,1.2040176,0.74096394,1.2217262,0.93776095,2.7560153,0.15425281,0.2449092,Medullary_cords,138.00362314084367
TGCCAGTACGTGGAGA-1,1,51,71,5055,17214.0,5055,3685.833,Medium-Low,2,2,5,2,0,7,2,4,1947.602628874792,0.0,0.04153803735971451,0.827476145344026,-0.021113181486725807,0.9118225407527064,-0.06783352792263031,0.7217185732664352,0.2014889270067215,0.2856535789621015,0.22799576818943024,0.22560425310189314,-0.3244723081588745,0.08022620699740113,0.026582206,0.07976424,0.35684013,0.02737904,0.1172919,0.0052192686,0.38692328,0.42727134,0.57265425,2.1153877,2.52801,0.057251066,0.5168784,0.24999157,1.4199336,0.7430148,2.9276962,0.7072836,0.49683416,Medullary_cords,365.7608508301565
TGCCATGGCTTATAAG-1,1,4,96,6491,23187.0,6491,4392.6445,Medium-High,3,12,3,1,6,3,1,3,4109.763618506544,1.2424533248940002,0.09421085566282272,0.6204648249047771,0.43693140149116516,0.015768222578060234,-0.20328734815120697,0.281284343538234,0.01749662309885025,0.9268826171783753,-0.20375023782253265,0.2801667366097679,-0.05911799892783165,0.7563212469558124,0.044063732,0.12040143,0.17011188,0.14192672,0.32134926,0.0,0.20214693,0.37617773,0.5952244,1.9068887,2.6566606,0.20031437,0.8051487,0.60100216,1.499019,0.92816114,2.2906117,0.17928973,0.34637877,Medullary_cords,240.00208332429116
TGCCATTACTAAAGAA-1,1,21,87,6872,24823.0,6872,4501.729,Medium-High,0,5,7,4,4,2,4,0,2037.344349882955,1.0114042647073518,-0.4209001660346985,0.020548471738758248,-0.14063660800457,0.4585337972345434,0.10359306633472443,0.5859171796004189,0.11022169142961502,0.5620307187536183,-0.06268336623907089,0.7421057390580684,0.2537328898906708,0.17606741859328012,0.13804348,0.0065633464,0.0,0.18480077,0.25721344,0.32778105,0.085597895,0.27468684,0.49053434,2.4550085,2.8151548,0.04231488,0.7447241,0.6231702,2.204174,1.1715842,1.8479224,0.16925952,0.44696066,B_cell_zone,0.0
TGCCCGATAGTTAGAA-1,1,72,78,4184,11537.0,4184,3750.0645,Low,1,6,3,2,2,1,7,5,4130.031476877628,1.0114042647073518,-0.3028238117694855,0.10382023325927811,0.1598276048898697,0.3988610238773946,0.17681211233139038,0.3499520602627788,-0.03651614114642143,0.8480773568906806,-0.15046630799770355,0.42739750344419714,0.5228864550590515,0.003030511765111557,0.06501397,0.0,0.15199116,0.07110397,0.1832436,0.2756962,0.25295115,0.2817705,0.25046265,2.2578804,2.7814295,0.0,0.3598022,0.15606335,1.5107185,0.83037645,2.6230614,0.15606335,0.375694,Medullary_cords,137.92751719653333
TGCCCGTACCGTTAAA-1,1,45,75,5364,14683.0,5364,4339.6855,Low,2,2,4,3,0,7,0,3,1226.6743659178665,0.45056120886630463,0.020809797570109367,0.9130848144995958,-0.34147268533706665,0.06477546072486723,0.253065824508667,0.1772453569712326,-0.5840500593185425,0.0007026300290084873,0.03218386694788933,0.86592924032787,-0.1162903755903244,0.5405604429153428,0.05026446,0.08184652,0.0959121,0.20919693,0.1783435,0.21963125,0.1648052,0.10744982,0.508857,2.2906084,2.7707813,0.259726,0.36717582,0.53955716,1.9794965,0.9943771,2.4108872,0.129863,0.54625887,Medullary_cords,0.0
TGCCGAAAGCGTATTC-1,1,33,119,5751,19614.0,5751,4081.9163,Medium-Low,1,0,0,3,0,4,6,3,2216.8682865700434,0.6931471805599453,-0.2231486290693283,0.23589125839961853,-0.3622509241104126,0.04915824404522634,0.1137993335723877,0.5493263744622345,-0.04292361065745354,0.8218112366997883,-0.1157560646533966,0.5424350894173389,0.07631204277276993,0.6885651248996632,0.027061585,0.0,0.16330738,0.1112719,0.0965874,0.25339735,0.34837437,0.35085306,0.5365513,2.031378,2.6815004,0.15450135,0.77414435,0.3302361,1.3953888,1.0137709,2.2627244,0.45364648,0.556922,Medullary_cords,364.9465714320385
TGCCGGATGTACGAGC-1,1,62,34,5772,18766.0,5772,4165.831,Medium-Low,2,1,0,0,5,0,0,3,4699.1016162666665,0.6365141682948128,-0.42205810546875,0.02016731374562951,0.06407581269741058,0.7365761209408802,-0.19139601290225983,0.3109740257119479,-0.3716403543949127,0.04316155150056899,-0.25002795457839966,0.18267994617616312,-0.015226551331579685,0.9363486465904047,0.05933349,0.001172587,0.24032314,0.2814976,0.1695252,0.010848196,0.23729976,0.25301993,0.78002286,1.8946187,2.5014977,0.25086737,0.56125975,0.16018027,1.2343278,1.2744564,2.5166183,0.1813742,0.5219128,Medullary_cords,240.00208332429116
TGCCGTGGATCGTCCT-1,1,57,63,5813,23624.0,5813,3625.8164,Medium-High,2,2,5,2,2,7,2,4,2853.0028040645175,0.45056120886630463,-0.003958623856306076,0.983436312899278,-0.0065101683139801025,0.9727632846722332,-0.04795573651790619,0.8013131622424083,0.0845116525888443,0.6570307837528044,-0.1763661652803421,0.35118819009451474,0.01690990850329399,0.9293282871925135,0.03788662,0.052795194,0.23876706,0.032856833,0.20662995,0.30979338,0.12127097,0.33757287,0.39690104,2.1864767,2.3810775,0.2531565,0.20903438,0.31150112,1.4220843,0.8527331,2.931058,0.29317763,0.47769263,Medullary_cords,413.0012106519786
TGCCGTGGGACCCAAT-1,1,71,67,5950,19020.0,5950,4307.5547,Medium-Low,1,4,3,6,2,1,7,5,4208.566501791317,0.6365141682948128,-0.06258200854063034,0.7425087415154847,-0.07534680515527725,0.6923124239171694,-0.04428352415561676,0.8162597633902906,-0.1621614247560501,0.391919685165147,-0.15788361430168152,0.4046959341558128,0.44295114278793335,0.014230637135331035,0.1303734,0.11006608,0.016321369,0.33345106,0.33101842,0.0007426005,0.078027,0.24718069,0.7799623,2.1879056,3.082083,0.14264032,0.50763357,0.2767883,1.5142826,1.2451469,1.9978304,0.0,0.39999297,Medullary_cords,138.0
TGCCTAATTGAAGATT-1,1,55,105,5752,17531.0,5752,4350.5527,Medium-Low,4,10,7,4,0,4,4,7,2348.9957428654484,1.5607104090414068,0.1992369294166565,0.29118557205645856,0.20469710230827332,0.27788950914881494,0.1559041440486908,0.4106866049949379,0.30499786138534546,0.10123927350129466,0.04435230791568756,0.8159792016592528,0.135235995054245,0.476138263825095,0.105560556,0.11609419,0.21412277,0.021946004,0.41094565,0.028741391,0.102589466,0.09514956,0.33012736,2.2732778,2.7409437,0.16925322,0.33783022,0.77849525,2.028308,0.6206265,2.0929945,0.112835474,0.4558219,Medullary_cords,0.0
TGCCTGACATCGGTCA-1,1,16,20,7124,27708.0,7124,4474.475,High,4,11,1,4,1,5,4,7,5371.042543119538,1.0114042647073518,-0.5810402631759644,0.0007601482418799247,-0.022312035784125328,0.9068366159481053,0.18238137662410736,0.33473505094903755,-0.062373511493206024,0.7433379442244268,-0.4854376018047333,0.006543186633311047,-0.0665440782904625,0.7268060342209339,0.15302984,0.0,0.12221302,0.06548005,0.40064237,0.2205186,0.03811604,0.22725455,0.49841362,2.1770494,2.7753386,0.15408511,0.21289459,0.6093502,2.0524554,0.84654605,2.2006228,0.07704256,0.35436782,Medullary_cords,0.0
TGCCTGATCAAACGAT-1,1,20,70,7439,31070.0,7439,4534.662,High,0,3,7,4,4,2,4,0,2486.552834749344,0.0,-0.2155606597661972,0.2526161581333783,-0.03086494281888008,0.8713773737912244,0.24431216716766357,0.19321946534714302,0.20146878063678741,0.2857027684458756,-0.5258259773254395,0.0028422542876796273,-0.46459347009658813,0.009694307096814257,0.15610069,0.06850107,0.017357511,0.18928578,0.40759984,0.0132405525,0.14791456,0.15912217,0.6786231,2.298525,2.8631997,0.06976076,1.2351938,0.5023248,2.1989932,0.9425559,2.0964346,0.33352408,0.38488114,B_cell_zone,0.0
TGCCTTGGCCAGGCAA-1,1,52,82,5884,20515.0,5884,4060.6895,Medium-High,2,10,5,2,0,4,2,4,1727.1262258445386,0.0,-0.034313708543777466,0.8571442217878493,-0.010080255568027496,0.9578378630383069,-0.10169734805822372,0.5928293517626537,-0.025226376950740814,0.8947309673332245,-0.11511038988828659,0.5447045390015511,-0.08301922678947449,0.6627295351654522,0.036424823,0.09351439,0.24322169,0.02991092,0.062132042,0.15877855,0.37601748,0.32026157,0.60467994,2.470841,2.774764,0.18434401,0.5044306,0.18434401,1.7665108,1.0397104,2.8878489,0.5791344,0.5439441,Medullary_cords,276.3494165001982
TGCGAATATGGGATTT-1,1,45,13,7102,26810.0,7102,4460.629,High,1,7,0,3,3,6,6,5,5230.69039420228,1.0114042647073518,-0.3683541715145111,0.04518997337808422,-0.06656188517808914,0.7267356998383859,0.30262383818626404,0.1040600935168304,-0.30115023255348206,0.10584047142519176,-0.32998716831207275,0.07493232272570917,0.26057520508766174,0.16430230255573494,0.067234196,0.003274629,0.18436502,0.04618435,0.09583008,0.026880167,0.5762315,0.42986327,0.52619374,2.1047547,2.9536238,0.07925372,0.34735087,0.24279505,1.7286444,0.79691344,1.932876,0.49527854,0.71268743,Medullary_cords,137.55726080436466
TGCGACACCCTAGTGC-1,1,46,46,5147,14692.0,5147,4168.7524,Low,5,9,4,1,3,7,1,1,3046.2233995555875,1.3296613488547582,-0.18359674513339996,0.3314687068751119,-0.26356884837150574,0.15933499217532868,0.18103908002376556,0.33836521396236996,0.09670153260231018,0.6112119343064188,-0.3513917922973633,0.05689755106127024,0.05021894350647926,0.7921352510015963,0.07503258,0.086905375,0.065085486,0.15871297,0.24512345,0.2549762,0.114163876,0.26816604,0.4217006,2.3125434,3.043843,0.12980093,0.30210704,0.42390987,2.1001148,1.1338832,2.1472456,0.0,0.6026906,Medullary_cords,0.0
TGCGACGGCCGAACGT-1,1,60,32,6066,19603.0,6066,4332.301,Medium-Low,5,1,0,1,5,0,1,1,4669.382079033585,1.2424533248940002,-0.3241077959537506,0.0805859721173996,-0.10354956984519958,0.5860753795735747,-0.27104467153549194,0.14740125584895813,-0.199727401137352,0.2899749774546376,-0.18115849792957306,0.33804129057228566,0.10108574479818344,0.5950668929154552,0.106182285,0.08904067,0.16195388,0.16069089,0.0079638185,0.20427369,0.26989472,0.39987803,0.5848657,2.2492044,2.9297562,0.32214263,0.50575954,0.41785675,1.737513,1.1124879,2.0471861,0.27885383,0.32330027,Medullary_cords,137.00364958642524
TGCGAGAATATTACCC-1,1,50,40,5128,15703.0,5128,3956.1704,Low,2,9,5,2,3,7,2,4,3602.9038288580505,0.0,-0.07335522025823593,0.7000667191359712,-0.5290054082870483,0.0026500685767839273,0.13404178619384766,0.4800777327839956,0.25159209966659546,0.17986737779380016,-0.15862570703029633,0.4024628636055027,0.017570653930306435,0.9265740718749081,0.062405664,0.0,0.4034897,0.19718094,0.21842098,0.0,0.11850266,0.24965373,0.6061957,1.9139724,2.4884133,0.31833702,0.6615296,0.6161562,1.2169625,1.0472432,3.221714,0.20535466,0.21903324,Medullary_cords,601.4000332557357
TGCGAGATGGCGGCCA-1,1,11,115,6616,24031.0,6616,4413.3535,Medium-High,5,12,4,1,4,3,1,1,3729.724520658329,0.6829081047004717,-0.02630576677620411,0.8902531064710876,0.24427591264247894,0.1932876349526705,-0.20996491611003876,0.26543832475364676,-0.08413960784673691,0.6584496698975864,-0.2344971001148224,0.21228837644177379,0.00400654599070549,0.9832358246730418,0.07805257,0.16527185,0.016572751,0.13961777,0.073226705,0.2633844,0.2638739,0.252664,0.5102043,2.3942392,3.0141695,0.0434909,0.38645497,0.1739636,1.932589,1.0832818,1.6905618,0.0869818,0.55821025,B_cell_zone,0.0
TGCGAGCCCTTCCGCG-1,1,12,102,5706,19357.0,5706,4034.4258,Medium-Low,1,12,3,5,4,3,3,5,3259.354537327905,0.0,0.17585495114326477,0.35260844800341334,-0.18773910403251648,0.3204829808926872,-0.16147688031196594,0.3939484666768683,-0.1499853879213333,0.42889319294374023,0.13204650580883026,0.4866970731616557,0.10706738382577896,0.5733418282883421,0.09731216,0.099492796,0.06349068,0.21140717,0.39386284,0.0,0.13443425,0.24418372,0.49832094,2.2653387,2.8468113,0.19282168,0.72763324,0.5257079,1.6306304,1.0687677,2.2702923,0.10411923,0.2365399,Medullary_cords,276.0018115882575
TGCGCAAAGCATTTGG-1,1,31,67,6091,19601.0,6091,4380.146,Medium-Low,1,3,3,6,4,2,7,5,1670.6387999804147,0.6365141682948128,-0.009636083617806435,0.9596941477990242,-0.06873254477977753,0.7181784032475151,0.04449877142906189,0.81538186670271,0.12118110805749893,0.5235448773221131,-0.29902929067611694,0.10844289591482198,0.03662076219916344,0.8476471212287192,0.05578513,0.078343734,0.11679001,0.07666762,0.14330873,0.0,0.5291047,0.30659372,0.53727216,2.0501118,3.0197294,0.051528443,0.44581985,0.32216758,1.6167452,1.0363094,1.9563195,0.69787943,0.53395754,Medullary_cords,137.0
TGCGCGATTAACGGAG-1,1,27,41,5735,19604.0,5735,4174.146,Medium-Low,5,3,4,1,1,2,1,1,3492.581423531884,0.5004024235381879,0.30956408381462097,0.09597601926540607,-0.1014159545302391,0.593858372915939,0.015220250934362411,0.9363749312053126,-0.14944596588611603,0.43057424444299813,-0.45031318068504333,0.012522057059609492,0.2918110191822052,0.11765887559070318,0.12245012,0.14167249,0.02824646,0.09942929,0.009756112,0.21643132,0.38201421,0.1394323,0.5241284,2.4333937,3.0549123,0.10305259,0.60441095,0.21910253,2.2036426,0.9508604,1.7772312,0.0,0.50865614,B_cell_zone,0.0
TGCGGACTTGACTCCG-1,1,68,76,5597,17434.0,5597,4162.914,Medium-Low,1,6,3,3,2,1,0,3,3687.6422006479966,1.0114042647073518,0.16682453453540802,0.37825986037854104,-0.1991167962551117,0.29148257671604255,-0.25192970037460327,0.1792643340652671,-0.034240663051605225,0.8574452438737227,-0.33658766746520996,0.0689554121705648,-0.11319763958454132,0.5514536134609708,0.068784945,0.00090298057,0.10362944,0.10760311,0.34228942,0.029828988,0.34696108,0.56134003,0.5143005,2.1676407,2.845875,0.15220906,0.55467457,0.27733728,1.6188627,1.0667789,2.3602083,0.25025645,0.36555997,Medullary_cords,238.76766950322232
TGCGGAGTAAAGGTGC-1,1,22,70,5814,18207.0,5814,4364.4897,Medium-Low,5,3,7,1,4,2,1,1,2281.3631889727685,1.0986122886681096,-0.28775855898857117,0.12308094428580961,0.11135682463645935,0.5579853184663944,0.057005152106285095,0.7647826674666425,0.259684681892395,0.1658009793373795,-0.21057096123695374,0.2640295416588869,-0.20000702142715454,0.28928624706625145,0.12023628,0.09705416,0.030609993,0.2010677,0.23451732,0.015502302,0.30101225,0.25681308,0.7047863,2.497657,2.813772,0.054720502,0.9729008,0.20209259,2.088985,1.2621936,2.0361557,0.109441005,0.21888202,B_cell_zone,0.0
TGCGGCATAGTTCAAC-1,1,12,54,7143,27009.0,7143,4531.404,High,4,8,7,4,1,5,4,7,3895.223741969131,1.3296613488547582,0.05052387714385986,0.7909007134105827,-0.061400361359119415,0.7472119183403877,-0.1169159933924675,0.5383693427415205,-0.1108231246471405,0.5598856562476392,-0.42497074604034424,0.01923426586135354,-0.10244901478290558,0.5900843963362498,0.13502778,0.07088088,0.10644131,0.20614357,0.23198211,0.20461233,0.04491191,0.09337988,0.61244917,2.2920318,2.6587405,0.07874774,0.33477864,0.79833496,1.9133348,0.94323856,2.2541308,0.13854223,0.28972,Medullary_cords,0.0
TGCGGGTATTGGGATC-1,1,1,71,4963,14028.0,4963,4142.814,Low,3,5,2,0,6,3,5,6,4583.75413825829,0.0,-0.6357587575912476,0.00015973248225138257,0.236964151263237,0.20737890038681245,0.2637735605239868,0.15899928372437097,-0.31660330295562744,0.08827125488675597,-0.05746474117040634,0.7629398314957443,0.11846904456615448,0.5329483696925572,0.027713895,0.0025605187,0.12277878,0.3721859,0.17647873,0.263719,0.034563214,0.21025166,1.079923,1.6061296,2.413224,0.17804556,0.7433341,0.40975356,1.1004477,1.655699,1.901259,0.2690971,0.5644872,Medullary_cords,238.90793205751876
TGCGGTCTACGAGTAA-1,1,0,94,7468,33737.0,7468,4322.6694,High,1,12,3,6,6,3,7,5,4569.716402579048,0.0,0.22891810536384583,0.22368163280208322,0.21002399921417236,0.2653007681878626,-0.14271995425224304,0.45183614485956525,0.0012739766389131546,0.9946690982201887,-0.17785575985908508,0.3470693686311035,0.30218541622161865,0.10458741868321168,0.0654669,0.07383767,0.09128077,0.11503516,0.06431972,0.18983744,0.40022227,0.24217612,0.5251223,2.2712998,2.9575438,0.16226226,0.7137355,0.43265116,1.765477,0.8992206,2.1760473,0.12980981,0.7550917,Medullary_cords,497.24139007126104
TGCGGTGAAATTTCAT-1,1,12,66,6890,25627.0,6890,4540.542,High,4,5,1,4,6,3,4,7,3462.453465391268,0.45056120886630463,-0.3628259599208832,0.04877296661830109,-0.22289901971817017,0.23642935120112868,-0.3532489538192749,0.05551011125578081,0.13121327757835388,0.489475037362066,0.28801167011260986,0.12273698504566477,-0.16470655798912048,0.38442941924182894,0.1886751,0.0026684694,0.0,0.22680566,0.34954882,0.23230202,0.0,0.113288805,0.63116795,2.3347964,2.7871177,0.17924209,0.3441202,0.65974796,2.1263065,0.85489875,1.7644403,0.08236432,0.20596129,B_cell_zone,0.0
TGCGTAAGAACCTGAT-1,1,43,43,7306,29702.0,7306,4452.593,High,5,9,4,1,3,7,1,1,3154.9429471862086,0.45056120886630463,-0.29125773906707764,0.11838851670194031,-0.14701524376869202,0.4381940031833967,0.25322118401527405,0.17697052090728282,0.30301111936569214,0.10359594213765148,-0.4702439308166504,0.008734784143798278,0.020990001037716866,0.9123350260769216,0.09860672,0.067685485,0.047622334,0.29428756,0.23232733,0.0044167647,0.25505376,0.20726958,0.71898526,2.052834,2.9366832,0.3113037,0.5185733,0.35290518,1.7416866,1.296413,1.7945963,0.14510632,0.36677384,Medullary_cords,137.55726080436466
TGCGTACGGCTAATTG-1,1,67,101,6429,29252.0,6429,3704.2861,High,2,13,5,2,7,1,3,4,3587.756959438585,0.45056120886630463,0.45309221744537354,0.011923398245446037,0.372175008058548,0.042838520596745006,-0.3919568955898285,0.03217993252926279,0.1926070749759674,0.30786414198889006,-0.31804537773132324,0.08675272045863386,-0.1652291864156723,0.3829016491866808,0.035217885,0.08353614,0.24150112,0.06300117,0.23430684,0.19526428,0.14717261,0.17285496,0.44816172,2.2837281,2.5199192,0.17540067,0.60064125,0.27728555,1.4014792,0.8504907,2.867332,0.3234988,0.40810382,Medullary_cords,631.31687764545
TGCGTCATGACTGAGC-1,1,53,21,5123,17460.0,5123,3758.2366,Medium-Low,2,7,5,2,5,0,2,4,4950.00282828202,0.0,0.3207318186759949,0.08397709151988846,-0.1975582093000412,0.2953533044596246,-0.1390053778886795,0.46381445734352983,-0.16084425151348114,0.3958287170331565,0.08445503562688828,0.6572466315400765,0.21743813157081604,0.24840712794055186,0.072996445,0.0,0.24576452,0.15020551,0.23596045,0.007471856,0.28760117,0.2948841,0.4362679,2.16619,2.525312,0.11320968,0.55406034,0.3632124,1.3701501,1.0388472,2.9219756,0.2978041,0.5203198,Medullary_cords,601.2096140282522
TGCGTGATTGGGTGTC-1,1,11,17,6602,25515.0,6602,4315.207,High,4,11,1,4,1,5,4,7,5860.231138786251,0.6730116670092565,-0.4373682141304016,0.015652192345250133,-0.24458014965057373,0.19271609389762773,-0.04737040773034096,0.8036911050044606,0.22205331921577454,0.23825855622593323,-0.33985579013824463,0.0661365094667096,-0.1858777105808258,0.3253913323613017,0.19841167,0.0028673117,0.0657846,0.2170042,0.33183667,0.008037057,0.17605849,0.1902235,0.46129462,2.0804815,2.7566147,0.113683,0.5057021,0.7855436,2.0187845,0.79393786,1.7106777,0.16534431,0.25912893,B_cell_zone,0.0
TGCGTTTGTTGACACT-1,1,42,76,4434,11256.0,4434,4127.1025,Low,0,2,4,1,0,4,1,1,954.9795809335402,0.6365141682948128,-0.1812816858291626,0.33770733833866307,-0.23876500129699707,0.20384471596968817,0.3069998621940613,0.09890555562664381,0.23427367210388184,0.2127368870490173,-0.28450483083724976,0.1275660817276054,-0.1442793905735016,0.44685721680680907,0.2136322,0.0006257027,0.10926749,0.07752903,0.38834128,0.040852796,0.16975154,0.2071433,0.39909846,2.5570593,2.92728,0.07947246,0.2071433,0.33481416,2.1817007,0.7952265,2.0469444,0.2553417,0.4464189,B_cell_zone,0.0
TGCTAAGTGTCTATTT-1,1,52,90,5897,20479.0,5897,4053.8357,Medium-High,2,10,5,2,0,4,2,4,1683.00118835371,0.0,0.1687816083431244,0.372610577871501,0.18780221045017242,0.3203173801538214,-0.05448018014431,0.7749293895343129,0.36334460973739624,0.04842752636414901,-0.23197460174560547,0.21738963801184158,-0.26469388604164124,0.1574962860143295,0.033029348,0.0,0.24744867,0.17491578,0.15296584,0.15316747,0.23847298,0.33907178,0.59766793,2.0468388,2.837654,0.43222973,0.6817381,0.23428716,1.2589934,1.0904403,2.8141477,0.36916482,0.4633883,Medullary_cords,366.3659372812926
TGCTATACAAACGGAC-1,1,5,55,6243,21849.0,6243,4297.252,Medium-High,3,8,2,0,6,5,5,6,4558.702666329534,0.45056120886630463,-0.2979799509048462,0.10974800632517555,-0.30846044421195984,0.09722873701529765,-0.08867019414901733,0.6412515920858711,0.2485269457101822,0.18540782392472224,-0.12095101177692413,0.5243395505260008,-0.1617443561553955,0.393155035470745,0.08744256,0.0,0.01917113,0.453201,0.4060222,0.0,0.03416305,0.22255814,0.76161945,1.8628229,2.7311358,0.32021904,0.3988462,0.45892617,1.2768666,1.3810041,2.154275,0.0942127,0.12561694,Medullary_cords,138.0
TGCTATGGCAAAGGGA-1,1,70,26,7843,36681.0,7843,4444.04,High,4,1,7,4,5,0,4,7,5736.453608284477,1.0114042647073518,-0.46686097979545593,0.009299104802378007,0.019528008997440338,0.9184201384866634,0.2041403204202652,0.27922713324265375,0.21569545567035675,0.2523124090885899,-0.035526975989341736,0.8521472229621082,0.10100086778402328,0.5953777019196993,0.14933655,0.07478976,0.20293774,0.17968415,0.28072178,0.0,0.11252999,0.08453424,0.54136854,2.106326,2.6575952,0.19525126,0.48610196,0.86888003,1.6204427,0.88639337,2.0098372,0.10879744,0.17997363,Medullary_cords,137.00364958642524
TGCTCAAAGGATGCAC-1,1,77,19,6990,29216.0,6990,4219.8125,High,1,1,3,5,5,0,3,5,6661.766507466319,0.0,0.03728160262107849,0.8449305277900054,-0.11584080755710602,0.5421375620210681,0.07729282975196838,0.6847648466000827,-0.3814990520477295,0.03750906880492148,-0.39583009481430054,0.03036916980726164,0.2757982909679413,0.14015708134322943,0.04713675,0.0,0.0093944315,0.18357122,0.3608211,0.09947049,0.29960606,0.27713618,0.6553603,2.3032227,2.717457,0.24077046,0.71703285,0.40831363,1.7192369,1.0543429,2.4121423,0.0,0.6089215,Medullary_cords,497.9327263797791
TGCTCCACAGTTCTTA-1,1,45,95,5815,17869.0,5815,4385.6475,Medium-Low,3,10,0,3,0,4,0,3,967.7293009927931,0.8675632284814613,-0.2524830400943756,0.1782789990330457,-0.17640851438045502,0.3510706894950689,-0.023757869377732277,0.9008281571406603,0.1176266148686409,0.5358856549525463,-0.00986603181809187,0.958733121190424,0.32742390036582947,0.07735829831453825,0.07082874,0.16329113,0.07489975,0.17999151,0.16302872,0.25483882,0.09312144,0.6169734,0.5647876,2.0277743,2.928942,0.22224388,1.2377605,0.3927937,1.6770442,0.9740162,1.7961265,0.22224388,0.5186912,Medullary_cords,238.40302011509837
TGCTCGGCGAAACCCA-1,1,57,61,6403,27948.0,6403,3699.5635,High,2,2,5,2,2,7,2,4,2938.804178573319,0.0,-0.03357179835438728,0.8602025563067545,-0.05073782801628113,0.7900348193834794,-0.040175408124923706,0.8330555368478214,-0.05871562659740448,0.7579305523584188,-0.0223761685192585,0.9065699898867647,-0.010661408305168152,0.9554094355785275,0.03448054,0.0019367705,0.32992533,0.21744436,0.23218212,0.0,0.18403092,0.31469524,0.5707312,2.0600379,2.4979177,0.10570532,0.5964394,0.16761783,1.2304405,1.0562818,3.2198591,0.25876787,0.56857663,Medullary_cords,495.9858868959882
TGCTCGGTGGGTCACC-1,1,66,72,5070,15326.0,5070,3980.6006,Low,2,6,5,2,2,1,2,4,3530.4529454448193,0.0,0.4581417441368103,0.01089693155592016,-0.019829953089356422,0.9171630034663616,-0.28955236077308655,0.1206585917859477,0.12578825652599335,0.5077573265507727,-0.19532348215579987,0.3009597134876012,0.16158470511436462,0.3936285087084492,0.026615666,0.08600461,0.20406798,0.21829243,0.20422302,0.0,0.26079634,0.26183885,0.73395073,2.0427983,2.6860154,0.06279154,0.63663197,0.22997588,1.2695653,1.1133353,2.6720457,0.5236777,0.16744411,Medullary_cords,138.0
TGCTCTTGAGAGTTTG-1,1,64,70,4644,11972.0,4644,4141.1597,Low,5,6,4,1,2,1,1,1,3352.2059900907043,1.3296613488547582,0.2064521312713623,0.27370021991055143,-0.02629264071583748,0.8903075404888343,-0.19269438087940216,0.30764070377838354,0.31426486372947693,0.09077661290717941,-0.107014961540699,0.5735306691283657,0.23124276101589203,0.21888510360659685,0.24314283,0.23155029,0.40141794,0.121548,0.0,0.0023410097,0.0,0.1986973,0.4137174,2.3864422,2.7740192,0.15180908,0.6820013,0.22771361,1.9488257,0.7640698,2.2113414,0.0,0.26492974,Medullary_cords,0.0
TGCTGGTTGGACAATT-1,1,21,41,5386,15180.0,5386,4330.1436,Low,3,11,0,0,1,5,0,3,3822.3532018901656,0.0,-0.5342525243759155,0.0023573957545600763,-0.06445087492465973,0.7350888802894616,-0.24317851662635803,0.1953589820982853,0.04589332640171051,0.8096994561736128,0.3152479827404022,0.08971681572226706,0.1587977409362793,0.401946186272596,0.09593982,0.002011192,0.11680233,0.28622764,0.20397466,0.2924232,0.0026211687,0.42163593,0.91635704,2.1115484,2.764068,0.1265178,0.46598345,0.32611114,1.5308177,1.1951611,2.3007176,0.33664253,0.56557333,Medullary_cords,238.76766950322232
TGCTGTTGAAGAACTC-1,1,38,66,4236,10843.0,4236,4010.9465,Low,5,2,3,1,0,7,1,1,1514.0052840066312,0.45056120886630463,0.03211544454097748,0.8662117296705912,-0.005359504371881485,0.9775760123684692,0.2689865827560425,0.15062011850308227,-0.17441706359386444,0.3566215776355246,-0.1805327981710434,0.33974060448715154,-0.04234112426638603,0.8241916762972961,0.2539063,0.002071779,0.0,0.19482215,0.43259957,0.016159574,0.10044058,0.16577697,0.5227527,2.5488179,2.978456,0.0,0.41083887,0.3267492,2.3026,0.98477465,1.9291738,0.0,0.2178328,B_cell_zone,0.0
TGCTTAGAGAGAATGC-1,1,62,26,7154,28581.0,7154,4390.748,High,3,1,2,0,5,0,0,3,5145.808585635497,0.8675632284814612,-0.5270256400108337,0.0027683724734716437,-0.12746551632881165,0.5020690477572715,-0.34064245223999023,0.0654715689216099,-0.14863036572933197,0.43312282520749196,0.08296100050210953,0.6629522463347647,0.5363159775733948,0.0022502064231700258,0.05730574,0.0033863636,0.22719797,0.33833122,0.13885581,0.0,0.2349229,0.36206007,0.93021154,1.8409877,2.837834,0.23103058,0.7162554,0.39121276,1.2222587,1.4365188,2.0916815,0.4338498,0.39540774,Medullary_cords,365.57078657901536
TGCTTCCCAAGCAGTA-1,1,62,66,5272,15365.0,5272,4212.6655,Low,5,4,4,1,2,1,1,1,3249.5676635515683,1.5607104090414068,0.0091478256508708,0.9617349149902751,0.08269120752811432,0.6639845515237073,0.17495954036712646,0.35510434643132144,0.0838267132639885,0.6596438729775669,-0.33229973912239075,0.07279438626834198,0.17153331637382507,0.3647516451204521,0.12906092,0.0,0.1537632,0.14615634,0.230919,0.33351216,0.0065883393,0.18099307,0.43573046,2.2297425,3.0110035,0.12532593,0.4586618,0.16687137,1.9906032,1.1137068,2.1738453,0.12532593,0.54785293,Medullary_cords,0.0
TGCTTGAAACCATGCA-1,1,9,17,6855,30490.0,6855,4197.261,High,4,8,1,4,1,5,4,7,5995.776596905525,0.0,-0.4832618236541748,0.006824937224147952,-0.1910315752029419,0.31191368498634053,-0.2806774973869324,0.1329943490636963,-0.19731324911117554,0.2959646042141267,-0.0545281246304512,0.7747363777171682,-0.022207481786608696,0.9072713110279862,0.16949512,0.09500512,0.11352537,0.14693223,0.24683991,0.023202557,0.20499973,0.09850937,0.4967698,2.0059876,2.5218945,0.09850937,0.5045311,0.8721737,1.8042585,0.7077526,1.7630719,0.07091811,0.22590332,B_cell_zone,137.55726080436466
TGGAACCACTGACACA-1,1,24,102,6083,20859.0,6083,4244.395,Medium-High,1,0,3,6,4,2,3,5,1934.0736800856373,0.45056120886630463,-0.1199585348367691,0.5277739039400888,0.003577765077352524,0.9850297172772962,-0.06168500334024429,0.7460781691042724,0.014206611551344395,0.9406045662525484,-0.057508982717990875,0.7627625008923233,-0.1298450082540512,0.49405425868549135,0.08957325,0.0,0.13273342,0.21100181,0.26898524,0.0030316657,0.2946746,0.40477133,0.5790806,2.014406,2.7359304,0.19582146,0.62902784,0.41885945,1.7257593,1.0264851,2.1499848,0.1680854,0.35579312,Medullary_cords,238.40302011509837
TGGAAGAAGGGAACGT-1,1,39,35,3975,10880.0,3975,3727.1377,Low,1,9,3,5,3,6,3,5,3650.2801262368894,0.8675632284814613,-0.24710801243782043,0.18801260210128382,-0.04563477635383606,0.8107522664918949,0.07194843143224716,0.7055620156704527,0.062357865273952484,0.7434001813512756,-0.08553609997034073,0.6531298439356482,0.46209070086479187,0.010146837922425397,0.09290606,0.0026470572,0.051316153,0.15121844,0.24396312,0.0,0.4579492,0.24696144,0.75638986,2.3071847,2.8279562,0.16297738,0.5754116,0.40472093,1.7509952,0.9352885,2.1775458,0.4237879,0.32928193,Medullary_cords,238.40302011509837
TGGAAGACGAACACCA-1,1,14,46,7030,28313.0,7030,4268.011,High,2,8,0,2,1,5,2,4,4076.529528900778,0.6365141682948128,0.2709910273551941,0.1474845195976092,0.10377491265535355,0.5852559939282259,-0.30329957604408264,0.1032512423323368,-0.05486246570944786,0.7733907753979917,-0.5007915496826172,0.004821781978668764,-0.10964381694793701,0.5640952858780323,0.070090726,0.00044872242,0.25406432,0.24336407,0.39321452,0.0196282,0.019189458,0.4028114,0.7673799,1.9813969,2.787805,0.28526205,0.73031175,0.28153038,1.4265783,1.0267273,2.6731875,0.0,0.63753104,Medullary_cords,600.204131941792
TGGAAGGATAAAGATG-1,1,20,68,7410,29963.0,7410,4586.4434,High,0,3,7,4,4,2,4,0,2557.5433525162384,0.0,-0.3981500566005707,0.02932477490852859,-0.05749915540218353,0.7628018900856504,0.32012680172920227,0.0845961867876327,0.1396084874868393,0.46185833504772716,-0.42872703075408936,0.01808386652549143,-0.06293220818042755,0.7411166167092318,0.23102589,0.0,0.21970434,0.30847114,0.013916832,0.00116564,0.22571613,0.32252762,0.6743808,2.1241977,2.8995023,0.15871823,0.8468651,0.47924975,2.0256636,0.91307807,1.9572113,0.0,0.27922752,B_cell_zone,0.0
TGGAATATCCTTGACC-1,1,23,107,6917,25549.0,6917,4411.2866,High,1,0,3,6,4,2,7,5,2222.7046587434866,0.6931471805599453,-0.42225053906440735,0.020104538996520288,-0.13822408020496368,0.4663549840121857,0.3443854749202728,0.062378777937147155,0.15832148492336273,0.4033774685667614,-0.5019955635070801,0.004704949975986507,-0.11624807864427567,0.5407087313832946,0.03991261,0.08129819,0.06489179,0.02827532,0.24707577,0.14090621,0.3976401,0.2903996,0.33781028,2.1733031,2.7568724,0.08258672,0.4569191,0.23135754,1.6917031,0.7893511,2.0536633,0.24776016,0.8876139,Medullary_cords,138.00362314084367
TGGAATTAGACGCTTT-1,1,26,18,6974,27352.0,6974,4330.269,High,2,11,0,3,3,6,0,3,5028.151648468849,0.6931471805599453,-0.14320218563079834,0.45029333102209584,0.22981829941272736,0.22181587936045166,-0.12740635871887207,0.502269131793361,-0.06119835749268532,0.7480168280156838,-0.6552919745445251,8.492736839872e-05,-0.011645756661891937,0.9512971029206584,0.0047017834,0.04187008,0.15130474,0.12617217,0.20476387,0.110507935,0.36067933,0.3516625,0.6488557,2.0579553,2.750096,0.11685981,0.6359384,0.47393957,1.4079963,1.0020955,2.36746,0.21512297,0.56895226,Medullary_cords,364.00137362378183
TGGACCAATCTAAGAT-1,1,62,80,5620,17490.0,5620,4208.684,Medium-Low,3,6,0,0,2,1,0,3,2926.8114049251617,1.0114042647073518,0.05947414040565491,0.7548976766335052,0.21117429435253143,0.2626319127900399,-0.178512305021286,0.3452632468388963,-0.13428224623203278,0.47928315267304317,-0.23953108489513397,0.20235390625609792,-0.03663608431816101,0.8475841153113858,0.033410914,0.08599003,0.13853052,0.28109896,0.25997636,0.011217058,0.18977614,0.3707999,0.9735329,2.0396588,2.6684363,0.11305345,0.74431634,0.37794307,1.3316886,1.3279763,2.208941,0.11305345,0.32952747,Medullary_cords,137.0
TGGACCACGGCGTTGA-1,1,7,19,7054,29776.0,7054,4330.9097,High,4,8,1,4,1,5,4,7,6028.721423320205,1.0549201679861442,-0.6869763135910034,2.755264706763082e-05,-0.26688137650489807,0.1539647510597199,0.28839415311813354,0.1222185661897948,0.04672779515385628,0.8063037460626792,-0.4842841625213623,0.006691293800699343,-0.13730162382125854,0.4693638866067955,0.1708546,0.07853575,0.015434265,0.22460626,0.23154338,0.010794798,0.26823094,0.14264356,0.44947553,2.3432217,2.8059397,0.27323806,0.3353299,0.578207,2.1836352,0.91264457,1.8334842,0.1447805,0.29830897,B_cell_zone,0.0
TGGACGCAATCCAGCC-1,1,58,20,7620,35449.0,7620,4162.209,High,2,1,0,2,5,0,2,4,5258.257696233611,0.6365141682948128,-0.2724640965461731,0.14521041792997522,-0.16371314227581024,0.3873431127706825,0.0005342438817024231,0.9977644659402628,0.19468127191066742,0.30258317973081106,-0.11461985111236572,0.5464316836770149,-0.07256931066513062,0.7031348847504896,0.0643675,0.04924425,0.25126833,0.19947176,0.28827435,0.0,0.14737388,0.19862449,0.5350773,2.1927047,2.5628073,0.17646632,0.62682104,0.43496913,1.3865336,0.8348005,2.9547205,0.3130884,0.34709254,Medullary_cords,275.0
TGGACTGTTCGCTCAA-1,1,37,73,3125,9786.0,3125,2967.5234,Low,2,2,5,2,0,2,2,4,1039.6047325786853,1.0114042647073518,0.11094776540994644,0.559441584322569,-0.3480519950389862,0.05946109588784939,0.18055623769760132,0.33967685280546067,-0.08998745679855347,0.636284735699311,-0.4602479338645935,0.010491275897308656,-0.2844287157058716,0.1276724220848994,0.109001964,0.0,0.301212,0.10884969,0.0,0.0,0.4809363,0.13914429,0.37105143,2.1834698,2.4488661,0.088009186,0.45430693,0.088009186,1.0356628,0.67229915,3.1043882,0.0,0.27114385,Medullary_cords,138.0
TGGAGAATAATCGTCC-1,1,72,44,7306,31750.0,7306,4244.678,High,3,4,2,0,5,0,0,3,5075.505984628528,0.8675632284814612,-0.27374061942100525,0.14326036131575007,-0.252585232257843,0.17809744244403744,-0.001749410992488265,0.9926797087171716,0.10853645205497742,0.5680611747525788,0.20864500105381012,0.2685234398791599,0.15680553019046783,0.40795249967322,0.0030436022,0.0003772805,0.18029094,0.27803332,0.30541784,0.21206371,0.020773293,0.38097036,0.7459624,1.6478684,2.621909,0.2811416,0.5333358,0.2811416,1.0403982,1.3736389,2.2553651,0.40222383,0.32571217,Medullary_cords,365.7608508301565
TGGAGCTAAAGTTCCC-1,1,6,68,6146,21307.0,6146,4276.62,Medium-High,3,5,0,0,6,3,0,6,4072.1292955897165,1.3296613488547582,-0.3804681897163391,0.03807066405628328,-0.06539443880319595,0.7313515109746717,-0.11039629578590393,0.5614075910056096,-0.27739763259887695,0.13777900839351845,-0.16162467002868652,0.39350995511486947,0.3387266993522644,0.0671000694674676,0.029705822,0.060633138,0.07284604,0.21079586,0.2758935,0.16833681,0.18178883,0.2273128,0.7493757,1.7831001,2.6955175,0.3780467,0.41965026,0.3591591,1.0540936,1.1755954,2.2641199,0.09620151,0.450877,Medullary_cords,239.26763257908496
TGGAGTGATGCGATGA-1,1,29,41,5406,18598.0,5406,3953.257,Medium-Low,5,3,3,5,1,6,3,5,3410.2117236324198,1.0114042647073518,0.12511974573135376,0.5100333977862854,0.07158122956752777,0.7069988108601521,-0.28561440110206604,0.12602328697334061,0.25808781385421753,0.16851266864832296,-0.4489714801311493,0.012819963417791983,0.14734408259391785,0.4371589035058689,0.13303532,0.0,0.07749196,0.21026881,0.05115299,0.19619972,0.33185115,0.3945101,0.77014256,2.4545445,2.7600794,0.19885536,0.4607944,0.28144446,1.9997971,1.1957027,2.4055636,0.21516018,0.4085806,Medullary_cords,0.0
TGGATGGCATCTTGGA-1,1,77,47,5772,18713.0,5772,4224.23,Medium-Low,3,4,0,0,5,0,0,6,5458.457840819145,1.0397207708399179,-0.31994420289993286,0.08478371833407465,0.14993639290332794,0.429045731597159,-0.19101807475090027,0.31194852823901614,-0.03828843683004379,0.8407949764125254,-0.006330674514174461,0.9735139718038599,0.0805177316069603,0.6723227509528253,0.056198012,0.15316479,0.14994173,0.3017175,0.09061117,0.0,0.2483668,0.24804755,0.7079531,2.0101008,2.7283835,0.1605563,0.60268235,0.2639869,1.3128057,1.1390338,1.9480671,0.3211126,0.23081842,Medullary_cords,138.42326394071193
TGGCAAACTAAATTAC-1,1,50,78,6688,24551.0,6688,4259.709,Medium-High,2,10,5,3,0,4,6,3,1593.7208036541406,0.45056120886630463,0.10389751940965652,0.5848103858816338,-0.595662534236908,0.000514899228580039,0.242109015583992,0.19739242892023276,-0.5591670870780945,0.0013171545453637956,0.4657028913497925,0.00949921563268026,-0.2869695723056793,0.12415768371258029,0.074344136,0.002114834,0.3556488,0.17704123,0.095821485,0.0,0.29502955,0.22997144,0.53882474,2.326338,2.7392173,0.21355243,0.5266926,0.2026167,1.5298909,0.93818724,2.8056302,0.8185084,0.4691481,Medullary_cords,413.0012106519786
TGGCAACTCGCGCGCC-1,1,22,86,5887,18231.0,5887,4391.1416,Medium-Low,1,5,4,3,4,2,6,3,1921.254798302401,1.0114042647073518,-0.42974451184272766,0.017782247056361507,-0.08286479860544205,0.6633202730583186,0.06750142574310303,0.7230277641462383,-0.17296846210956573,0.36069199291748444,-0.04741474986076355,0.8035109013005107,0.15295670926570892,0.4196983147638941,0.07586659,0.21363944,0.16795127,0.1756863,0.05727059,0.041320138,0.2682657,0.3292954,0.5811486,2.1498148,2.920374,0.14722756,0.7470311,0.5065646,1.6106989,0.9382253,1.9458915,0.109324306,0.6726651,Medullary_cords,137.55726080436466
TGGCAAGCACAAGTCG-1,1,66,56,7072,27659.0,7072,4243.2026,High,2,4,0,3,2,1,6,3,4012.046485274068,1.0986122886681096,-0.26317548751831055,0.1599814884795608,0.18924660980701447,0.31654152089266285,0.1460171937942505,0.44134374902428,-0.19732631742954254,0.29593197194255727,-0.6328116059303284,0.00017505265189575605,0.2056492567062378,0.27561160574672283,0.008990339,0.046030894,0.2044817,0.2071443,0.15235911,0.13509485,0.24589877,0.51955867,0.69292647,1.9640143,2.7117224,0.4224768,0.5843805,0.18375883,1.223884,1.1172501,2.7017844,0.07716,0.68996793,Medullary_cords,137.92751719653333
TGGCAATGGGACGGCG-1,1,54,106,6043,20960.0,6043,4237.8896,Medium-High,0,10,7,4,0,4,4,0,2282.7465912798993,1.4750763110546947,-0.22144024074077606,0.23959050053171008,-0.35709458589553833,0.052721880743743225,0.16269052028656006,0.3903557206171817,0.05803297460079193,0.7606631147587211,-0.37345603108406067,0.04207239659350944,-0.09753742814064026,0.608119583591845,0.15301314,0.0,0.16130696,0.27711245,0.2355101,0.04610608,0.12695129,0.08375043,0.53588307,2.1210368,2.6018155,0.14628585,0.70827115,0.5844055,1.7153109,1.0380368,2.0877705,0.2925717,0.4728343,Medullary_cords,137.55726080436466
TGGCACGAGCTCGAGT-1,1,5,99,6720,26524.0,6720,4287.6714,High,5,12,3,1,6,3,1,5,4024.129719579129,0.6365141682948128,0.1359088271856308,0.4739261180073481,0.39076969027519226,0.0327521400950861,-0.08401185274124146,0.6589371646915089,-0.16052274405956268,0.39678623676795,-0.030049603432416916,0.8747482331211518,0.059036705642938614,0.756646302651344,0.050759606,0.18775648,0.10293838,0.15061814,0.27775466,0.0,0.23017277,0.26516622,0.5446637,2.1196756,2.8750997,0.1502243,0.9616183,0.58677244,1.6975442,1.0139693,2.0918906,0.15996496,0.38761058,Medullary_cords,238.40302011509837
TGGCAGATTACGATCA-1,1,44,58,4371,10930.0,4371,4061.305,Low,3,9,0,0,3,7,0,3,2186.354271384215,0.6365141682948128,-0.3031202554702759,0.10346542523608038,0.18517526984214783,0.3272555596863126,-0.006539939437061548,0.9726387767158213,-0.1261587142944336,0.5064982070042707,-0.03757502883672714,0.8437248632778226,0.23809108138084412,0.20516240535419403,0.08861192,0.0,0.19191346,0.3471526,0.37232205,0.0,0.0,0.24625301,0.9541075,2.0091233,2.7637534,0.1300269,0.56602156,0.40604514,1.3166554,1.2796944,2.5523145,0.16241805,0.10827871,Medullary_cords,238.40302011509837
TGGCAGCAGTAATAGT-1,1,39,61,3281,8083.0,3281,3552.5784,Low,5,9,3,5,0,7,3,5,1862.2000429599393,1.0114042647073518,0.09773428738117218,0.6073922735866534,0.1274406760931015,0.5021530580374743,-0.17828628420829773,0.3458843779799284,-0.06853120028972626,0.7189707685265124,-0.14609134197235107,0.4411093241612682,-0.0018508397042751312,0.9922552994281527,0.109644465,0.0,0.10890812,0.09225606,0.3255996,0.0,0.36359176,0.100651145,0.5790037,2.2472692,2.9070642,0.100651145,0.31135032,0.0,1.6555586,0.6704534,2.4434946,0.20130229,0.40260458,Medullary_cords,138.00362314084367
TGGCATGAAGTTTGGG-1,1,56,12,7047,26690.0,7047,4470.14,High,5,1,0,1,5,0,1,1,5658.236209279355,0.6365141682948128,0.16989003121852875,0.3694330515624902,-0.03144289553165436,0.8689892759823977,0.2942957282066345,0.11442322356723428,0.02914157509803772,0.8785048244319335,0.14047871530056,0.4590435342881951,0.5492904186248779,0.0016679402366181761,0.07393525,0.09431729,0.028709112,0.18363412,0.18844292,0.25344807,0.17751329,0.17321183,0.76590323,2.18688,2.9061344,0.26789606,0.56475127,0.2834161,1.737776,1.1458428,1.9856294,0.18833713,0.49057984,Medullary_cords,138.42326394071193
TGGCCAAACTGAAGTA-1,1,28,76,6430,21063.0,6430,4515.855,Medium-High,1,3,0,3,4,2,6,3,1454.3954070334519,1.0986122886681096,-0.31104737520217896,0.09431164540441121,-0.09819579869508743,0.605688628968068,0.316784143447876,0.08807972336462219,-0.08850786834955215,0.6418647134875913,0.03350444138050079,0.8604803170103751,-0.36653798818588257,0.04634318175947467,0.020755101,0.08916544,0.14852722,0.1593857,0.1297976,0.24448922,0.2078798,0.47289562,0.7093665,2.1113386,2.7041624,0.15926062,0.5296285,0.5131708,1.6535094,1.1234004,2.4057417,0.68175477,0.6940328,Medullary_cords,137.55726080436466
TGGCCAATTTGGTACT-1,1,49,11,7002,30679.0,7002,4045.96,High,2,7,0,2,3,6,2,4,5461.663665953809,0.8675632284814613,-0.28715673089027405,0.1239016400761827,-0.21153303980827332,0.2618031678432406,-0.10073211789131165,0.5963622918922488,-0.36984845995903015,0.044258398388618635,0.3084127604961395,0.09728313881349102,-0.024973008781671524,0.895782532840255,0.09002637,0.0,0.21934487,0.15211138,0.16471867,0.13922668,0.23457198,0.23476604,0.57108635,2.3522172,2.7965822,0.12051912,0.68495435,0.37962085,1.4433106,1.121803,2.870227,0.1960167,0.4980321,Medullary_cords,414.40318531594323
TGGCCGTATATTGACC-1,1,26,38,5855,19164.0,5855,4251.547,Medium-Low,5,11,4,1,1,6,1,1,3729.6200878909904,0.0,0.25286659598350525,0.17759823829500182,0.02174454927444458,0.9091963191638379,-0.14009809494018555,0.46027355281142834,-0.1293025016784668,0.49587585698464426,-0.394038587808609,0.03119615635969245,0.1497909128665924,0.4294988375504958,0.16720706,0.0015036595,0.009068043,0.08414446,0.18427345,0.29404932,0.2597541,0.08934055,0.46150094,2.425451,3.002316,0.19431594,0.5693625,0.24680364,2.244057,0.9604537,1.6873889,0.20995077,0.4973294,B_cell_zone,0.0
TGGCGACTGCTCCAAA-1,1,55,47,5284,19413.0,5284,3706.932,Medium-Low,2,2,5,2,5,7,2,4,3479.8474104477627,0.0,0.21472150087356567,0.25451253413144187,0.024008341133594513,0.899787806623282,-0.050139717757701874,0.7924560807964591,-0.21472948789596558,0.2544944406328007,-0.42677760124206543,0.01867357762468065,0.17447598278522491,0.35645660231018006,0.080299415,0.09387638,0.40814662,0.19303349,0.0,0.0044356803,0.2202084,0.14045581,0.44891125,2.311023,2.6040976,0.14045581,0.48526624,0.16872054,1.5027995,0.8715191,2.8591812,0.83301204,0.42332536,Medullary_cords,600.800299600458
TGGCGATCAAGTTATG-1,1,51,55,4876,14094.0,4876,3997.385,Low,1,2,0,3,2,7,6,5,2754.4133676701467,0.6931471805599453,-0.3486294746398926,0.05901147930938934,-0.01462087407708168,0.9388757662169064,0.05301985889673233,0.7808145047387491,-0.15924444794654846,0.40060632832070076,-0.1831856220960617,0.33257142671965656,-0.004165811464190483,0.9825695249577592,0.078775205,0.0,0.21586059,0.20139128,0.02444811,0.014858093,0.4646667,0.36584508,0.45218915,1.989454,2.8559842,0.13405341,0.3548965,0.067026705,1.2862511,0.77901065,2.3530698,0.28514364,0.56148684,Medullary_cords,137.92751719653333
TGGCGGTGTGCGATTG-1,1,7,43,6253,22492.0,6253,4196.1694,Medium-High,3,8,2,0,1,5,0,6,4834.69347528879,0.45056120886630463,-0.5709789395332336,0.0009834892081245893,-0.23198500275611877,0.217368434451671,-0.013852586038410664,0.9420821952225359,0.004703613463789225,0.9803196752292,0.05256552994251251,0.7826478966716627,0.28000131249427795,0.13397067503233848,0.02068495,0.0014498129,0.1742686,0.29572076,0.22027469,0.13893457,0.14866665,0.35313225,0.8549287,1.8279923,2.5821948,0.1978962,0.5487494,0.41126624,1.067406,1.4125087,2.687573,0.2509976,0.33466345,Medullary_cords,829.3063366452712
TGGCTACACTCTACCT-1,1,64,100,4687,15008.0,4687,3662.2683,Low,2,13,5,2,7,1,3,4,3222.7821831454885,0.45056120886630463,0.21655333042144775,0.2503849145023948,0.3311890959739685,0.07381519256761118,-0.09234192967414856,0.6274454880457779,0.20497433841228485,0.27722501199646066,-0.3122529089450836,0.09297512088603518,-0.022251419723033905,0.9070886308781447,0.023053164,0.00018237723,0.19262703,0.074165724,0.22445576,0.19011906,0.29539692,0.39588913,0.6592166,2.063956,2.4678733,0.1697007,0.6246053,0.2973538,1.4975603,1.0310446,2.8376343,0.4670545,0.4093104,Medullary_cords,496.47255714691823
TGGCTATGTGACATAC-1,1,60,82,5714,19091.0,5714,4101.7495,Medium-Low,3,6,0,2,2,1,0,6,2667.083050825377,1.0114042647073518,-0.39213642477989197,0.032094112246784365,0.34769299626350403,0.059741957686049965,0.15680888295173645,0.4079423491779767,-0.25819939374923706,0.16832217565862762,-0.3731059432029724,0.04228067255547407,0.19418582320213318,0.30383939684169614,0.04996288,0.0,0.15808028,0.35441673,0.20686573,0.0,0.2306743,0.3638071,0.7608444,1.8889261,2.6559114,0.15795442,0.4109891,0.1707088,0.91995937,1.2156209,2.6522572,0.2106059,0.4665035,Medullary_cords,238.40302011509837
TGGCTCTTGTCGCGTA-1,1,42,12,5986,23519.0,5986,3967.7212,Medium-High,5,7,4,1,3,6,1,1,5253.090899651366,0.0,-0.37122976779937744,0.043410940623791604,0.430949330329895,0.01743049108683154,0.17198431491851807,0.36347299107869213,-0.15887583792209625,0.401711758200037,-0.24476279318332672,0.1923735433349095,0.35214412212371826,0.056332255431100556,0.2885201,0.14336957,0.002574431,0.111526944,0.27866757,0.022444876,0.15289652,0.13287345,0.46252027,2.327262,2.959469,0.28673047,0.42215228,0.25707144,2.024646,0.7695013,1.6710699,0.24243933,0.16162622,B_cell_zone,0.0
TGGCTTGTACAAGCTT-1,1,16,116,6458,26432.0,6458,4113.3345,High,0,12,7,1,4,3,1,0,3264.9411939574043,1.0114042647073518,-0.0907774567604065,0.633313350296046,-0.1638367772102356,0.38697979907715196,-0.1654716283082962,0.3821941283047201,0.2519201934337616,0.17928129649714905,-0.13380590081214905,0.4808578554430655,-0.07599448412656784,0.6897971765089901,0.25717533,0.21900074,0.031196995,0.15209533,0.3129933,0.02583885,0.0016994359,0.094807625,0.5508246,2.2220356,2.9137163,0.20054507,0.30595416,0.28301448,2.128511,0.8886885,1.7950804,0.0,0.23336755,B_cell_zone,0.0
TGGCTTTGGGTAGACA-1,1,19,51,5819,18435.0,5819,4332.9854,Medium-Low,3,3,0,0,1,5,0,3,3414.830156830644,0.45056120886630463,-0.45223259925842285,0.012105960003210393,-0.008639952167868614,0.9638579202890275,0.12883637845516205,0.497443681034195,0.01152455061674118,0.9518034038618346,-0.1131342425942421,0.5516779708982374,0.27900588512420654,0.1354174654741793,0.033985257,0.059089303,0.10183611,0.093365654,0.12912415,0.26733264,0.3152669,0.2635644,0.75594544,2.1027274,2.6701922,0.17491768,0.60008997,0.4150641,1.3908134,1.1345173,2.4298623,0.10834244,0.58890015,Medullary_cords,137.00364958642524
TGGGAAATGCCTTTCC-1,1,23,27,6277,21140.0,6277,4390.6665,Medium-High,5,11,4,1,1,6,1,1,4566.728040950106,0.6365141682948128,-0.5561786890029907,0.0014157821188836514,0.43872514367103577,0.015296268947583427,0.0063137151300907135,0.9735849012677915,-0.25001344084739685,0.18270618749196563,-0.18190348148345947,0.336024761198128,0.1769307404756546,0.3496236724286266,0.15666568,0.1748593,0.0,0.3052128,0.1512194,0.029525748,0.18251713,0.23491207,0.621462,2.4278786,2.9237685,0.19366309,0.78162575,0.35250387,2.0099359,1.1487901,1.7751282,0.19366309,0.34089643,B_cell_zone,0.0
TGGGATGCACTCATTC-1,1,12,98,6109,20997.0,6109,4254.4746,Medium-High,5,12,3,7,4,3,8,2,3189.5480871120285,0.6365141682948128,0.02017817273736,0.9157134448376437,-0.4297143518924713,0.017791127312578942,0.030829131603240967,0.8715253822535515,-0.16128988564014435,0.3945037049901637,-0.0705069899559021,0.7112077709092761,0.007544119842350483,0.968439509077048,0.104510635,0.0048072236,0.02780088,0.24615231,0.42569706,0.025303438,0.16572855,0.4123076,0.52755857,2.1337922,2.800691,0.29194105,1.556792,0.5226244,1.6200943,0.90330666,2.1572344,0.09737772,0.28795826,Medullary_cords,275.0018181758077
TGGGCAATAGTTGGGT-1,1,46,108,5256,17184.0,5256,3916.898,Medium-Low,2,10,0,2,0,4,2,4,1677.3985811368746,1.2424533248940002,0.019766397774219513,0.9174275979155724,-0.05007396265864372,0.7927223855543548,-0.3110877573490143,0.09426664112228796,-0.030764535069465637,0.8717923717555776,-0.021469704806804657,0.9103394416388244,0.21110138297080994,0.26280055592672347,0.04817239,0.0,0.21688963,0.1240177,0.28595984,0.32496044,0.0,0.3568364,0.5884758,1.9152391,2.667574,0.26849312,0.56580406,0.30765063,1.1600591,1.1510684,2.8743827,0.22933564,0.28154564,Medullary_cords,137.00364958642524
TGGGCACAAACAGAAC-1,1,8,46,7932,36877.0,7932,4412.1655,High,3,8,0,0,1,5,0,3,4611.8755403848445,0.6365141682948128,-0.6201210618019104,0.00025697481294120837,-0.16472823917865753,0.38436596986580496,-0.1507793515920639,0.4264254648978455,0.172952800989151,0.36073614896062844,0.10988414287567139,0.5632362563143262,0.028651461005210876,0.8805335488906393,0.030097015,0.041514914,0.07394026,0.31897426,0.26621825,0.0,0.2692553,0.39082634,0.82926863,1.690536,2.7643354,0.2956692,0.65787727,0.29688177,1.0679106,1.3214438,2.210351,0.16831052,0.09921118,Medullary_cords,601.1222837326861
TGGGCACGTTCTATGG-1,1,15,73,5896,18226.0,5896,4374.288,Medium-Low,3,5,0,7,6,3,8,2,2941.602454445536,0.6931471805599453,-0.5363631844520569,0.002247804374923068,-0.15943394601345062,0.40003871290741455,0.2865166664123535,0.12477889892514384,-0.040375687181949615,0.8322349734415446,-0.16031143069267273,0.3974162931512884,-0.32563310861587524,0.07908873605089574,0.052669853,0.00037154186,0.09877273,0.17297381,0.2804679,0.19437663,0.20036756,0.43697256,0.5247818,1.9500806,2.801443,0.20193194,1.3089912,0.36595482,1.4442292,1.102319,2.1805975,0.21869719,0.5015535,Medullary_cords,238.40302011509837
TGGGCCACAAGAGCGC-1,1,18,72,6403,23891.0,6403,4272.6675,Medium-High,5,3,4,7,6,3,8,2,2636.6452169376144,1.3296613488547582,-0.4958212971687317,0.005330687542423135,-0.00828502792865038,0.9653417140427176,0.3624391257762909,0.049031883061592174,0.23987418413162231,0.20168867112478933,-0.4231288731098175,0.019820055399590995,-0.1996130496263504,0.2902569360162765,0.074241355,0.10646862,0.032421898,0.19175537,0.22137806,0.1428706,0.23086415,0.4166321,0.5953461,2.0652833,2.861695,0.16343784,1.6064419,0.41050923,1.7200413,1.202989,2.1447718,0.0,0.25212616,Medullary_cords,138.00362314084367
TGGGCCCATACTAATT-1,1,47,89,5773,17411.0,5773,4376.116,Medium-Low,5,10,4,1,0,4,1,1,1080.4017771181238,0.8675632284814612,0.04577723145484924,0.8101721521853846,0.17527152597904205,0.3542335135297977,0.1708756685256958,0.3666209371288424,-0.2206348478794098,0.241347785492463,-0.12882350385189056,0.49748702065610223,-0.11649014055728912,0.5398603486491655,0.12474201,0.1793991,0.11402435,0.14003532,0.113625154,0.32817405,0.0,0.33885348,0.6329185,2.3550596,2.7692308,0.34039736,0.32254323,0.26581034,2.0452983,0.8541329,1.9564382,0.3046891,0.51711476,B_cell_zone,0.0
TGGGCGATACAATAAG-1,1,68,62,6667,26841.0,6667,4033.8635,High,2,4,5,2,2,1,2,3,4014.6687285503394,0.45056120886630463,-0.25164443254470825,0.17977380430506634,-0.24397076666355133,0.19386206453382385,-0.2844252586364746,0.12767725349881398,0.0946899950504303,0.6186803424275391,0.21191108226776123,0.2609316949271823,0.4411731958389282,0.01467116898157565,0.03486612,0.05575969,0.18682149,0.22286229,0.2511787,0.0060039777,0.24250776,0.30622464,0.61481524,1.9822986,2.698171,0.3459322,0.60891116,0.44648588,1.397981,1.1396368,2.7191439,0.29755652,0.45620418,Medullary_cords,365.7608508301565
TGGGTAAGGTTCCCGC-1,1,13,79,5086,14756.0,5086,4148.0664,Low,3,5,2,7,6,3,8,6,3057.9695878147645,0.0,-0.07848585397005081,0.6801523632792956,-0.277887225151062,0.13705694154126094,0.05275062099099159,0.7819008447933296,-0.06673722714185715,0.726043243231603,-0.052023034542798996,0.7848385691390142,0.024165218695998192,0.8991362883746331,0.047427144,0.0,0.112988085,0.47438788,0.22004156,0.007695679,0.13745967,0.20337424,1.1384248,1.4883273,2.5514967,0.39740604,1.0735508,0.30111963,1.0745875,1.664501,1.8024698,0.0,0.25870907,Medullary_cords,479.00104384019875
TGGGTGCACAAGCCAT-1,1,69,85,6118,19736.0,6118,4355.39,Medium-Low,5,6,4,1,2,1,1,1,3719.221020590199,1.0986122886681096,0.2298024594783783,0.22184861804701586,-0.2815815508365631,0.13169715559012798,-0.2076343148946762,0.27090144711193287,-0.12038573622703552,0.5262942945509089,0.267848402261734,0.15242183284975366,0.19385620951652527,0.3046769482120496,0.10324119,0.09762756,0.0,0.18200596,0.61650765,0.0006176633,0.0,0.26925334,0.5011631,2.1934144,2.7810223,0.13843632,0.47827667,0.5395822,1.9276253,0.8956238,1.9220474,0.10247852,0.42473042,B_cell_zone,0.0
TGGGTGGGATGTCATT-1,1,10,112,5193,14148.0,5193,4332.138,Low,0,12,7,1,4,3,4,0,3738.8367174831264,0.6365141682948128,0.1412574201822281,0.4565324936882401,0.23794817924499512,0.20544256661203364,-0.18587252497673035,0.3254050706118854,-0.16338519752025604,0.38830776325444755,-0.3761160373687744,0.04051655484872989,0.08870148658752441,0.6411334238688591,0.18370087,0.14397606,0.0,0.19114158,0.3009526,0.0,0.18022883,0.06683219,0.42085773,2.732326,2.783591,0.06683219,0.5650467,0.5604228,2.407764,1.125428,1.7452636,0.0,0.14686203,B_cell_zone,0.0
TGGGTGTAATAGATTT-1,1,68,102,5439,21927.0,5439,3465.9243,Medium-High,2,13,5,2,7,1,3,4,3720.4851834135825,0.5982695885852573,0.43130022287368774,0.017329136015193924,0.3627742528915405,0.048807512315071064,-0.4111649990081787,0.02399361103337995,0.08151207864284515,0.668503292362372,-0.3441011607646942,0.06260961672953363,-0.09927107393741608,0.601727177834725,0.028062081,9.586659e-05,0.20236754,0.14860141,0.35440093,0.0,0.26647216,0.10776502,0.505798,2.0684268,2.2664855,0.12799308,0.54522145,0.23483333,1.1390152,0.8705981,3.200541,0.21553004,0.31434414,Medullary_cords,728.9478719359842
TGGGTGTTAAGTAGAA-1,1,72,68,5878,19443.0,5878,4209.3047,Medium-Low,5,4,3,1,2,1,1,1,4299.123747928175,1.0114042647073518,-0.3410331606864929,0.06514325732011601,-0.169651597738266,0.3701152231294502,0.053631458431482315,0.7783482850559292,-0.2579622268676758,0.16872725788088727,-0.44779080152511597,0.0130869956419447,0.44043663144111633,0.014856968835757763,0.0982946,0.08866427,0.08832877,0.10189705,0.20866498,0.0037166479,0.4104337,0.30884165,0.4562974,2.2785273,2.8288538,0.05187332,0.45654446,0.25696832,1.9535458,0.64459705,2.0416334,0.20749328,0.52888536,Medullary_cords,0.0
TGGGTTTCGGGCGTAC-1,1,71,25,5362,18910.0,5362,3748.8047,Medium-Low,2,1,7,2,5,0,2,4,5868.238662494906,1.3296613488547582,-0.35506880283355713,0.054176525103692634,-0.13388299942016602,0.4806028023287489,0.11281539499759674,0.5528069921620804,0.058582670986652374,0.7584625324410795,-0.03987475484609604,0.8342876660895387,0.17213185131549835,0.36305527758522715,0.14083077,0.12095774,0.13185789,0.2962505,0.31010312,0.0,0.0,0.3377753,0.65692693,2.2086296,2.5809488,0.053064372,0.368182,0.24939157,1.4049724,0.93170196,2.4947212,0.21225749,0.2617696,Medullary_cords,138.00362314084367
TGGTAAGCAGGATTGA-1,1,41,11,6659,26121.0,6659,4188.329,High,5,7,4,1,3,6,1,1,5312.11163286315,0.45056120886630463,-0.32002994418144226,0.08469562130688041,0.2653581202030182,0.15641785539697525,0.15626029670238495,0.4096050873841908,0.05360635370016098,0.778449476265525,-0.20370180904865265,0.2802835299243029,0.2982345223426819,0.10943031207360088,0.169999,0.16963111,0.0,0.20307142,0.19128832,0.010170406,0.2558397,0.13611704,0.40170145,2.3828802,2.8688533,0.08103635,0.4794193,0.34932157,1.8334441,0.99828273,1.7611356,0.08103635,0.49820638,B_cell_zone,0.0
TGGTAGAATATATGGG-1,1,48,100,6477,24913.0,6477,4127.6157,Medium-High,2,10,0,2,0,4,0,4,1455.2171659240416,0.8675632284814613,-0.34914126992225647,0.05861523654959666,0.15187416970729828,0.42303552195886135,0.32147759199142456,0.0832187407740665,0.09867933392524719,0.6039058573712401,-0.1719185709953308,0.363659220538347,0.35421988368034363,0.0547954342069887,0.08785931,0.0,0.2826031,0.3028544,0.041120745,0.20135294,0.08420949,0.2849594,0.7398442,2.0141778,2.5805767,0.42508888,0.69032365,0.22199081,1.3193948,1.379146,3.1078837,0.0,0.51332307,Medullary_cords,238.40302011509837
TGGTATCGCATCCCAA-1,1,8,68,6861,26756.0,6861,4250.7686,High,1,5,3,6,6,3,7,5,3847.8987772549317,0.8675632284814613,-0.21852520108222961,0.24599139112171828,-0.20565079152584076,0.2756079436441485,-0.1580362617969513,0.4042360232535886,-0.15310503542423248,0.4192422035764776,-0.47643089294433594,0.007777351456120342,0.23596686124801636,0.209354061934314,0.04348961,0.0,0.070925176,0.1351049,0.3462541,0.004783402,0.39944282,0.32628992,0.4372161,2.2110937,2.811065,0.11908235,0.74840856,0.34283996,1.4069278,0.77611107,2.4168117,0.07938823,0.6246558,Medullary_cords,238.90793205751876
TGGTATCGGTCTGTAT-1,1,7,59,5478,16274.0,5478,4237.6006,Medium-Low,5,8,4,1,6,5,1,1,4215.363448150112,1.0114042647073518,-0.16153468191623688,0.39377692842033857,-0.15114259719848633,0.4252990720687665,0.08730999380350113,0.6463963257433116,0.024931535124778748,0.8959546793903066,-0.16601501405239105,0.38061111475919207,0.036137379705905914,0.8496353036802085,0.12475517,0.0,0.0,0.29039142,0.23341224,0.0,0.3514412,0.2602595,0.8115182,2.356967,2.8404117,0.059876386,0.5985576,0.21994433,1.8953074,1.1829077,1.9707493,0.35105723,0.21342394,Medullary_cords,0.0
TGGTCCCACGCTACGG-1,1,52,74,4581,13066.0,4581,3841.3438,Low,2,2,5,2,2,7,2,4,1934.4459155013872,0.0,-0.09210729598999023,0.6283241206611621,0.09186647832393646,0.6292264283516685,-0.1284911334514618,0.4986065326421571,0.11011536419391632,0.5624103339115752,0.23213306069374084,0.21706675511172938,-0.15109659731388092,0.42544162279375775,0.07982494,0.0,0.43912536,0.30897045,0.05836095,0.02764658,0.08607167,0.37328932,0.60406405,1.8486125,2.6779785,0.44525287,0.4852849,0.5683179,1.1064054,1.084942,2.8872147,0.14208655,0.72588503,Medullary_cords,275.4813968310746
TGGTCGATATACCTCT-1,1,73,37,5507,18404.0,5507,4051.4536,Medium-Low,3,4,2,0,5,0,5,6,5467.9430318905115,0.0,-0.030203446745872498,0.8741120320995117,0.1282966583967209,0.499262162990568,0.0652834102511406,0.731790973974252,0.22995828092098236,0.22152670148673637,-0.2960100769996643,0.11222965670820563,0.17765888571739197,0.34761206473419604,0.03290363,0.0025666635,0.12250131,0.47939196,0.10295029,0.0063319574,0.25335422,0.23270328,1.024724,1.3397586,2.594703,0.2896738,0.71055233,0.17513525,0.88266754,1.6941619,1.5800191,0.10850005,0.30584705,T_cell_zone,478.17360864020924
TGGTCGTTTGATAGAT-1,1,2,106,4415,12482.0,4415,3876.1172,Low,5,12,3,5,6,3,3,5,4486.609633119423,0.0,0.30712589621543884,0.0987600083509356,0.33755457401275635,0.06811187035293738,-0.24222896993160248,0.19716363315525925,-0.014954743906855583,0.9374826587060955,-0.21383491158485413,0.25652623894960974,0.030090004205703735,0.8745811530237966,0.087481245,0.0,0.0,0.17637144,0.1844906,0.46379802,0.087858655,0.14710684,0.7985344,2.2529109,2.8016956,0.32662967,0.9272778,0.31265303,1.8710144,0.9216952,2.2005486,0.0,0.30220336,Medullary_cords,0.0
TGGTCTGTTGGGCGTA-1,1,37,29,3651,9951.0,3651,3575.2908,Low,1,7,6,5,3,6,3,5,4062.4895076787584,0.45056120886630463,-0.04028801620006561,0.8325941490425971,0.05879064276814461,0.757630446525655,0.1776747703552246,0.34756825880858316,-0.07291042804718018,0.7018026088063681,-0.33577167987823486,0.06967358148570926,0.35132700204849243,0.05694644183167731,0.065680295,0.0,0.016910953,0.12003476,0.2819954,0.3249221,0.19045645,0.20167118,0.4315905,2.0647173,2.7372975,0.36242318,0.17390154,0.31163776,1.2347186,0.94676304,1.9740268,0.0,0.64718044,Medullary_cords,138.42326394071193
TGGTGATCGTATTTGT-1,1,26,16,5715,19509.0,5715,4071.9763,Medium-Low,2,11,0,2,3,6,0,4,5160.641917436241,0.9556998911125343,-0.06712828576564789,0.7244996460701327,0.2065747082233429,0.2734091590905106,-0.21999363601207733,0.2427529608451134,-0.2054338902235031,0.2761257845461293,-0.573296070098877,0.0009275180101369409,0.0004246532917022705,0.9982230450137256,0.07007848,0.0,0.16870949,0.17405698,0.20698449,0.0,0.38017055,0.3191058,0.657144,2.2813451,2.7431362,0.103459194,0.45395532,0.3468578,1.5278436,1.1324743,2.681225,0.20691839,0.29316387,Medullary_cords,237.9012400135821
TGGTGCCCTGCCTTAC-1,1,74,52,4847,12954.0,4847,4159.935,Low,3,4,0,0,2,1,0,3,4973.048662540917,1.0114042647073518,-0.2659009099006653,0.1555405364793797,0.0753789097070694,0.6921876707288943,-0.4891799986362457,0.006081668055073263,0.026239868253469467,0.8905263938073372,-0.03575227037072182,0.8512199303133694,0.27671709656715393,0.13878728293254916,0.05762521,0.12993002,0.18298389,0.33020896,0.0,0.0,0.29925188,0.3380651,0.8305797,1.8940539,2.7384224,0.07151095,0.5714921,0.1430219,1.0442711,1.3252773,2.0881603,0.1430219,0.25096595,Medullary_cords,364.6601157242179
TGGTTAACTTACATTT-1,1,60,8,759,1091.0,759,1895.7881,Low,3,1,6,5,5,0,3,6,6104.686806053199,0.45056120886630463,0.13825330138206482,0.4662598349880141,0.10158956795930862,0.5932233988971781,-0.1463005095720291,0.44044838915325973,0.3625657260417938,0.04894702705709417,-0.040817540138959885,0.8304252697710937,-0.0017325000371783972,0.9927504696094324,0.15935567,0.0,0.50968415,0.0,0.24626549,0.0,0.08469474,0.0,0.51534206,1.1239836,2.229204,0.28987992,0.0,0.0,0.7730131,0.7730131,1.5199661,0.0,0.7730131,Medullary_cords,276.4814641164937
TGGTTAAGGGCGCTGG-1,1,26,114,6895,25843.0,6895,4413.082,High,3,0,7,0,0,2,5,6,2295.6153859041806,1.277034259466139,-0.49793264269828796,0.005109171767083478,0.07699663937091827,0.6859117127392198,0.6148327589035034,0.00030009657008979587,-0.4541144371032715,0.011709310831258413,-0.49524569511413574,0.005392480110520185,0.06334970891475677,0.7394580010048323,0.07254201,0.06753031,0.014666757,0.27620882,0.32099843,0.0,0.24805368,0.27274057,0.71898365,1.8440392,2.6939914,0.23521712,0.43569002,0.6227478,1.3146379,1.2500393,1.9852527,0.0,0.24559385,Medullary_cords,237.9012400135821
TGGTTCAACGGGTAAT-1,1,50,74,5055,17643.0,5055,3632.5842,Medium-Low,2,2,5,2,0,7,2,4,1730.6646122227148,0.0,0.014709016308188438,0.9385079660001759,-0.22060847282409668,0.24140547779927124,-0.0011812616139650345,0.9950570554752179,0.16191145777702332,0.39265981573762665,0.2746046185493469,0.14195130919256416,-0.11605831235647202,0.5413742677034812,0.10224557,0.0,0.3281224,0.2069598,0.06181697,0.2507699,0.050085414,0.31263572,0.65728176,2.2833214,2.3534024,0.056131743,0.4048378,0.3311723,1.357795,1.0050762,2.8401036,0.24835807,0.44156307,Medullary_cords,497.9327263797791
TGGTTCGTAGCAAAGG-1,1,23,55,6038,18911.0,6038,4431.603,Medium-Low,5,3,4,1,1,2,1,1,2896.179725086135,0.45056120886630463,0.06361161172389984,0.7384181169795663,0.01876877062022686,0.9215820496986007,0.2686018645763397,0.15122739367826488,0.10617384314537048,0.5765644342602708,-0.3133203685283661,0.09180370983071229,-0.10691555589437485,0.5738888346788165,0.3083097,0.0045086243,0.0,0.08090436,0.31990257,0.0,0.28637478,0.21225749,0.50070304,2.5318286,2.9690142,0.053064372,0.63087094,0.26532185,2.2401052,0.88311094,1.6985394,0.106128745,0.141505,B_cell_zone,0.0
TGGTTGGAGGATCCTG-1,1,11,91,6162,21387.0,6162,4335.659,Medium-High,3,5,7,7,6,3,8,2,3240.1168188816896,1.2424533248940002,-0.59732985496521,0.0004919436577473633,-0.030994947999715805,0.8708400956264378,0.3730129599571228,0.04233612888299098,-0.12138582020998001,0.5228383634402165,-0.41604846715927124,0.02221060556561877,-0.157848060131073,0.4048030975993241,0.036336806,0.0011145263,0.23996939,0.15125173,0.15948655,0.16903025,0.24281077,0.45021456,0.4934246,1.8265983,2.5449877,0.14385396,1.318885,0.30889985,1.112446,0.758367,2.307392,0.38419637,0.41363662,Medullary_cords,137.55726080436466
TGGTTTAAACGTGGGT-1,1,24,112,7329,30026.0,7329,4461.594,High,3,0,7,1,4,2,1,1,2354.074127974733,0.8675632284814613,-0.5379952192306519,0.0021661136343662235,-0.04971419274806976,0.7941798390170572,0.3947191536426544,0.030879872630417176,-0.17907413840293884,0.3437221788560586,-0.5015427470207214,0.004748602030892886,-0.07304708659648895,0.7012691147317233,0.06415785,0.09824386,0.0,0.22280523,0.26604095,0.0,0.3487522,0.23700008,0.5075394,1.9890807,2.8044646,0.07187055,0.46992275,0.66036206,1.5566937,1.0607873,1.809148,0.07187055,0.21808231,Medullary_cords,137.00364958642524
TGTAACTTGTCAACCT-1,1,3,31,5900,19099.0,5900,4250.013,Medium-Low,3,8,2,0,1,5,5,6,5741.557280041714,0.45056120886630463,-0.7196227312088013,7.39984644542835e-06,-0.1226467564702034,0.5184967816367402,0.23264586925506592,0.2160240696117297,0.013309352099895477,0.9443499056619705,-0.3661568760871887,0.046588119493123546,-0.05632408708333969,0.7675158800276028,0.08471977,0.004317421,0.0,0.36499748,0.22909413,0.013055472,0.30381575,0.29912004,0.8277091,1.8441548,2.4837976,0.052637976,0.55835944,0.4171534,1.1107701,1.5075338,1.7907926,0.0,0.28073588,Medullary_cords,138.42326394071193
TGTAATGACCACAATA-1,1,36,14,5543,19423.0,5543,3881.8254,Medium-Low,1,7,3,5,3,6,3,5,5099.055304661835,0.6365141682948128,-0.32714414596557617,0.07762668575616928,0.10061244666576385,0.5968009438968366,0.1539865881204605,0.4165370722389202,-0.3935748338699341,0.031413180512930794,-0.3537808656692505,0.055117680937605155,-0.08885620534420013,0.6405492927974449,0.052891545,0.085702054,0.22330183,0.12208895,0.23505877,0.032488216,0.24846862,0.22890514,0.4241157,2.2237873,2.781077,0.0,0.58506584,0.24425063,1.472997,0.8217337,2.3489637,0.10383844,0.44198984,Medullary_cords,238.76766950322232
TGTACCCGACCCTAAT-1,1,67,7,6829,27652.0,6829,4229.0146,High,0,1,7,5,5,0,4,0,6568.916044523632,0.410116318288409,0.36873820424079895,0.04494908027717335,0.20459826290607452,0.27812666136374986,-0.22980812191963196,0.22183691428384253,-0.1965101659297943,0.29797431294275567,-0.15661635994911194,0.408525443565874,0.1513189822435379,0.42475271043434726,0.10785164,0.0,0.029366601,0.216488,0.27916372,0.27015337,0.09697667,0.22139254,0.68197304,2.143109,2.784648,0.0385884,0.47018397,0.27564287,1.8085488,1.1507747,2.193003,0.13606422,0.33053923,Medullary_cords,137.0
TGTACCTACACGAGGG-1,1,59,91,6737,25130.0,6737,4374.549,Medium-High,5,6,4,1,2,1,1,1,2524.0035657661024,0.0,0.08734253793954849,0.6462730448922431,0.08822302520275116,0.6429411534561467,0.11578965187072754,0.542317157450337,0.18924763798713684,0.316538842961708,-0.09090764820575714,0.6328242026773009,0.13880574703216553,0.46446289824857284,0.105610944,0.074605316,0.06771422,0.15371534,0.12291025,0.19381972,0.28162426,0.30946562,0.5407001,2.4305248,2.909914,0.12563092,0.61788756,0.23411345,2.0140967,1.0690727,1.7740891,0.36392662,0.512901,B_cell_zone,0.0
TGTACGAACAAATCCG-1,1,38,58,3788,10789.0,3788,3491.2307,Low,2,9,5,2,0,7,3,4,2065.006053259893,0.8675632284814613,0.06119711697101593,0.7480217718326598,0.17406503856182098,0.357608204478423,-0.17259001731872559,0.3617599033166152,0.26365697383880615,0.15919041272532605,-0.2211926281452179,0.24012985557050182,-0.14582768082618713,0.44194321447942186,0.11826442,0.0,0.24309632,0.29835078,0.25204444,0.0,0.08824407,0.16397423,0.62378937,2.1665099,2.4852707,0.16623567,0.29505304,0.2756312,1.3410714,0.95666414,3.3688657,0.0,0.0,Medullary_cords,364.3295211755424
TGTACGCTATCAGCTT-1,1,0,84,5125,15177.0,5125,4147.3145,Low,5,12,7,1,6,3,1,1,4559.977741173744,1.0397207708399179,0.049753256142139435,0.7940215574614988,-0.2780207097530365,0.13686055365009459,-0.23768213391304016,0.20596485129228329,0.026387901976704597,0.8899125013724276,-0.11980447173118591,0.5283079918786429,-0.052630096673965454,0.7823872752724053,0.08300444,0.18481822,0.02204968,0.2502087,0.45991892,0.0,0.0,0.16834514,0.60698897,2.2091224,2.897088,0.10507642,0.7852781,0.38942575,1.7813482,1.1356845,2.0310524,0.12653744,0.25307488,Medullary_cords,138.00362314084367
TGTACTATCGCTCGTT-1,1,76,94,6181,21881.0,6181,4207.953,Medium-High,1,6,7,1,2,1,1,5,4570.708588391957,0.6365141682948128,-0.16799089312553406,0.37488707737567334,0.2699631154537201,0.14908656107611282,0.42060747742652893,0.020645749692092225,-0.2484777718782425,0.18549766960074734,-0.5921339988708496,0.0005666106861357099,0.22920837998390198,0.22307885099929545,0.1054513,0.08432387,0.13936774,0.31523737,0.19246393,0.007849879,0.15530597,0.23611738,0.6630588,2.1461463,2.8793259,0.20201463,0.6533419,0.28316632,1.8108164,1.1178073,2.5392735,0.0,0.44028702,Medullary_cords,0.0
TGTACTGTGCCAAAGT-1,1,5,43,6257,21628.0,6257,4309.3813,Medium-High,3,8,2,0,1,5,5,6,5021.60074079969,0.0,-0.27116650342941284,0.14721228078179596,-0.22167770564556122,0.23907400837898632,0.2526790201663971,0.1779309315121332,-0.19676491618156433,0.2973358717064276,-0.05297418683767319,0.7809987571587689,-0.020167622715234756,0.9157573582946582,0.0,0.0,0.08958237,0.47565398,0.25151098,0.0027139033,0.18053877,0.3001697,1.1759073,1.2954612,2.4254327,0.24555244,0.63143384,0.3674816,0.6665488,1.7798188,1.615655,0.0,0.3533789,T_cell_zone,632.3606565876786
TGTACTTCCGGGCATG-1,1,70,114,5301,18109.0,5301,3793.011,Medium-Low,2,13,5,2,7,1,3,4,4230.560482962039,0.6829081047004717,0.11634175479412079,0.5403803389027912,0.1992950439453125,0.29104196482741873,0.05719764530658722,0.7640106645265589,0.30908918380737305,0.09651356308618746,-0.4360489249229431,0.01600481542587441,-0.125081866979599,0.5101625140077501,0.05659938,0.0013578207,0.19865564,0.100271255,0.15640771,0.18090335,0.3058049,0.20072065,0.5012139,2.3919125,2.5488324,0.27012894,0.46086937,0.3340156,1.4737036,0.8689572,2.643808,0.21986984,0.47894555,Medullary_cords,138.42326394071193
TGTAGCCAATTCCGTT-1,1,71,81,4309,12622.0,4309,3786.763,Low,5,6,3,1,2,1,1,1,3982.072324807775,0.6931471805599453,0.09430118650197983,0.6201282393131216,-0.35272058844566345,0.05590209975629221,-0.18516606092453003,0.32728004293240615,-0.04366087168455124,0.81880050634676,0.07063256949186325,0.7107153073058686,0.35318055748939514,0.05556073145401566,0.10827022,0.0,0.047868244,0.10875985,0.06589867,0.26494527,0.40425774,0.1916284,0.5407183,2.1900582,2.9428308,0.0,0.41043398,0.464773,1.7229149,0.96522385,1.9752368,0.14587039,0.6196974,Medullary_cords,137.55726080436466
TGTAGCCATCCCATTC-1,1,62,112,4532,12461.0,4532,3947.5342,Low,2,13,5,5,7,1,3,4,3315.8591646811537,0.6931471805599453,-0.05822732672095299,0.759884860812468,0.2579139173030853,0.1688098555416978,0.24070926010608673,0.20007584491578334,-0.0036139446310698986,0.9848783498345933,-0.27662956714630127,0.1389173543162045,0.42367783188819885,0.019643945405219482,0.01984036,0.16262528,0.24656233,0.21364863,0.07097065,0.0,0.28635278,0.20151642,0.6632262,1.982662,2.6976478,0.07366049,0.714029,0.5275196,1.489641,1.3131531,2.5003703,0.14732099,0.4898687,Medullary_cords,237.9012400135821
TGTAGGAGAAATTTCC-1,1,34,86,6062,18958.0,6062,4468.628,Medium-Low,0,0,7,4,0,2,4,0,497.80016070708535,1.0114042647073518,-0.27011996507644653,0.14884129657283457,-0.011233576573431492,0.9530189330546125,0.19140493869781494,0.31095103378004446,-0.17963361740112305,0.34219170180462033,0.1809198260307312,0.3386888806509073,-0.08920453488826752,0.6392349667843509,0.08681166,0.0,0.061737508,0.32787955,0.21487501,0.24369986,0.064996436,0.26731408,0.6748166,1.9752545,2.6261613,0.14298482,0.52773106,0.5854924,1.5534164,1.2369077,1.8326384,0.0,0.36993307,Medullary_cords,137.05838172107534
TGTAGTGATCTATAAT-1,1,35,33,3094,8078.0,3094,3371.4194,Low,5,7,6,5,3,6,3,5,3803.139361106821,0.45056120886630463,0.06067819148302078,0.7500906881702927,-0.10899082571268082,0.5664323675521008,-0.11319132894277573,0.5514759444730928,0.0806216448545456,0.6719232259523628,-0.06877335906028748,0.7180178187976979,0.17077301442623138,0.36691322870603876,0.117218725,0.0,0.23658647,0.3118867,0.08248935,0.0,0.25181878,0.20140497,0.50892264,1.8721163,2.7678342,0.10070249,0.5679263,0.40280995,1.2375114,0.8080118,1.9807256,0.20140497,0.40280995,Medullary_cords,364.3295211755424
TGTATAACAGATCCTG-1,1,29,79,5802,17435.0,5802,4410.541,Medium-Low,0,3,7,1,4,2,4,0,1242.8435138825805,0.6365141682948128,-0.2571566104888916,0.1701084166395631,-0.10020285844802856,0.5983033290108887,0.05427997559309006,0.7757355020446047,0.01980978436768055,0.9172469692553025,0.10614366084337234,0.5766734292931287,0.005912093445658684,0.9752646656699752,0.2637068,0.0,0.10922766,0.27235684,0.14584273,0.0,0.20886593,0.0955158,0.47968903,2.3098502,2.7883325,0.17000246,0.47345215,0.3957555,2.0486531,0.8502494,1.8894534,0.0,0.1986957,B_cell_zone,0.0
TGTATCAGACTGAAGC-1,1,10,110,6337,21837.0,6337,4438.1045,Medium-High,0,12,7,4,4,3,4,0,3679.7415670125533,0.45056120886630463,-0.05981503054499626,0.7535358057115339,0.288491427898407,0.12208697795697994,0.07371114194393158,0.6986787298432368,-0.037424370646476746,0.8443438624960272,-0.038026388734579086,0.8418709385727174,0.08574047684669495,0.6523526750618447,0.09931867,0.12860441,0.0,0.23208661,0.24579205,0.19390504,0.100293264,0.17552775,0.80376506,2.2493324,2.7413948,0.20231813,0.4527768,0.47552085,1.9899435,1.2590902,1.7462739,0.18851167,0.395432,B_cell_zone,0.0
TGTATCCTTATTCCAT-1,1,10,50,6168,20219.0,6168,4342.3267,Medium-Low,1,8,0,3,1,5,0,3,4252.973665566247,0.6931471805599453,-0.2026241272687912,0.2828906100673926,0.10562314838171005,0.5785545590993488,-0.2511586546897888,0.18064371172263935,-0.08897661417722702,0.6400948422979285,-0.2805437743663788,0.13318701413210857,-0.046714216470718384,0.8063589744605463,0.1223615,0.004890879,0.2020222,0.27555004,0.2584607,0.0194844,0.11723034,0.3590424,0.5744358,2.0823643,2.7537227,0.23666683,0.42332467,0.49479386,1.2439204,0.9575449,2.112341,0.37286758,0.3155558,Medullary_cords,276.0018115882575
TGTATGGCGCAGACAG-1,1,43,93,6217,21002.0,6217,4403.0557,Medium-High,3,10,2,0,0,4,5,6,690.8834923487461,0.45056120886630463,-0.5147432684898376,0.003609130861865566,-0.02599625289440155,0.8915367959897068,-0.18737144768238068,0.3214488179508891,-0.07699555158615112,0.6859159259667661,-0.02541118487715721,0.893964060719259,0.15091998875141144,0.425989166422597,0.053431764,0.15167117,0.046057876,0.29734093,0.10867381,0.15895477,0.18386976,0.52979964,0.9527718,1.975491,2.834003,0.38294172,0.8019047,0.57225215,1.6665859,1.6133828,2.118534,0.0,0.44437072,Medullary_cords,138.00362314084367
TGTATTTACCTAATGC-1,1,10,102,5853,22165.0,5853,3937.4185,Medium-High,1,12,3,5,4,3,3,5,3489.5088479612714,0.6365141682948128,-0.02882237359881401,0.8798260072372371,-0.08908236026763916,0.6396958375634628,0.012750012800097466,0.946685292725905,-0.24068155884742737,0.2001292026506546,-0.014763840474188328,0.9382792017751003,0.09247824549674988,0.6269352554034106,0.06041457,0.054615803,0.08574682,0.08421618,0.16044308,0.24811164,0.3064519,0.18737167,0.5251258,2.2641325,2.8748183,0.15353271,0.73934984,0.26854637,1.587018,0.8594614,2.3807917,0.18618222,0.5129993,Medullary_cords,275.0018181758077
TGTCATTTGTTGGGAA-1,1,21,109,5887,19252.0,5887,4212.5815,Medium-Low,1,0,3,5,4,2,3,5,2496.7983498873114,0.9502705392332347,-0.3985047936439514,0.029167685374222038,-0.19822363555431366,0.29369676660150784,0.1569221168756485,0.4075996166545897,0.45373252034187317,0.011788917077484706,-0.4904387295246124,0.005932799495115107,-0.14715200662612915,0.43776334732888456,0.10049137,0.0015889688,0.14476465,0.0802238,0.27785245,0.011186852,0.3838919,0.38482788,0.27648765,2.164442,2.7940469,0.24510634,0.5259023,0.46440527,1.5049014,0.7689793,2.2542856,0.104583256,0.5222782,Medullary_cords,238.90793205751876
TGTCCACGGCTCAACT-1,1,65,101,5698,21585.0,5698,3722.3003,Medium-High,2,13,5,2,7,1,3,4,3355.776065234389,0.410116318288409,0.34119492769241333,0.06500770100867778,0.22859877347946167,0.2243460253778218,-0.2170281708240509,0.24932222068780593,0.06013678014278412,0.7522510665457333,-0.17504701018333435,0.35486006671642617,-0.05488909035921097,0.7732836483955118,0.03133809,0.05370568,0.20125426,0.106672294,0.13687739,0.1480431,0.3221092,0.26366234,0.5475918,2.1577454,2.5392237,0.09517092,0.51937044,0.09517092,1.3064305,0.9171492,2.847025,0.32787046,0.5353617,Medullary_cords,600.204131941792
TGTCCCGACATAGCAC-1,1,11,57,6731,23639.0,6731,4555.518,Medium-High,4,8,1,4,1,5,4,7,3874.868384861607,0.6931471805599453,-0.3336389660835266,0.07157804418719754,-0.10032543540000916,0.5978535419800691,-0.13560402393341064,0.4749275917026721,0.015353746712207794,0.9358180144915162,0.09448802471160889,0.6194322922068326,-0.1547599881887436,0.4141718559465494,0.099115044,0.13890639,0.0,0.2472088,0.31394514,0.20082457,0.0,0.0882002,0.5892129,2.0756004,2.7092597,0.12073419,0.57174027,0.80327576,1.9423599,0.9562035,1.8005948,0.0,0.3563461,B_cell_zone,0.0
TGTCCGCAAACAATTC-1,1,73,51,7045,27786.0,7045,4294.5557,High,1,4,0,3,2,1,0,3,4905.911739931733,1.0114042647073518,-0.15476803481578827,0.4141472872558608,0.17953163385391235,0.3424703743557874,-0.567132294178009,0.0010829396596670478,0.07905394583940506,0.6779599575351507,0.06363949179649353,0.7383074458658295,0.16092482209205627,0.39558896709104746,0.062973775,0.0026073153,0.11704922,0.27583173,0.29228523,0.0,0.2492527,0.41813904,0.8148128,1.9942489,2.772195,0.45384482,0.424816,0.30393693,1.4953959,1.4469637,2.4326277,0.21240783,0.23901004,Medullary_cords,364.24716882907956
TGTCCGTGGCGCCTTT-1,1,30,18,6811,26651.0,6811,4237.2285,High,2,7,0,3,3,6,2,3,4912.937715868175,0.6931471805599453,-0.07615867257118225,0.6891600673192596,-0.10007938742637634,0.5987565434734847,0.07201142609119415,0.7053156283812461,0.22252362966537476,0.23724013791458884,-0.42168277502059937,0.020290217180319214,-0.3581487834453583,0.05197719835820195,0.093645185,0.0,0.14312953,0.16447338,0.24049632,0.33628312,0.021972425,0.3452081,0.5216224,2.2744982,2.7910707,0.31184816,0.44101962,0.60012084,1.4402232,1.0023302,2.2715285,0.0,0.6466246,Medullary_cords,238.40302011509837
TGTCCTAAGTCACCGC-1,1,34,30,3423,9778.0,3423,3422.6707,Low,3,7,6,5,3,6,3,5,4021.4421542526256,1.0114042647073518,0.07244045287370682,0.7036383793059463,-0.1565239429473877,0.4088055134722522,-0.004904702305793762,0.9794784739619933,0.06126627326011658,0.7477461801235511,-0.057259153574705124,0.763764029457722,0.3091055154800415,0.09649503940201797,0.036443755,0.00019840944,0.19862103,0.18493558,0.26947474,0.0,0.31032646,0.0880544,0.57154703,1.5618939,2.7255626,0.0880544,0.59372187,0.43884912,0.74794817,1.2517898,2.0709713,0.1761088,0.6060234,Medullary_cords,496.9557324349926
TGTCGGCATGGTGGAA-1,1,9,23,8031,41814.0,8031,4414.108,High,4,8,1,4,1,5,4,7,5664.162162226643,0.6365141682948128,-0.7687254548072815,6.985791561420357e-07,-0.00857604667544365,0.9641250745445793,0.17552514374256134,0.35352654097660174,-0.10477156192064285,0.5816380524437159,-0.26735904812812805,0.1532012157458618,-0.35404595732688904,0.054922921085707364,0.20411068,0.1421545,0.1790085,0.16231108,0.2754336,0.0,0.03698166,0.12512696,0.4215725,2.0039308,2.5784457,0.053610757,0.44914365,0.92668086,1.7420759,0.75241655,1.8959202,0.053610757,0.12588689,Medullary_cords,238.40302011509837
TGTCGTGGGTATAGGC-1,1,75,67,3074,7710.0,3074,3367.1824,Low,2,4,3,2,2,1,3,5,4662.329996900691,0.6365141682948128,-0.22134770452976227,0.23979197031768731,-0.27147436141967773,0.14673553836924155,-0.1676245480775833,0.3759445469840087,-0.10829296708106995,0.5689348734647011,0.030028056353330612,0.8748373446652449,0.09472331404685974,0.6185563296878942,0.093615875,0.0,0.29403204,0.25563443,0.11581767,0.0,0.2408999,0.26386082,0.32694417,1.8350409,2.8026254,0.20790282,0.51028013,0.10395141,1.2626317,0.99145204,2.5721912,0.41580564,0.13860188,Medullary_cords,276.3494165001982
TGTCGTTATCACATAT-1,1,61,15,6241,21259.0,6241,4298.2764,Medium-High,3,1,7,1,5,0,1,6,5730.323987350104,1.3296613488547582,0.24469438195228577,0.1925017999922243,0.1484885811805725,0.433566712436069,0.13581568002700806,0.47423204954231146,0.4179198741912842,0.021556860996503675,0.09489139169454575,0.6179309041345771,0.05973975732922554,0.7538364632941996,0.08355888,0.0,0.06934992,0.31976503,0.20413472,0.024004353,0.29918706,0.1993955,0.64603245,2.0471551,2.920711,0.19277854,0.5285219,0.441454,1.8089793,1.227552,2.1500063,0.19277854,0.40391108,Medullary_cords,138.42326394071193
TGTCTACAGTTTCTGT-1,1,11,53,6135,20007.0,6135,4392.7856,Medium-Low,0,8,7,4,1,5,4,0,4032.6012696521334,1.3296613488547582,-0.048616260290145874,0.7986318234054061,-0.023404700681567192,0.9022953392631883,-0.012204006314277649,0.948965429745224,0.08473073691129684,0.6561957966564769,-0.4999585747718811,0.004904053309527986,-0.037999458611011505,0.8419815287602739,0.107336976,0.08502381,0.10811743,0.1628735,0.21964453,0.21646754,0.1005362,0.16519031,0.6467286,2.0891418,2.7238314,0.18797323,0.32527372,0.551792,1.691859,1.1228247,2.2032924,0.2026909,0.38575828,Medullary_cords,138.0
TGTGACTACGCCAGTC-1,1,21,73,5685,18025.0,5685,4306.6904,Medium-Low,0,3,7,7,4,2,8,0,2282.2046358729535,1.0986122886681096,-0.23993733525276184,0.2015663918414703,-0.006540989503264427,0.9726343851698742,0.19686450064182281,0.29708653369842025,0.4625908136367798,0.010055018374436252,-0.3311119079589844,0.07388654594001114,-0.33248090744018555,0.07262891303074762,0.26936796,0.0,0.052128594,0.27795443,0.400549,0.0,0.0,0.0,0.59603137,2.3479285,2.731875,0.22067855,1.2322625,0.47463685,2.0294774,0.9071151,2.14816,0.22067855,0.19797842,Medullary_cords,0.0
TGTGAGACTAGCCCAA-1,1,59,63,6128,19659.0,6128,4393.3555,Medium-Low,2,2,0,3,2,1,0,3,3048.2166917724207,0.6931471805599453,0.009863070212304592,0.9587454983246936,-0.07810290902853012,0.6816316864237636,-0.0939333364367485,0.6214993709800076,-0.11015276610851288,0.5622767862614939,-0.1988188922405243,0.29221991357364624,0.28637251257896423,0.12497710306733212,0.106870435,0.14835952,0.106972426,0.17721716,0.14344117,0.0,0.3171393,0.2662662,0.37053436,2.3107646,2.752069,0.22685802,0.4451403,0.3728641,1.6275232,1.0113865,2.1808996,0.10281188,0.54509366,Medullary_cords,365.7608508301565
TGTGATTCCAGCGCTT-1,1,0,86,5769,18661.0,5769,4207.879,Medium-Low,1,12,3,6,6,3,7,5,4553.405868138706,0.5623351446188083,0.05435708910226822,0.7754249816860544,-0.26440468430519104,0.1579674852248934,-0.25302520394325256,0.17731726560734046,0.09115593135356903,0.6318917886766449,-0.07165298610925674,0.7067179625974365,-0.12879933416843414,0.4975683879031459,0.04361337,0.15338239,0.090916134,0.07004624,0.1766218,0.008507541,0.4569125,0.39512992,0.27164465,2.2716212,2.8503323,0.053637695,0.5367777,0.16091308,1.6287339,0.7823616,2.2036362,0.10727539,0.6649457,Medullary_cords,239.26763257908496
TGTGCCGGTGCCGGAA-1,1,53,97,6562,22494.0,6562,4443.3325,Medium-High,1,10,0,3,0,4,6,3,1900.368648446927,0.45056120886630463,-0.20623555779457092,0.274214966004672,-0.19927237927913666,0.2910979662908964,-0.22170984745025635,0.2390041562303043,0.40424612164497375,0.026718967945820182,-0.2425595372915268,0.19653407291737582,0.1304137408733368,0.49214824027129006,0.047014795,0.0,0.15709552,0.14753246,0.13756832,0.0033479712,0.5074409,0.48771295,0.7182497,2.167138,2.7483525,0.18390343,0.49931437,0.61694163,1.6085283,1.1145252,2.5160844,0.51567686,0.79995394,Medullary_cords,138.42326394071193
TGTGCTTTACGTAAGA-1,1,36,18,3742,10264.0,3742,3613.3403,Low,0,7,6,5,3,6,3,0,4824.390635095794,0.6365141682948128,-0.1253477782011032,0.5092564516307139,0.051314420998096466,0.787702476173809,0.19342099130153656,0.30578505835450565,-0.09539273381233215,0.6160669400015872,-0.36962947249412537,0.044393954495153584,-0.21759022772312164,0.24806819244360773,0.067693055,0.23504892,0.07405836,0.09712323,0.36503586,0.0,0.16104051,0.34090275,0.34759277,2.1199572,2.6591048,0.0,0.4251271,0.30521536,1.9537563,0.8530158,1.9581239,0.4403799,0.2935866,Medullary_cords,0.0
TGTGGAGGAAGCTTAA-1,1,2,56,5666,18141.0,5666,4215.0786,Medium-Low,3,8,7,0,6,5,5,6,4841.3846159957175,0.6365141682948128,-0.3857477307319641,0.03526435994882052,-0.014568693935871124,0.9390935095099033,0.16822780668735504,0.3742041431977441,0.2365931123495102,0.20811225526333926,-0.1990785449743271,0.29157718556563483,0.044860854744911194,0.8139055865710755,0.11993159,0.0,0.023476418,0.33874643,0.38759655,0.0,0.130249,0.09289302,0.6671886,1.8269243,2.6056497,0.12199925,0.534039,0.2439985,1.2658398,1.2103121,1.948353,0.10976815,0.0,Medullary_cords,137.55726080436466
TGTGGCAAAGCGTATG-1,1,29,87,4607,12518.0,4607,4033.9229,Low,2,0,0,2,4,2,2,3,1080.3355960070926,0.6931471805599453,-0.24413853883743286,0.19354609124799496,-0.2736397683620453,0.14341373011120337,-0.004835945554077625,0.979766097019627,-0.14958687126636505,0.43013477942780964,0.034970831125974655,0.854437093030443,0.08627169579267502,0.6503343178297571,0.051327143,0.0,0.14470674,0.34264618,0.17630526,0.008052067,0.27696258,0.29964775,0.7382752,2.236114,2.5780628,0.07339786,0.6381186,0.339528,1.3179777,1.4002016,2.6720686,0.23866883,0.452704,Medullary_cords,275.98007174431996
TGTGGCGGGCTTCTGG-1,1,65,59,4967,13719.0,4967,4172.18,Low,5,4,4,1,2,1,1,1,3800.4295809816026,0.6365141682948128,-0.08794060349464417,0.6440091427134981,0.2516274154186249,0.17980422792276962,-0.042359910905361176,0.8241148772025424,0.02937410958111286,0.8775425596499226,-0.2874159514904022,0.12354765497553052,0.19089987874031067,0.3122536833042642,0.06855887,0.08625841,0.14319047,0.047835343,0.0,0.20824538,0.44591156,0.068440676,0.53402907,2.3144388,2.7993078,0.29327142,0.6759408,0.21332206,2.1076765,0.834785,1.9945196,0.58654284,0.36501694,B_cell_zone,0.0
TGTGGTTGCTAAAGCT-1,1,65,49,5808,18777.0,5808,4225.3276,Medium-Low,3,4,2,0,2,0,5,6,4203.618679185827,0.0,0.1045345813035965,0.5824974208045026,0.15533897280693054,0.41240612920471736,0.15748330950737,0.40590341450844847,-0.012117452919483185,0.949326915666962,0.22602950036525726,0.2297400968065499,-0.14469905197620392,0.4455223904898784,0.05547272,0.08991578,0.049737208,0.3924806,0.29514086,0.0,0.117252834,0.10673593,0.96023995,1.8186069,2.5146017,0.28803456,0.73377275,0.14401728,1.3956497,1.5751333,2.0351083,0.10673593,0.31105208,Medullary_cords,275.98007174431996
TGTGTCGCGAGTTGCA-1,1,24,36,5783,19764.0,5783,4119.1885,Medium-Low,5,11,4,1,1,5,1,1,3952.228864830578,0.6365141682948128,-0.39334723353385925,0.031520138009579445,0.1663351058959961,0.3796803947400243,0.32083192467689514,0.08387499118234622,-0.0259637963026762,0.8916714233029316,-0.12856651842594147,0.4983525050207787,0.3608447313308716,0.05011057180514289,0.07569695,0.0,0.113066845,0.26215553,0.21063128,0.20031843,0.13813098,0.34115633,0.5053602,2.059496,2.9083002,0.10236788,0.66569436,0.36429778,1.400697,1.1342561,2.288109,0.10236788,0.50569576,Medullary_cords,137.0
TGTGTTCGTATCCAAG-1,1,31,21,6644,31007.0,6644,3624.7349,High,2,7,5,2,3,6,3,4,4687.528666579011,0.45056120886630463,-0.005541193298995495,0.976816030910285,-0.21378235518932343,0.2566459373224323,-0.0820811316370964,0.666321097826859,0.38942384719848633,0.03341073384581562,-0.2637424170970917,0.15905032332787497,-0.2425173670053482,0.19661430801583188,0.049956363,0.0021468895,0.30459827,0.1140307,0.23629445,0.1617379,0.13123539,0.26736438,0.47775033,2.1884236,2.4118013,0.1321012,0.409125,0.25163937,1.2783395,0.85893583,2.9081314,0.19431993,0.6517355,Medullary_cords,364.6601157242179
TGTTATTGTATGTGGC-1,1,44,86,4981,13379.0,4981,4282.1963,Low,0,10,7,4,0,4,4,0,731.7492740003231,0.8675632284814613,0.2362360805273056,0.20881960119963494,0.17122893035411835,0.36561612826510076,-0.24846404790878296,0.18552275014275124,-0.12223422527313232,0.5199152437380521,-0.24209639430046082,0.1974165128878218,0.039845433086156845,0.8344078523785818,0.360311,0.0010895607,0.0,0.35240185,0.28619757,0.0,0.0,0.06976898,0.98100275,2.449968,2.8805108,0.13953796,0.6763456,0.43786705,2.1074154,0.84129673,1.8109528,0.27907592,0.18605062,B_cell_zone,0.0
TGTTCCGCTTCCATGA-1,1,36,44,4552,12262.0,4552,4066.4631,Low,0,9,7,4,3,6,4,0,3037.871787946292,1.0986122886681096,-0.05937781184911728,0.7552826441543036,0.05224865674972534,0.7839272782900082,0.10515077412128448,0.5802640732997548,0.02185659483075142,0.9087303544820147,-0.34681737422943115,0.06043135997121639,-0.22722969949245453,0.2272095835640647,0.12860462,0.0041149,0.0,0.27040336,0.43008706,0.022686029,0.14410411,0.12092313,0.6224766,2.1330945,2.9278018,0.14909405,0.4584399,0.378314,2.143498,1.0816156,1.8208704,0.14909405,0.26062688,B_cell_zone,0.0
TGTTCCGGCCTGAGCT-1,1,70,66,5223,15075.0,5223,4195.451,Low,1,4,3,3,2,1,6,3,4121.600902562013,0.45056120886630463,-0.09840415418148041,0.6049201589734657,-0.13610035181045532,0.4732973988976259,-0.13145878911018372,0.48865566993554954,-0.09713625907897949,0.6096028646550842,-0.27036115527153015,0.14846471764426464,0.34571707248687744,0.06130647564596105,0.0429556,0.0,0.14838128,0.09204479,0.30306414,0.017807472,0.39574677,0.35741192,0.50683683,2.034435,2.9194906,0.3383211,0.60639006,0.19081257,1.4262755,0.9614323,2.2444222,0.52823925,0.6422418,Medullary_cords,238.76766950322232
TGTTCGTATTGCGGTG-1,1,49,61,3742,9208.0,3742,3722.537,Low,2,2,5,2,0,7,2,4,2277.873789304403,0.45056120886630463,-0.10444948077201843,0.5828061595129573,0.011564264073967934,0.9516375110846933,-0.03966454416513443,0.835149374590999,0.059105902910232544,0.7563696109713751,0.5597051382064819,0.0013000480099095533,-0.08443577587604523,0.6573200640120787,0.04408266,0.0,0.23754583,0.24487321,0.21440421,0.0,0.2590941,0.23621938,0.3709607,2.2351341,2.6164668,0.18382768,0.18382768,0.09191384,1.3747008,0.72806734,3.053423,0.18382768,0.3149592,Medullary_cords,551.8305899458637
TGTTCTTCCATTGACT-1,1,33,43,4611,12610.0,4611,4057.352,Low,0,9,7,4,3,6,4,0,3154.850551135505,1.3296613488547582,-0.16372345387935638,0.38731280357398923,0.25212734937667847,0.1789119410597022,-0.10346224904060364,0.5863930283771234,-0.0018136363942176104,0.992410969418453,-0.15892016887664795,0.40157872201746886,-0.05839423090219498,0.7592167013550035,0.16638964,0.1779525,0.24157904,0.20959072,0.15807217,0.046415906,0.0,0.11877218,0.37063405,2.4150178,2.8352385,0.0,0.7274998,0.61105305,2.1692274,0.86419135,2.2507758,0.38352865,0.35300863,Medullary_cords,0.0
TGTTGATCACTGTTTA-1,1,2,120,5122,16161.0,5122,4002.1794,Medium-Low,5,12,3,5,8,3,3,1,4842.079924990912,0.0,0.2644231617450714,0.15793734960867112,0.3247154653072357,0.0799869030261364,-0.22851283848285675,0.22452504662647418,-0.2210872918367386,0.24035954638144053,-0.246628537774086,0.18889852866206197,0.019354254007339478,0.9191436496823697,0.067731895,0.096802086,0.12883411,0.07725426,0.17689686,0.028678121,0.42380267,0.10067253,0.25004297,2.1622941,2.9240868,0.28129834,0.70465404,0.28129834,1.8553016,0.65400064,1.9179997,0.0,0.34873825,Medullary_cords,0.0
TGTTGTCAAGAAGTCT-1,1,24,82,5642,16972.0,5642,4328.628,Medium-Low,1,5,4,6,4,2,7,1,1727.0972757780612,0.45056120886630463,-0.20367246866226196,0.2803543039097963,-0.10565602034330368,0.5784356793674327,-0.10446237772703171,0.5827593656330382,-0.046784907579422,0.8060714634513357,-0.07639164477586746,0.688256410411074,-0.039618119597435,0.8353397062823049,0.10146665,0.09119078,0.12712738,0.06089351,0.047975056,0.027926011,0.5434207,0.43772405,0.4756022,2.4614537,2.8726687,0.21314251,0.4917751,0.3703201,1.7817745,0.8454333,2.0669088,0.310471,0.7300737,Medullary_cords,137.92751719653333
TGTTTAATACTTCATC-1,1,9,77,5682,18139.0,5682,4239.839,Medium-Low,5,5,4,1,6,3,1,1,3554.302463212719,1.0114042647073518,-0.40140774846076965,0.027907700798877923,-0.07432800531387329,0.6962754013588813,-0.37524065375328064,0.041023394772355296,0.18281906843185425,0.3335564879488011,0.22065973281860352,0.2412933610499548,0.17991358041763306,0.3414274009367945,0.08863363,0.16721824,0.12341027,0.2411784,0.23219499,0.0055642743,0.14180028,0.14778922,0.7502826,2.2301655,2.735215,0.2195559,0.6033784,0.58006525,1.8517298,1.0897225,1.9761453,0.371601,0.2702376,Medullary_cords,0.0
TGTTTCGGTACTTCTC-1,1,18,56,5478,15956.0,5478,4331.5845,Medium-Low,5,3,4,1,1,2,1,1,3253.8229822779235,1.0114042647073518,0.2900291383266449,0.1200207238314314,-0.0961918979883194,0.6131005256344176,-0.011673614382743835,0.9511807384870309,-0.15855304896831512,0.40268119390284735,-0.410169780254364,0.024370982701445644,0.2806192636489868,0.1330782258214574,0.16894902,0.23780698,0.0,0.17984468,0.34435943,0.0,0.06903988,0.25840893,0.45578694,2.4254055,3.0279279,0.18247199,0.5530312,0.4876826,2.0631275,0.78636444,1.8994851,0.121648,0.16219734,B_cell_zone,0.0
TGTTTCTGAAGCGTGC-1,1,63,7,870,1423.0,870,2002.9369,Low,5,1,6,5,5,0,3,1,6328.561289898361,0.5982695885852573,0.3126175105571747,0.09257374572949832,-0.007062993943691254,0.970451378221205,-0.06518667936325073,0.732173913083495,-0.015269841998815536,0.9361680441145903,-0.031105265021324158,0.8703842277674865,-0.0003040023148059845,0.9987279066347042,0.396922,0.005958746,0.21437328,0.0,0.1330436,0.14604722,0.10365519,0.0,0.0,1.8422695,2.7815366,0.0,0.2603577,0.0,1.4933805,0.79909325,1.1340361,0.0,0.34714362,B_cell_zone,138.42326394071193
TGTTTGAGATCGTCAG-1,1,49,115,4457,13625.0,4457,3578.0977,Low,2,10,5,2,0,4,2,4,2278.3794679552393,0.0,0.3003745377063751,0.10678677262507465,0.08497319370508194,0.6552722041196432,0.014242393895983696,0.9404552288504271,0.3179361820220947,0.08686700352639316,-0.04474450647830963,0.8143798919324186,-0.23878364264965057,0.20380835019802265,0.06634905,0.0,0.36292705,0.08787881,0.27820385,0.0,0.20464121,0.2956044,0.35198733,2.128121,2.490165,0.06879989,0.42066506,0.06879989,1.3598406,0.7762549,2.8076062,0.5010404,0.47064528,Medullary_cords,239.0
TTAAACAGAGTCCCGC-1,1,9,27,7266,30031.0,7266,4381.6797,High,3,8,2,0,1,5,5,6,5448.964855823535,0.0,-0.7578874230384827,1.2326120789994093e-06,-0.2900148332118988,0.12003982587255523,0.3296041786670685,0.07529101936510724,0.01754145696759224,0.9266957575758564,-0.30220547318458557,0.1045632508853565,0.04767310246825218,0.8024611687265047,0.004941184,0.0,0.029022397,0.52989656,0.35487467,0.010542996,0.07072217,0.22226724,0.9855727,1.3519136,2.7233036,0.035929035,0.5987898,0.34123445,0.8600256,1.6283088,1.7347295,0.0,0.296323,Medullary_cords,478.0345175821512
TTAAACCGGTAGCGAC-1,1,8,52,7861,35284.0,7861,4441.398,High,3,8,2,0,1,5,0,6,4364.829664488639,0.6365141682948128,-0.6827514171600342,3.226889937394601e-05,-0.33176758885383606,0.07328212129338565,0.13146068155765533,0.4886493568178232,0.2324163019657135,0.21649042292307866,-0.11865430325269699,0.5323034656705272,-0.1874193251132965,0.32132294180402643,0.067792326,0.003133212,0.11760065,0.4195807,0.24363944,0.009210935,0.13904278,0.37214285,0.9009092,1.8173816,2.8039184,0.42776257,0.7198319,0.23703697,1.3563983,1.496378,2.1015105,0.17465279,0.5652825,Medullary_cords,238.76766950322232
TTAAACCTGGTTCCTT-1,1,26,12,5875,21432.0,5875,4064.283,Medium-High,5,11,0,5,3,6,3,5,5425.218981755483,1.0397207708399179,-0.09534701704978943,0.6162368158512309,0.19529125094413757,0.3010410609451929,0.048583365976810455,0.798765302177932,0.06854431331157684,0.7189191552154722,-0.5668977499008179,0.0010892778512702952,-0.2860985994338989,0.1253543586353887,0.13150641,0.0,0.026014473,0.31363282,0.17833318,0.0,0.3505131,0.30180994,0.73854923,2.1743064,2.977601,0.28892937,0.5015966,0.54946613,1.7034117,1.2337732,2.0514078,0.095739044,0.34920385,Medullary_cords,138.42326394071193
TTAAACTCGAATTCAT-1,1,31,95,7292,27041.0,7292,4555.289,High,1,0,2,3,0,2,0,3,966.6028139830755,0.8675632284814612,-0.1543237417936325,0.41550506235030593,0.024542097002267838,0.8975713623725078,-0.11334145069122314,0.5509448333989623,-0.1358550786972046,0.4741026364548255,-0.2035742551088333,0.28059129512959774,0.09822500497102737,0.6055808836215388,0.0,0.0,0.1621899,0.1746054,0.15636256,0.13364825,0.37319383,0.25923812,0.63848555,1.644182,2.7278814,0.29576972,0.67895985,0.42708957,1.0751898,1.149474,1.9784272,0.29576975,0.8307977,Medullary_cords,364.6601157242179
TTAAAGGCGATGCTCG-1,1,73,49,6270,24578.0,6270,4008.581,Medium-High,2,4,0,0,5,0,0,3,4978.139913662531,1.0114042647073518,-0.1461087316274643,0.4410543552650053,0.07594375312328339,0.6899940727949301,-0.505072295665741,0.004417335252525352,0.011665306985378265,0.9512154391981558,0.12101715803146362,0.5241110443548815,0.11651463806629181,0.5397745244684006,0.06075459,0.07862044,0.2809248,0.16422267,0.14005014,0.18904729,0.08638015,0.43708527,0.62836623,1.9817059,2.5613408,0.04267221,0.5591839,0.5023718,1.2884581,1.1179811,2.2987409,0.08534442,0.5681717,Medullary_cords,276.3494165001982
TTAAAGTAAGTCGCCA-1,1,69,105,4760,15828.0,4760,3666.579,Low,2,13,5,5,7,1,3,4,3894.0879548361513,0.6365141682948128,0.0862182006239891,0.6505374623539499,0.028997916728258133,0.8790993905683715,-0.0564841628074646,0.7668732258705837,0.05570063367486,0.7700202882792734,-0.2800647020339966,0.13387892659268258,-0.1049467921257019,0.5810029716024179,0.03262368,0.07502327,0.20210505,0.16500649,0.1721786,0.0,0.3530629,0.34119138,0.43583733,2.1191685,2.562102,0.22453831,0.48421884,0.29621783,1.3779633,0.9627397,3.0008252,0.24483933,0.24483933,Medullary_cords,688.0029069706028
TTAACACCTCGAACAT-1,1,24,22,7021,26569.0,7021,4451.6426,High,3,11,2,0,1,6,5,6,4842.598992276771,0.0,-0.15142035484313965,0.4244388791747932,0.24596922099590302,0.1901214943432612,-0.1542612463235855,0.41569624987326853,-0.38666248321533203,0.0347955386873445,-0.4719952344894409,0.008454185480836282,0.2449398636817932,0.19204184916591127,0.039362337,0.0,0.1240583,0.3462052,0.14447807,0.0,0.34589607,0.3546567,0.93811244,1.7177281,2.714556,0.15001728,0.74451315,0.37018532,1.1206623,1.4628396,2.002842,0.07986651,0.377868,Medullary_cords,275.0
TTAACCAACCCTCCCT-1,1,19,55,7032,25287.0,7032,4577.9253,High,0,3,7,4,1,2,4,0,3215.2183440631215,0.45056120886630463,-0.11713574081659317,0.5376007225419276,0.1799011081457138,0.341461428323189,0.20414923131465912,0.27920569300120246,0.09018152207136154,0.6355542931688796,-0.14395105838775635,0.4479030479256815,0.11078527569770813,0.5600205370080996,0.16115645,0.08508578,0.0,0.11465141,0.42389613,0.21521027,0.0,0.11856584,0.6447302,2.3684025,2.8324118,0.08330885,0.5099382,0.3372447,2.1985056,0.91732514,1.9271688,0.1666177,0.31075156,B_cell_zone,0.0
TTAACGAACAAGCAGT-1,1,22,114,7373,30799.0,7373,4359.4316,High,3,12,7,0,4,2,0,3,2622.301660755299,1.2424533248940002,-0.6171357035636902,0.0002805890954110326,-0.007484143599867821,0.9686902947592179,0.24139539897441864,0.19875734699658487,0.1027013286948204,0.5891642324057123,-0.4417264759540558,0.014532879066027007,-0.13852247595787048,0.4653838370347811,0.13329752,0.0,0.13919932,0.42455545,0.25779384,0.0,0.04515385,0.26548794,0.88784575,2.0243826,2.6629138,0.1553172,0.5132832,0.4357426,1.3426723,1.2565012,2.2069883,0.070299804,0.33789563,Medullary_cords,239.0
TTAACGTCGCAAGACC-1,1,10,54,7522,31728.0,7522,4514.0044,High,0,8,7,4,1,5,4,0,4089.279643164551,1.0986122886681096,-0.3941081762313843,0.031163696029437145,-0.10200397670269012,0.5917089294634499,0.06905314326286316,0.71691732064898,-0.01622551865875721,0.9321819041509273,-0.2954806089401245,0.11290375654033057,0.01692618802189827,0.9292604187868738,0.23404728,0.08818119,0.14316235,0.055499326,0.0766504,0.20658734,0.19587214,0.24838322,0.46379188,2.406559,2.8462644,0.0,0.47203895,0.55548465,2.147071,0.72966504,1.9035674,0.13699017,0.23805761,B_cell_zone,0.0
TTAACTCACGCGTGGA-1,1,24,14,7143,29203.0,7143,4371.4185,High,0,11,7,1,1,6,4,0,5362.695217891839,1.0549201679861442,-0.287058562040329,0.12403589206539713,0.17683039605617523,0.349901434984618,0.18201735615730286,0.3357171701597715,-0.0641636922955513,0.73622756655807,-0.7219768166542053,6.683704233126064e-06,0.06095423549413681,0.7489899091895196,0.13560723,0.0027424742,0.0,0.26792616,0.42549995,0.1682242,0.0,0.088344105,0.6707936,2.2506347,2.9629555,0.10202912,0.53608084,0.36559767,1.7934318,1.232642,1.9493141,0.07362701,0.18512352,Medullary_cords,137.92751719653333
TTAACTTCAGGTAGGA-1,1,46,26,6369,22912.0,6369,4238.6587,Medium-High,2,7,0,2,3,6,0,3,4373.692490333539,1.0114042647073518,-0.16336113214492798,0.3883786060568412,-0.06962805241346359,0.7146577284197595,0.1832725554704666,0.3323380663469464,-0.06096797436475754,0.748935135388874,-0.09570195525884628,0.614918435514851,0.012597569264471531,0.9473218600456832,0.06857418,0.0050245384,0.274286,0.11383013,0.28300712,0.020645007,0.23463309,0.16076489,0.4983343,2.2331738,2.6809626,0.16898048,0.6722266,0.3047967,1.6003708,0.886363,2.5068076,0.34306318,0.3835716,Medullary_cords,137.92751719653333
TTAAGACGAACGAACC-1,1,6,96,6804,25308.0,6804,4409.9434,High,0,12,7,4,6,3,4,0,3872.120865882159,1.3296613488547582,0.025746051222085953,0.8925746884063895,0.13281923532485962,0.48412802742512867,-0.27233588695526123,0.14540733137997106,0.07489044219255447,0.6940866298582592,-0.21602225303649902,0.25157700322431925,-0.42129093408584595,0.020419185035543484,0.17001602,0.23956999,0.13938285,0.22636086,0.019784022,0.0,0.20488617,0.041626424,0.48250455,2.3257494,2.9289386,0.0,0.78545284,0.39938205,2.0753815,0.8209242,1.8447639,0.1665057,0.1665057,B_cell_zone,0.0
TTAAGATACCCAGAGA-1,1,74,26,7442,30854.0,7442,4361.6553,High,1,1,0,3,5,0,0,3,6067.155676262148,0.6931471805599453,0.15243013203144073,0.4213197940397221,-0.3414289951324463,0.06481194828765967,0.2006484866142273,0.2877101981578199,-0.19234423339366913,0.3085374336512153,-0.3289226293563843,0.07593261246519852,0.16284891963005066,0.3898882030083486,0.03200553,0.0013207608,0.14021476,0.12771627,0.17270012,0.20193458,0.324108,0.26001236,0.76591575,2.068862,2.7513945,0.21756981,0.5702889,0.315134,1.6259787,0.9407937,2.5376115,0.14038503,0.6584442,Medullary_cords,137.55726080436466
TTAAGATAGGATTGAC-1,1,43,101,4839,13768.0,4839,4066.3694,Low,1,10,0,2,0,4,0,3,1077.5054524223997,0.8675632284814613,-0.5573257803916931,0.0013771891891429132,0.02916094660758972,0.8784246555376445,-0.4846060872077942,0.006649673563435383,-0.04162338003516197,0.8271269739247974,0.13689863681793213,0.4706815416664962,0.08416073024272919,0.6583690831367189,0.12712613,0.0,0.39250904,0.066377416,0.30080232,0.054514993,0.05866999,0.35740435,0.5675431,2.2142534,2.7861893,0.31691003,0.5817067,0.1365059,1.7831863,1.0407798,2.5519617,0.58511066,0.617138,Medullary_cords,137.0
TTAAGCCGACAACTTC-1,1,13,77,7008,28635.0,7008,4346.2993,High,3,5,2,7,6,3,8,2,3088.0025906724886,0.0,-0.17270301282405853,0.3614408521997292,-0.4249655604362488,0.019235894794860056,0.058060191571712494,0.760554114669628,0.20920798182487488,0.2672047173981297,0.10978557169437408,0.5635885205177432,0.3336958587169647,0.07152672260719456,0.041890386,0.0,0.14739938,0.410136,0.25947225,0.14110194,0.0,0.3187889,0.9505623,1.6193123,2.5698175,0.14977346,1.1620427,0.34366342,0.96845067,1.5160725,2.1081302,0.1324356,0.1881394,Medullary_cords,413.0012106519786
TTAAGCGCCTGACCCA-1,1,30,44,4535,13458.0,4535,3753.0396,Low,2,3,5,2,1,6,2,4,3176.690416140673,1.0114042647073518,-0.09782025963068008,0.607074758375997,0.10541590303182602,0.5793043008914752,-0.09566474705934525,0.6150565863718949,0.16083472967147827,0.3958570561946489,-0.5140610933303833,0.0036616447103631315,0.13875804841518402,0.4646179034311903,0.051148597,0.0,0.2795652,0.13711567,0.18612695,0.0,0.3460436,0.19385056,0.41665024,2.0519998,2.6558578,0.06945473,0.51311636,0.32220381,1.5517507,0.86502,3.1098664,0.13890946,0.4150997,Medullary_cords,137.92751719653333
TTAAGGATACGGAGGT-1,1,7,39,6545,24450.0,6545,4302.2944,Medium-High,3,8,2,0,1,5,5,6,5016.467781218175,0.0,-0.454785019159317,0.011570625353997928,-0.30301177501678467,0.10359515766925076,0.06042477488517761,0.7511016597090772,0.05509360507130623,0.7724608987896422,-0.032008521258831024,0.8666532063992753,0.14500324428081512,0.4445561836550081,0.058040883,0.0018025069,0.07562184,0.4800293,0.2554935,0.011368916,0.11764298,0.24975224,1.1479828,1.62532,2.4146006,0.21431409,0.47055322,0.16044709,1.0747521,1.6334245,1.8017997,0.085725635,0.35215175,Medullary_cords,731.3309784222189
TTAAGGCCCGTACTTT-1,1,59,25,6121,21310.0,6121,4208.9565,Medium-High,5,1,0,1,5,0,1,1,5012.940853431247,1.0114042647073518,-0.40610063076019287,0.025964844433150374,-0.5205631852149963,0.003186809015855041,-0.20985880494117737,0.2656854880413611,0.264988511800766,0.15701728530885412,-0.17118993401527405,0.36572696859273274,0.2433004528284073,0.19512806967204688,0.09406457,0.082840584,0.09216924,0.089782804,0.25099525,0.03937199,0.35077557,0.31360406,0.49473768,2.4232864,2.8222837,0.23373745,0.57293576,0.3158888,1.8546984,0.8596146,2.096631,0.09619777,0.4032503,Medullary_cords,0.0
TTAAGTATTGTTATCC-1,1,64,90,5458,16314.0,5458,4207.9487,Medium-Low,1,6,3,6,2,1,7,5,3117.420728743555,1.0114042647073518,0.3793478310108185,0.038688655991144225,-0.2984301745891571,0.1091866137937089,-0.05997448414564133,0.7528990300847668,-0.32245540618896484,0.08223239241575972,-0.25518491864204407,0.17352244940673292,0.1331828534603119,0.4829215386958401,0.021384045,0.06464306,0.09558748,0.008215397,0.2367478,0.19153056,0.3818916,0.48918405,0.24826801,1.9446995,2.8311148,0.11951937,0.15978214,0.11951937,1.6529053,0.72304666,2.2085721,0.4609001,0.8663019,Medullary_cords,138.06158046321215
TTAATCAGTACGTCAG-1,1,18,76,6138,20376.0,6138,4350.495,Medium-High,3,5,0,7,4,3,8,2,2533.510015768637,0.45056120886630463,-0.36133211851119995,0.049778853860046844,0.13753753900527954,0.4685934054994522,0.15047821402549744,0.4273605114732802,-0.022373177111148834,0.9065824261750698,-0.27015724778175354,0.1487830407549214,-0.17782975733280182,0.3471410170231256,0.03436649,0.0021142354,0.35177356,0.27829716,0.1220643,0.04801338,0.16337089,0.24923256,0.86374503,1.7744465,2.7819743,0.43384972,1.4093828,0.49224982,1.182148,1.2366904,2.7026777,0.09982377,0.56062484,Medullary_cords,238.40302011509837
TTAATGCGAGGTAACT-1,1,4,70,5524,17054.0,5524,4229.3867,Medium-Low,3,5,2,0,6,3,5,6,4256.37897748779,0.0,-0.43882009387016296,0.015271617559619978,-0.020779188722372055,0.9132121787094233,-0.04850757494568825,0.7990728687046836,-0.22833123803138733,0.2249036771128501,-0.05672820657491684,0.7658937579477441,0.2970789074897766,0.11087800547240985,0.05683539,0.004024258,0.13777246,0.407467,0.34114975,0.009859978,0.042891186,0.30566728,0.8674207,1.7894397,2.5848699,0.32776836,0.5402902,0.570025,1.2843485,1.2544641,2.3567147,0.30940038,0.20626694,Medullary_cords,275.0018181758077
TTAATGTAGACCAGGT-1,1,30,68,5727,16917.0,5727,4345.4536,Medium-Low,5,3,4,6,4,2,1,1,1677.3985811368746,1.0114042647073518,-0.0996040627360344,0.6005026489372851,-0.17910635471343994,0.3436339379240697,-0.10899917781352997,0.5664024473530399,0.05721988528966904,0.7639214843124027,-0.207637757062912,0.27089332508355096,0.14308273792266846,0.4506752197247161,0.115833364,0.0024330344,0.027653417,0.12335423,0.27988532,0.0154537335,0.4353869,0.24921271,0.34124005,2.3229194,2.8028738,0.15560576,0.457291,0.38389504,1.924187,0.8629339,2.0197442,0.0,0.36229467,Medullary_cords,0.0
TTAATTGCTTTGGGTG-1,1,62,76,4780,12866.0,4780,4074.944,Low,2,6,0,3,2,1,6,3,2991.3023919356597,0.45056120886630463,0.059860844165086746,0.7533528334442957,0.16032925248146057,0.3973631333240461,-0.15088485181331635,0.4260981486215158,-0.020601481199264526,0.9139516658565923,0.03412620723247528,0.8579169582302866,0.16050203144550323,0.396847968736645,0.030821795,0.0,0.25259355,0.15476967,0.16866013,0.0,0.39315477,0.40909013,0.4821619,2.047256,2.7285316,0.14377424,0.5286919,0.14377424,1.2388601,1.0092605,2.4992304,0.6127232,0.5928807,Medullary_cords,366.3659372812926
TTAATTTCAGACGCGG-1,1,17,69,6635,23101.0,6635,4438.6465,Medium-High,1,3,4,6,6,3,7,5,2834.91446079066,0.45056120886630463,-0.6493812799453735,0.00010329731051853086,0.07705215364694595,0.6856967061030065,0.21275559067726135,0.25899176983450234,-0.07930325716733932,0.6769986159538628,-0.3009295165538788,0.10610908949437074,-0.24936464428901672,0.18388193263692804,0.08180893,0.00074549293,0.0,0.15796456,0.15935801,0.13702133,0.46310169,0.31187645,0.62363625,2.261923,2.90458,0.12291973,1.3168571,0.21284163,1.6948447,1.1132926,1.8760297,0.24583946,0.58146787,Medullary_cords,137.0
TTACAACTACGCATCC-1,1,24,52,6849,24482.0,6849,4531.8804,Medium-High,1,3,4,6,1,2,7,1,2992.083722090677,0.6365141682948128,-0.12289229035377502,0.5176534275822564,-0.24213773012161255,0.1973376433335083,0.14069338142871857,0.45835058461595435,0.03613308072090149,0.8496529897492554,-0.14171382784843445,0.4550641443653511,0.08868081867694855,0.6412114701990864,0.07027777,0.091927335,0.053808797,0.079455905,0.0,0.3250003,0.37952995,0.4271279,0.3485382,2.3189585,3.0309155,0.29210833,0.88550496,0.18189965,2.0327113,0.92425764,1.7896826,0.28562504,0.52760607,B_cell_zone,0.0
TTACACGATCTGCGAC-1,1,62,110,4540,13691.0,4540,3834.5098,Low,1,13,3,5,7,1,3,5,3249.4807277471273,1.0986122886681096,-0.041092563420534134,0.8292992813979799,0.21398240327835083,0.25619051902140116,0.2979324758052826,0.1098073293517359,-0.009555663913488388,0.9600302604378955,-0.3437693417072296,0.0628798690055827,0.40930455923080444,0.02470299761084141,0.057150174,0.10352139,0.19061315,0.20767112,0.10049139,0.01645936,0.32409346,0.18110608,0.67101073,1.9963269,2.7608476,0.11256151,0.5103583,0.26070762,1.8004556,0.86960864,2.3772912,0.0,0.40629944,Medullary_cords,137.55726080436466
TTACAGACCTAAATGA-1,1,26,96,7048,25372.0,7048,4625.948,High,0,0,7,4,4,2,4,0,1538.5229930033545,1.0986122886681096,-0.5264091491699219,0.0028061297352964584,-0.10380969196557999,0.5851295751362211,0.11922277510166168,0.5303268928622671,0.19763018190860748,0.2951738483755166,-0.061853691935539246,0.7454065154342909,-0.1276056170463562,0.501595355390222,0.15108064,0.091419846,0.03943144,0.33683828,0.23540635,0.019931035,0.12589243,0.11419755,0.84205556,2.2197247,2.7986302,0.1972717,0.5626669,0.5148158,2.1122885,1.1478089,1.8697424,0.08307416,0.3460247,B_cell_zone,0.0
TTACATCGTGGCCTGG-1,1,20,36,6490,23151.0,6490,4352.2515,Medium-High,3,11,2,0,1,5,0,3,4178.735933269773,0.45056120886630463,-0.5811965465545654,0.0007570630725645252,0.19119615852832794,0.3114891076328197,0.15411192178726196,0.41615326558283405,-0.009041129611432552,0.9621809034089435,0.10261541604995728,0.5894774770727056,0.3606078326702118,0.05027243721644725,0.047984656,0.0,0.14742886,0.3473305,0.18987766,0.17190073,0.09547761,0.37538415,0.6316251,1.644925,2.7462802,0.25735992,0.6383018,0.4501463,0.86445266,1.2930915,2.2994778,0.17952397,0.22346392,Medullary_cords,477.31017169132275
TTACATGCCACAACTA-1,1,41,103,6109,21852.0,6109,4089.7422,Medium-High,2,10,0,2,0,4,2,4,1093.8944190368647,1.0114042647073518,-0.4503868520259857,0.01250586849181002,-0.14962878823280334,0.43000409354608077,-0.38381609320640564,0.036271084477332745,0.0704304575920105,0.7115079505734843,0.21986618638038635,0.24303290501469776,0.34899717569351196,0.05872658557350025,0.098082,0.004349463,0.4002902,0.14438525,0.025199909,0.22472845,0.1029647,0.34315538,0.6023762,2.1819274,2.6938632,0.2355138,0.39179245,0.42175448,1.483489,0.80908775,2.7352102,0.5802035,0.43231016,Medullary_cords,137.0
TTACCATTGATTACCC-1,1,34,28,3755,11224.0,3755,3471.5168,Low,3,7,3,5,3,6,3,6,4157.537973368373,0.6365141682948128,-0.02899736538529396,0.87910167256365,-0.17524978518486023,0.3542941563672772,-0.10526814311742783,0.5798391081013401,0.05778118595480919,0.761671705118884,0.1477116346359253,0.43600352120798264,0.343528151512146,0.06307687929178925,0.038363818,0.13477652,0.24628526,0.24904081,0.19045582,0.008142003,0.13293579,0.16262078,0.65130097,1.756439,2.6701813,0.079634786,0.86818594,0.20752637,0.84061944,1.226028,2.6374466,0.0,0.25302565,Medullary_cords,479.00104384019875
TTACCCATTGCCGGGT-1,1,17,85,5611,18487.0,5611,4170.9346,Medium-Low,3,5,2,7,4,3,8,2,2523.91937272172,0.45056120886630463,-0.76800137758255,7.262721643852837e-07,-0.35874640941619873,0.05155874451412415,-0.2503221929073334,0.1821485226699189,0.2533072233200073,0.17681844372997674,0.09231294691562653,0.6275539927682494,0.08061745017766953,0.6719393519238657,0.030379174,0.088364065,0.06665874,0.39943716,0.37683752,0.0041978867,0.034125388,0.17458256,0.9245002,1.8393683,2.6103828,0.19975987,1.6512485,0.19975987,1.3377118,1.5124557,1.835889,0.29141998,0.31649345,Medullary_cords,240.0
TTACCCTAACAGTCCT-1,1,24,24,6303,21187.0,6303,4425.443,Medium-High,3,11,2,0,1,6,5,6,4713.261821711159,0.6365141682948128,-0.4907223582267761,0.005899686728619065,0.424212783575058,0.019473573144265913,-0.03087303228676319,0.8713439404498273,-0.6066410541534424,0.0003795598803692355,-0.4511668384075165,0.012335545204067858,0.21784108877182007,0.24750983491730727,0.104582526,0.09674351,0.003986879,0.31830117,0.4378563,0.00049470284,0.03803484,0.16792965,0.89049137,2.090417,2.8588104,0.27641952,0.6181995,0.22808903,1.5800642,1.4570308,1.8749952,0.0,0.34902367,Medullary_cords,137.0
TTACCCTAGGGATTGG-1,1,60,58,5992,18636.0,5992,4326.3486,Medium-Low,2,2,0,3,2,1,6,3,3347.381663330311,1.0114042647073518,0.1825590282678604,0.3342563868529977,-0.19654735922813416,0.2978810471963653,0.03811994194984436,0.8414867795415883,-0.27528291940689087,0.14092971075178545,-0.3767293095588684,0.04016447279270415,0.5203819870948792,0.0031992855102079406,0.052796736,0.0,0.25067636,0.007841291,0.08571689,0.020464659,0.5825041,0.59983826,0.57745,2.1730175,2.893815,0.2896763,0.44703013,0.17361125,1.4327385,0.8952848,2.5139503,0.39707336,0.8096613,Medullary_cords,138.42326394071193
TTACCGCCTTAGGGAA-1,1,11,21,7005,29919.0,7005,4354.5244,High,4,8,1,4,1,5,4,7,5633.127816763969,0.410116318288409,-0.7610236406326294,1.049020501386358e-06,0.045213211327791214,0.8124695637296354,0.013343781232833862,0.9442061696527657,-0.20577813684940338,0.2753042051076444,-0.19233232736587524,0.3085679537538191,-0.1423102617263794,0.45314909986592095,0.1617265,0.20960264,0.157051,0.25479743,0.21682249,0.0,0.0,0.26497132,0.5261132,2.030281,2.555286,0.03604588,0.79471743,0.86223876,1.804198,0.98487806,1.9922556,0.07209176,0.21870163,Medullary_cords,137.00364958642524
TTACGGATGGTTCGAG-1,1,33,93,5283,14490.0,5283,4334.3047,Low,3,0,2,0,0,2,0,3,690.253576593414,0.0,0.45258575677871704,0.012030676815970861,-0.29029524326324463,0.11966579608855397,-0.23748624324798584,0.2063499946612065,-0.226579487323761,0.22857815646525423,0.04663241654634476,0.8066916975125022,0.006505726370960474,0.9727818616956762,0.01867904,0.08701871,0.16373707,0.24274845,0.0,0.010832788,0.4769839,0.41721678,0.9467324,1.7697473,2.5068376,0.19681285,0.55385697,0.2714401,1.2706637,1.3962913,1.7583293,0.7849479,0.59732413,Medullary_cords,600.0833275470999
TTACGGTGTCACCGAG-1,1,5,37,6201,22286.0,6201,4216.1665,Medium-High,3,8,2,0,1,5,5,6,5286.353752824341,0.0,-0.37939682602882385,0.03866146290008576,-0.21010079979896545,0.26512203138594237,0.08854371309280396,0.6417293042954965,0.10430692136287689,0.5833235166038793,0.05840141698718071,0.7591879374587942,0.0026727088261395693,0.9888164296122436,0.029414697,0.07888618,0.039702475,0.48116773,0.24705476,0.005296344,0.11847785,0.2329928,0.7362533,1.5028522,2.2087886,0.17273092,0.5388802,0.09266876,0.879509,1.5712821,1.7386305,0.0,0.17129634,Medullary_cords,479.00104384019875
TTACGTAGCGCGTGCT-1,1,2,100,5221,16043.0,5221,4095.9912,Medium-Low,5,12,3,5,6,3,3,1,4390.495644001939,0.6365141682948128,0.09034997224807739,0.6349205349198437,0.3964357376098633,0.030093654873142084,-0.19911640882492065,0.2914835348691672,-0.10497032105922699,0.5809177198606259,-0.059849511831998825,0.7533980917507533,0.20314693450927734,0.2816239246155408,0.048807,0.097209744,0.12207074,0.24389952,0.30943102,0.00678746,0.1717945,0.32416162,0.72058564,2.1537046,2.7303214,0.22231972,0.7847478,0.6672766,1.419663,1.1850195,2.1991467,0.12113107,0.42416155,Medullary_cords,138.0
TTACGTATCTATGACA-1,1,64,116,6565,23525.0,6565,4372.465,Medium-High,1,13,3,6,7,1,1,5,3662.830189894148,0.5982695885852573,-0.2305888533592224,0.22022721267848094,0.07996034622192383,0.6744672736605734,0.16793972253799438,0.37503467881311353,0.017149634659290314,0.9283289315616037,-0.2989450693130493,0.10854721536045997,0.23337756097316742,0.21454224212687462,0.09887625,0.0018050398,0.088290595,0.1020767,0.2555899,0.0,0.45336157,0.52050066,0.3358026,2.2389514,2.878986,0.044280052,0.3848318,0.48044497,1.6307611,0.83996487,1.9970729,0.33094305,0.5210001,Medullary_cords,137.55726080436466
TTACTAAAGGACTTTA-1,1,48,78,5471,16039.0,5471,4269.1084,Medium-Low,1,10,5,3,0,4,6,3,1381.747082500991,1.0114042647073518,0.21008996665477753,0.26514723844186383,-0.5012324452400208,0.004778715007611992,0.16415172815322876,0.3860551723230646,-0.502998411655426,0.004609493989972766,0.17928539216518402,0.34314380100089203,-0.30853402614593506,0.09714483334363126,0.055524673,0.0,0.15120788,0.12748192,0.09019992,0.21336128,0.3622243,0.2169496,0.43952954,2.2433436,2.8496552,0.18171456,0.49597162,0.3028576,1.6610398,0.8125675,2.3604937,0.72832686,0.35062152,Medullary_cords,275.98007174431996
TTACTATCGGCTTCTC-1,1,34,16,4887,15240.0,4887,3925.1416,Low,1,7,3,5,3,6,3,5,4978.949487592739,1.3296613488547582,-0.15900442004203796,0.4013259550942422,-0.24644804000854492,0.18923278730507098,0.3461589217185974,0.06095387080505176,-0.11483967304229736,0.5456573925977736,-0.43737632036209106,0.01565004581783177,-0.23672278225421906,0.20785576220132232,0.022313025,0.055835593,0.043656353,0.10320079,0.15949877,0.3430584,0.27243707,0.18176866,0.60861516,2.0590124,2.8524806,0.3356912,0.37095857,0.16784559,1.6498871,0.9677042,2.0333848,0.25225323,0.62811345,Medullary_cords,137.0
TTACTCCGGCCGGGAA-1,1,34,78,5877,18084.0,5877,4390.456,Medium-Low,3,2,4,0,4,2,0,6,838.0035799446205,0.8675632284814612,0.3401833474636078,0.06585899968289007,0.04766588658094406,0.8024904835945038,0.06477426737546921,0.7338072798395872,0.30081528425216675,0.1062483141388564,-0.20093972980976105,0.28699643851833173,0.1787770837545395,0.3445364600815232,0.08545622,0.0003200732,0.13431768,0.2332714,0.26286528,0.0,0.28376928,0.27035764,0.7728547,2.0117722,2.6427405,0.5407153,0.6663586,0.2581605,1.5712531,1.2442505,2.2824788,0.11004311,0.27085194,Medullary_cords,138.42326394071193
TTACTCTGGTACGTAC-1,1,43,31,5521,16701.0,5521,4213.442,Medium-Low,3,9,2,0,3,6,5,6,3969.000503905234,0.8675632284814612,-0.2844066023826599,0.1277033287934718,-0.10071875900030136,0.5964112517030283,-0.41787779331207275,0.021571385301872047,0.042191021144390106,0.8248053494738877,0.13542711734771729,0.47550934621838914,0.21464510262012482,0.2546856465859281,0.083833955,0.0,0.0,0.4843818,0.38933507,0.0,0.04244915,0.26456404,1.0529199,1.8135207,2.492629,0.058665268,0.51264447,0.117330536,1.1159933,1.5598106,2.1384487,0.0,0.4384098,Medullary_cords,365.0
TTACTGGGATATTTCA-1,1,44,54,5196,15769.0,5196,4066.4927,Low,2,9,0,3,3,7,0,3,2447.829446673113,0.6931471805599453,-0.1840498000383377,0.33025610806369315,0.2786237299442291,0.13597592286777857,-0.0706791952252388,0.7105324922542542,-0.32895156741142273,0.0759052855169986,-0.11661884188652039,0.5394095306278811,0.5215288996696472,0.003121018175578932,0.08565838,0.100955,0.15701993,0.20789713,0.20591664,0.03033045,0.21222243,0.29930204,0.84532785,2.2628825,2.6197028,0.16377774,0.6288316,0.4503432,1.5002759,1.1712371,2.518458,0.0,0.5735712,Medullary_cords,239.26763257908496
TTACTGTCTAGAGCTC-1,1,19,115,7449,33705.0,7449,4450.173,High,4,12,1,4,4,3,4,7,2938.0280801925633,0.7356219397587946,-0.20819291472434998,0.2695854570616282,-0.08819276094436646,0.6430555656745546,-0.03495331108570099,0.8545092489543246,0.11230985820293427,0.5545992616735423,-0.1144026592373848,0.5471972157359084,0.051983073353767395,0.7850000019753137,0.17945592,0.13583441,0.16353777,0.06285818,0.41312292,0.002895963,0.042294815,0.09780305,0.3203461,2.2494545,2.741154,0.14453118,0.47122526,0.94172245,2.1062183,0.69795936,2.0436885,0.19486222,0.18374613,B_cell_zone,0.0
TTACTGTTTCTCTACG-1,1,2,68,5678,18087.0,5678,4274.603,Medium-Low,0,5,7,4,6,3,4,0,4525.7742983935905,1.0114042647073518,-0.6039982438087463,0.00040888679792396536,-0.1367742121219635,0.4710887652910151,0.11309905350208282,0.5518025208846489,-0.02199632115662098,0.9081493151844543,0.2322070151567459,0.21691617391364762,-0.10321857035160065,0.5872798624888866,0.13306876,0.1257191,0.0,0.3895774,0.33977017,0.011864612,0.0,0.34897014,0.70229685,2.0845695,2.7893674,0.110033266,0.7762674,0.5092737,1.8414183,1.245834,1.9484621,0.110033266,0.3096865,Medullary_cords,0.0
TTAGAAGAACATGACT-1,1,52,64,5510,18215.0,5510,4022.705,Medium-Low,2,2,5,2,2,7,2,4,2354.074127974733,0.0,-0.016934137791395187,0.9292272768176779,0.1283370852470398,0.4991258370297333,-0.008316967636346817,0.9652081824098624,0.4175833761692047,0.02167322931367799,0.0070424494333565235,0.9705372908938884,-0.3068760633468628,0.09904867913555672,0.10545924,0.0,0.22435358,0.2932807,0.068668246,0.0,0.30823827,0.27743536,0.67259365,2.179776,2.4942079,0.20202492,0.5144012,0.34934884,1.3787273,1.2117828,2.7700067,0.0,0.2857346,Medullary_cords,497.90159670360566
TTAGAATAAGGGTCGG-1,1,61,45,6659,23855.0,6659,4381.1406,Medium-High,1,4,0,3,5,0,1,3,4043.3714892401367,1.0114042647073518,-0.14560160040855408,0.4426589255723574,0.16537564992904663,0.38247413241754097,0.001742783933877945,0.9927074384617398,0.3426164388656616,0.06382594827755568,-0.39461880922317505,0.030926342176888288,-0.21402299404144287,0.2560981771484425,0.10835311,0.003843909,0.114471555,0.18580185,0.12547609,0.2032756,0.2587779,0.43200958,0.5880233,2.3118176,2.888241,0.3629353,0.59208673,0.34154543,1.838127,1.136311,2.1468203,0.3558097,0.35390824,Medullary_cords,0.0
TTAGACACGATCGTTG-1,1,16,86,5780,19470.0,5780,4193.348,Medium-Low,3,5,2,7,4,3,8,2,2637.9332819463043,0.0,-0.741564154624939,2.749477149816918e-06,-0.3832867741584778,0.036550955736437366,-0.27145692706108093,0.14676250700083684,0.28154951333999634,0.13174296604087762,0.2124285101890564,0.2597419845330013,0.16052280366420746,0.39678605912990056,0.06484908,0.001921202,0.1192091,0.61484545,0.19531627,0.0038588934,0.0,0.33127263,0.8256704,1.5333862,2.4002664,0.051816605,1.5161426,0.4486986,0.8184938,1.7207155,1.8802514,0.10363321,0.25596398,Medullary_cords,365.3833603217311
TTAGACGAGTCACCTC-1,1,48,80,5226,15123.0,5226,4195.4873,Low,2,10,0,3,0,4,2,3,1318.2962489516535,1.0114042647073518,0.3161848783493042,0.08871563248796363,-0.5059985518455505,0.004333752354330223,0.3099503815174103,0.0955404379659317,-0.676994264125824,3.985825760803917e-05,0.184153214097023,0.3299797019175996,-0.37020719051361084,0.044037052909824875,0.087446906,0.0,0.31226075,0.106639005,0.0,0.24088956,0.25276378,0.24596316,0.47792816,2.1573572,2.7587488,0.1903475,0.61087245,0.12689833,1.3405585,0.8896168,2.7794068,0.32334957,0.25379667,Medullary_cords,363.6880531444496
TTAGAGTATTGTCGAG-1,1,76,22,8121,42161.0,8121,4093.619,High,1,1,3,5,5,0,3,5,6431.173532101276,0.34883209584303193,-0.014667748473584652,0.9386801670284952,0.012758512049913406,0.9466498028584823,0.12944866716861725,0.49538473746951805,-0.3329930305480957,0.07216272992283988,-0.4602360427379608,0.010493530013812287,0.1396259069442749,0.46180190165043095,0.023322828,0.00049843546,0.04687159,0.11039674,0.47961003,0.12002049,0.2192799,0.3882118,0.46092376,2.3183594,2.6984694,0.11571111,0.44054896,0.18156508,1.2896826,0.82068145,2.74958,0.13435844,0.5553626,Medullary_cords,364.6601157242179
TTAGAGTTTAGAAGGA-1,1,46,86,6211,19767.0,6211,4508.3984,Medium-Low,0,10,7,4,0,4,4,0,968.4554713563242,1.0114042647073518,-0.12339984625577927,0.5159122161583649,0.20918256044387817,0.26726417336981323,0.13440494239330292,0.47887797505029445,-0.15504935383796692,0.4132888509977691,-0.11728215217590332,0.537088902484057,-0.05763347074389458,0.76226358657097,0.15073673,0.0,0.11533626,0.22936402,0.03342982,0.26612335,0.20500985,0.31293824,0.52191085,2.084495,2.8789535,0.2558666,0.35631517,0.5210077,2.0774078,0.92412513,1.8102598,0.10234663,0.13646218,B_cell_zone,0.0
TTAGATAGGTCGATAC-1,1,13,21,6998,29438.0,6998,4204.827,High,2,11,7,2,1,5,0,3,5498.495248702139,1.5498260458782016,-0.7340579628944397,3.899456519718813e-06,-0.24670493602752686,0.18875717293483452,0.22407855093479156,0.23389380038580646,0.029344497248530388,0.8776650907303839,-0.40941280126571655,0.024661259966822197,0.05949747562408447,0.7548044284026502,0.076777905,0.054033436,0.18475516,0.17994314,0.17900641,0.14147846,0.18400551,0.2594245,0.73268116,2.2475383,2.786313,0.19749722,0.545058,0.45381156,1.5561047,1.249639,2.478766,0.12960826,0.40635425,Medullary_cords,137.92751719653333
TTAGCAACATGGATGT-1,1,20,28,6656,26553.0,6656,4058.9868,High,2,11,0,2,1,5,2,4,4658.705936201597,0.6931471805599453,-0.45168477296829224,0.012223521284567232,0.18709060549736023,0.3221878022562482,-0.23029527068138123,0.22083158573906425,-0.22921104729175568,0.22307331718948206,-0.11637280881404877,0.5402714962895807,0.26543161273002625,0.15629886119321965,0.044544846,0.060637824,0.27837625,0.18340324,0.228145,0.15403381,0.050859064,0.43338045,0.6967808,1.997663,2.627588,0.15009542,0.6539584,0.37509832,1.1300265,1.0793626,3.2979245,0.0,0.5427259,Medullary_cords,240.0
TTAGCCATAGGGCTCG-1,1,76,28,5686,19079.0,5686,4165.924,Medium-Low,5,4,4,1,5,0,1,1,6146.381455783558,0.5623351446188083,-0.06087281554937363,0.749314536836821,-0.04294377192854881,0.8217288715275379,0.2788810431957245,0.13559971709022733,-0.14502154290676117,0.44449809773933635,-0.2482786625623703,0.18586177396368256,0.22535818815231323,0.23116373031999438,0.084468484,0.0021230723,0.055900045,0.1801234,0.0,0.30941653,0.36796856,0.37273967,0.6200695,2.2597485,2.7616,0.19499736,0.5340827,0.23194568,1.7704589,1.2767917,1.8766451,0.31609803,0.51863354,Medullary_cords,138.0
TTAGCGAATAGATAGG-1,1,77,95,6377,22843.0,6377,4267.5796,Medium-High,5,6,3,5,2,1,3,5,4695.950276568098,0.5004024235381879,-0.16122104227542877,0.39470823240370306,0.2586563527584076,0.1675436336727424,0.4255657494068146,0.019048114599306786,-0.22834257781505585,0.224880021454858,-0.5897108316421509,0.000604716124632207,0.1842452883720398,0.32973372404519363,0.07525581,0.0009266507,0.107996665,0.1815957,0.32570985,0.0,0.30851534,0.1361802,0.6795217,2.176397,2.8725977,0.12401581,0.45066985,0.24803163,1.6863503,0.99863905,2.412264,0.18157361,0.4634813,Medullary_cords,137.00364958642524
TTAGCTAATACGATCT-1,1,22,98,7533,30510.0,7533,4477.243,High,1,0,3,6,4,2,7,5,2036.3152997509987,0.45056120886630463,-0.12283205986022949,0.5178602437500254,-0.2972168028354645,0.11070451052786404,0.18405583500862122,0.33023997384268355,0.34529590606689453,0.061644059029750495,-0.23597481846809387,0.20933825164903497,-0.3447393476963043,0.0620923933746882,0.039918724,0.0,0.005942183,0.11834764,0.361185,0.10414742,0.370459,0.287991,0.51938784,2.0589583,2.8937025,0.17718904,0.6889965,0.33266288,1.2403022,1.0016502,2.2250826,0.12603246,0.42426866,Medullary_cords,240.00208332429116
TTAGCTCTGTAATCCG-1,1,31,15,7277,28802.0,7277,4499.992,High,5,7,7,1,3,6,1,1,5094.409190475379,1.2770342594661392,-0.06893759965896606,0.7173717305845435,-0.034093134105205536,0.858053273641667,0.31050610542297363,0.09491644119749358,0.1575201153755188,0.40579230837511204,-0.47861167788505554,0.007461775949092576,-0.3123866319656372,0.09282775763327532,0.14416572,0.12933342,0.13152204,0.055666085,0.09376213,0.22622009,0.2193304,0.19238557,0.40061063,2.3136432,2.8415854,0.11176012,0.4559269,0.61799324,2.0585887,0.8106325,1.9736809,0.2808451,0.53117776,B_cell_zone,0.0
TTAGCTGATTTGCCGT-1,1,38,94,5935,18276.0,5935,4399.6016,Medium-Low,3,0,2,0,0,4,5,6,413.0012106519786,0.45056120886630463,-0.1485101878643036,0.4334990519809288,0.0887361466884613,0.6410025485335323,-0.2245599627494812,0.23286419923249846,0.10199061781167984,0.591757723745071,0.2950690686702728,0.1134297942903886,-0.1669096052646637,0.3780132642111262,0.13277546,0.11116594,0.16676879,0.389466,0.19982381,0.0,0.0,0.27694803,0.8057863,2.022385,2.642059,0.0,0.35195595,0.43205234,1.54943,1.4102283,2.292331,0.0,0.31916165,Medullary_cords,364.6601157242179
TTAGGTCATAACCGAC-1,1,58,38,6395,22623.0,6395,4244.591,Medium-High,1,1,4,1,5,0,1,1,4193.484469984359,1.3296613488547582,0.03441904857754707,0.8567101477769309,0.11029377579689026,0.5617734258937394,-0.25804808735847473,0.16858052797202272,-0.09615901112556458,0.6132224805686001,-0.1581277996301651,0.40396037120682404,0.034290436655282974,0.85724012362426,0.06485467,0.0013495181,0.10045672,0.08564045,0.12163781,0.29043466,0.3356262,0.21880406,0.43515766,2.2630727,2.9751797,0.37839746,0.47159356,0.17070892,1.7917005,0.88563526,2.1341743,0.21106544,0.68085396,Medullary_cords,137.92751719653333
TTAGTAAACCTGCTCT-1,1,62,94,6428,22496.0,6428,4307.6675,Medium-High,1,6,3,6,2,1,7,5,2904.52681171994,0.8675632284814613,0.12263596057891846,0.5185338785110022,-0.16054368019104004,0.39672384419329637,0.05767572671175003,0.7620942573025424,-0.19042541086673737,0.31348052113314206,-0.3890720009803772,0.033584664684690124,0.02922263741493225,0.8781693562994775,0.03442755,0.043971017,0.0,0.06863414,0.22708133,0.2682422,0.3576438,0.51289195,0.4327535,2.0330684,2.8328047,0.13791731,0.6044669,0.38888028,1.6025846,0.8769946,1.868433,0.09194487,0.77577066,Medullary_cords,137.0
TTAGTAGGGCGGCGGG-1,1,34,26,5069,16856.0,5069,3860.0352,Medium-Low,1,7,5,5,3,6,3,5,4294.576230549413,1.0986122886681096,0.046500805765390396,0.8072270967447531,0.005004279315471649,0.9790619281650379,0.16419388353824615,0.3859315102147166,-0.1067480742931366,0.5744925091258668,-0.056391481310129166,0.7672452947604189,0.21616752445697784,0.25125054702003036,0.025915038,0.0017178019,0.12454371,0.075901404,0.34332716,0.174549,0.25404596,0.39527333,0.42902854,2.1413355,2.5772786,0.058222823,0.5994659,0.17466846,1.2749307,0.886673,2.5201352,0.42039943,0.4776649,Medullary_cords,476.80604023019674
TTAGTTATTCGTGGCA-1,1,47,91,5144,14280.0,5144,4232.6313,Low,5,10,4,1,0,4,1,1,1098.07331267088,0.8675632284814612,-0.11544241011142731,0.5435369811954881,0.29120609164237976,0.1184567977553268,0.1892697513103485,0.3164812514417482,-0.02504468709230423,0.8954850254324009,0.02569218911230564,0.8927981432798308,-0.16417011618614197,0.3860012285278215,0.070825115,0.15738398,0.0,0.17221452,0.35166186,0.0,0.24791455,0.25093293,0.52573884,2.3755856,2.9966936,0.13270546,0.8552942,0.34052324,2.1142151,1.0658166,1.8478827,0.26541093,0.46885496,B_cell_zone,0.0
TTAGTTCAAGTGTTCG-1,1,22,112,6719,26529.0,6719,4203.215,High,2,12,0,0,4,2,0,3,2530.2774551420243,1.2424533248940002,-0.571456253528595,0.0009717239656759384,0.010367752984166145,0.9566364675761564,0.19434332847595215,0.3034396854936092,0.06895502656698227,0.717303187973785,-0.41096436977386475,0.024069298738712303,-0.09473438560962677,0.6185151237917501,0.0890376,0.0,0.23522806,0.31603122,0.34636682,0.0,0.013336237,0.27166378,0.48638743,2.0488644,2.677003,0.26512158,0.3831014,0.37533474,1.3811541,1.1471434,2.8367672,0.0,0.46884105,Medullary_cords,240.00208332429116
TTATAGATGCACATTA-1,1,5,53,5357,15978.0,5357,4247.893,Medium-Low,3,8,2,0,1,5,5,6,4629.294762704142,0.0,-0.4929019510746002,0.005650435869337206,-0.1880727857351303,0.3196079493899125,-0.3737483620643616,0.04189911082965573,0.11006151139736176,0.5626026466727004,0.1475376933813095,0.43655008969081344,-0.06827604025602341,0.7199753282342289,0.04402971,0.0023655677,0.053911004,0.5429275,0.14883856,0.006332027,0.20159563,0.2943353,0.97559637,1.5565336,2.4566696,0.22297117,0.5580137,0.23801823,1.0198314,1.6528883,1.6485564,0.0,0.16201243,T_cell_zone,276.0
TTATAGGTAATTGTCT-1,1,61,73,5724,17442.0,5724,4288.103,Medium-Low,3,6,0,0,2,1,0,3,2942.658661822672,0.8675632284814612,-0.28896161913871765,0.12145240305428155,-0.09688840061426163,0.6105200545943865,0.13525107502937317,0.47608862516963346,-0.004156339913606644,0.9826091496222559,-0.15136520564556122,0.4246095952363966,0.14485858380794525,0.445015528110962,0.02854362,0.0,0.016696723,0.3246637,0.4017878,0.18843985,0.03986829,0.1690643,1.1091688,1.6457121,2.7635221,0.238406,0.580382,0.15215752,1.28537,1.363492,2.1000533,0.0,0.3765045,Medullary_cords,364.24716882907956
TTATAGTCCAAGGTGC-1,1,5,107,5798,20000.0,5798,4080.5374,Medium-Low,1,12,3,5,4,3,3,5,4163.8127959839885,1.0397207708399179,0.10882124304771423,0.5670400279873494,0.25938695669174194,0.1663041871870215,-0.26506292819976807,0.15689646487676395,-0.2714822292327881,0.14672336908302316,-0.38867640495300293,0.03378109582668883,-0.026375211775302887,0.8899651249048116,0.103396714,0.0013208031,0.1718393,0.0,0.20233919,0.3783597,0.14274426,0.23870116,0.34595877,2.3040352,2.8064358,0.10137045,0.66644096,0.37603292,1.835795,0.63446474,2.3805704,0.2290802,0.62296486,Medullary_cords,0.0
TTATATACGCTGTCAC-1,1,38,74,3779,12763.0,3779,3124.164,Low,2,2,5,2,0,4,2,4,963.0046728858589,1.0114042647073518,0.06942044198513031,0.7154734377991496,-0.1643201857805252,0.3855611416363724,0.11293990164995193,0.552365993711942,0.016759060323238373,0.9299571878973198,-0.43272051215171814,0.016923861067074244,-0.11963783949613571,0.5288859457940609,0.089457706,0.0,0.49406075,0.029396953,0.10118198,0.0010988743,0.2848037,0.21758215,0.23332463,2.1480649,2.661211,0.072323255,0.3803339,0.22346362,1.1714855,0.52583635,2.9929996,0.0,0.49009925,Medullary_cords,137.00364958642524
TTATATTTGGCAATCC-1,1,26,64,4856,13070.0,4856,4179.6055,Low,3,3,0,0,4,2,0,3,2189.181125443941,1.0114042647073518,-0.7003127932548523,1.6442373430287736e-05,0.029183564707636833,0.8783310521363229,0.16636991500854492,0.3795792612955963,-0.10399676114320755,0.584449806054308,-0.08308060467243195,0.6624947998929921,0.02746373601257801,0.8854529383389439,0.12504369,0.0059518614,0.0,0.24478345,0.30669302,0.0017718952,0.31575605,0.25809175,0.7093075,2.3766985,2.541139,0.07102669,0.537305,0.36222658,1.8039646,1.2419996,2.071956,0.14205338,0.30943567,Medullary_cords,138.0
TTATCATACTCGCAAA-1,1,2,24,7546,35192.0,7546,4355.1377,High,4,8,1,4,1,5,4,7,6164.386181932472,0.9002560512685369,-0.528260350227356,0.002694068069711872,-0.2763303518295288,0.13936266743847736,-0.10593029111623764,0.5774442168302046,0.13673757016658783,0.4712087240020127,-0.1296887844800949,0.4945784709460115,0.2184390127658844,0.24618235258442708,0.17554507,0.0,0.08201098,0.2823195,0.2634859,0.0,0.19663855,0.14178523,0.5627374,2.1093254,2.5882668,0.11878666,0.40128818,0.59927,1.8960247,0.938748,1.9365506,0.06253161,0.14444946,Medullary_cords,0.0
TTATCCAATCGAACTC-1,1,13,33,6538,23558.0,6538,4326.9507,Medium-High,5,11,0,1,1,5,1,1,4826.704258601308,1.3296613488547582,-0.48954692482948303,0.006037947556716183,-0.3061312735080719,0.09991302759688599,-0.013015367090702057,0.9455773143821143,0.4445858597755432,0.013835376710755496,-0.23181220889091492,0.21772087536518528,0.23134899139404297,0.21866759709336317,0.10432828,0.11391092,0.0,0.12903127,0.16044405,0.38014734,0.11213812,0.30514812,0.7563105,2.3123615,3.0351598,0.22113115,0.42620283,0.5313242,2.1064568,1.2469199,1.79252,0.24210943,0.3856197,B_cell_zone,0.0
TTATCCGGGATCTATA-1,1,51,87,4826,12827.0,4826,4145.7397,Low,1,10,0,3,0,4,0,3,1559.3553155070206,0.45056120886630463,-0.06942799687385559,0.7154437489589643,0.20645806193351746,0.2736861328573675,0.24882176518440247,0.18486979610741022,0.10078438371419907,0.5961707563359392,-0.13760030269622803,0.46838853554732673,-0.24434547126293182,0.19315685816401806,0.040866714,0.0042449376,0.120847,0.18628465,0.102649406,0.23977435,0.30533293,0.27065304,0.59585583,2.2287395,2.723314,0.0,0.30697376,0.28819588,1.6721463,1.0762227,2.2471833,0.0,0.7174647,Medullary_cords,239.26763257908496
TTATCCTCAAGGAATA-1,1,52,18,7178,30286.0,7178,4171.71,High,2,7,5,3,5,0,6,3,5101.697462609872,0.0,-0.003849173430353403,0.9838942160964624,-0.25018757581710815,0.18239151979791296,-0.2910914421081543,0.118608475745683,0.037404727190732956,0.8444245769517469,0.1487753987312317,0.43266902523895345,0.23990865051746368,0.20162192765381765,0.025845136,0.07728382,0.20652479,0.10176032,0.18267567,0.01025645,0.39565384,0.3644401,0.60126656,2.15006,2.71316,0.29713488,0.60117316,0.31476283,1.4901667,0.95934147,2.701719,0.65228903,0.5022389,Medullary_cords,769.0
TTATCGCCTGCGAAGC-1,1,27,17,5216,15588.0,5216,4099.9536,Low,2,11,0,2,3,6,2,4,5061.138705864521,0.0,-0.1536949872970581,0.4174307987942089,0.2803344428539276,0.13348902402220134,-0.1292884200811386,0.4959231844532025,-0.13692542910575867,0.4705938785120628,-0.5032662153244019,0.004584285161857649,-0.0930822342634201,0.6246765460963144,0.038614105,0.0012778923,0.19870086,0.14421028,0.25212422,0.016234944,0.34883767,0.41823554,0.74126613,2.180245,2.7278304,0.16514115,0.64814883,0.24781105,1.5228267,0.92906994,2.5861096,0.4541878,0.56962544,Medullary_cords,365.0986168146902
TTATCTGACATTAGGA-1,1,46,8,6311,23713.0,6311,4203.5454,Medium-High,5,7,4,1,3,6,1,1,5589.168095521909,0.6931471805599453,-0.21256163716316223,0.2594364637636428,0.08299002051353455,0.6628412434521631,0.3713291883468628,0.04335044758458023,-0.6406239867210388,0.00013703368882980694,-0.6651514172554016,6.0682604668949615e-05,0.541542112827301,0.001997389937782546,0.12346217,0.08486657,0.04003161,0.2167615,0.22782567,0.20974751,0.09730494,0.15767513,0.4207515,2.1898153,2.9311352,0.13195223,0.70930606,0.36131775,1.9469144,1.1075821,1.8998859,0.33506605,0.32117134,B_cell_zone,0.0
TTATCTGTATCATAAC-1,1,22,60,5858,18205.0,5858,4372.257,Medium-Low,5,3,4,1,1,2,1,1,2717.4519314975933,0.6365141682948128,-0.14759667217731476,0.43636472123712355,0.142398402094841,0.45286646180988277,0.5020041465759277,0.004704125882376807,-0.31035229563713074,0.09508883743257604,-0.5044363141059875,0.004475520191236207,0.06784509122371674,0.7216730030533668,0.22232735,0.0037355358,0.0,0.26827455,0.32116175,0.0,0.18450081,0.109455615,0.7011316,2.4189374,2.9923515,0.054727808,0.5070667,0.3843279,2.0352602,1.3811858,1.836353,0.109455615,0.19652022,B_cell_zone,0.0
TTATGAATGAAAGGGA-1,1,41,63,5043,14043.0,5043,4238.0435,Low,0,2,7,4,0,7,4,0,1758.094422947755,1.3296613488547582,-0.018485605716705322,0.9227616160432812,-0.0815243348479271,0.6684562644913352,-0.02959996461868286,0.8766080991920625,0.3406825661659241,0.06543780199716118,-0.04983066767454147,0.7937079161996298,-0.043741222470998764,0.8184725320629584,0.15789348,0.25333515,0.16122267,0.07090236,0.35664633,0.0,0.0,0.06721498,0.4634956,2.2921085,3.060264,0.06721498,0.8422154,0.53087807,2.1292245,0.7011745,2.1337743,0.13442996,0.17923996,Medullary_cords,0.0
TTATGACAAACTGGAT-1,1,27,35,5856,17960.0,5856,4358.902,Medium-Low,1,11,4,6,1,6,7,5,3878.2296218764563,0.6829081047004717,0.06985344737768173,0.7137724916617337,-0.1614687144756317,0.3939727039371586,-0.3027906119823456,0.1038600262968158,-0.061140984296798706,0.7482454860855906,-0.37525826692581177,0.04101314709456974,0.2416551262140274,0.19825982000830009,0.035351288,0.052873425,0.0,0.13958527,0.1388692,0.29819903,0.33512175,0.27169627,0.50086164,2.318863,2.9496493,0.11067688,0.33359578,0.16601531,1.7793007,1.16747,1.9091434,0.11067688,0.8335855,Medullary_cords,137.00364958642524
TTATGATCTTAACGAA-1,1,38,82,5196,14442.0,5196,4248.9487,Low,1,2,4,6,0,4,1,1,413.0012106519786,0.6931471805599453,0.1514398455619812,0.4243785541179183,-0.09812746942043304,0.6059407352930365,0.1453455686569214,0.44347021068038406,-0.14767715334892273,0.43611184069809056,-0.3233432173728943,0.08134461474040723,0.07978955656290054,0.6751248830502016,0.07986395,0.008391358,0.14665718,0.26555026,0.29439327,0.03765344,0.16749054,0.297415,0.47452122,2.1143966,2.8663292,0.06577029,0.66416955,0.21728402,1.6326712,1.1701815,2.1314542,0.21728402,0.59857166,Medullary_cords,137.00364958642524
TTATGCGTCCCGGTCC-1,1,7,45,5828,19218.0,5828,4215.914,Medium-Low,3,8,2,0,1,5,5,6,4748.620536534794,0.45056120886630463,-0.5148296356201172,0.003602528685869285,-0.15786448121070862,0.40475360100655594,-0.06708076596260071,0.7246871611615536,0.15080927312374115,0.42633261874669476,0.06838428974151611,0.7195490963448157,0.07053662836551666,0.7110915327911684,0.049190104,0.07825015,0.07039428,0.32290807,0.2653611,0.19022085,0.023675486,0.34902963,0.78609526,1.7994293,2.494133,0.2590988,0.35409713,0.56444085,1.225023,1.4385207,2.3026483,0.10474332,0.3283769,Medullary_cords,716.8019252206288
TTATGTTTGCGATAGA-1,1,26,20,6646,23051.0,6646,4447.859,Medium-High,3,11,0,3,1,6,0,3,4896.256937702514,0.6931471805599453,-0.14317426085472107,0.45038259436916306,0.3195171356201172,0.08522356301989915,-0.2822396159172058,0.13075876699122654,-0.11741087585687637,0.5366391057839004,-0.3740377128124237,0.041728154202496454,-0.04729906842112541,0.8039810442872168,0.04544579,0.0,0.1507645,0.18855394,0.10801567,0.16554359,0.34167644,0.3751209,0.64970446,1.9636215,2.764221,0.3174166,0.65332717,0.3765683,1.2384195,1.1774436,2.3057926,0.27026683,0.63055354,Medullary_cords,413.0012106519786
TTATTAGAGCGTGTTC-1,1,46,70,4347,12791.0,4347,3659.342,Low,2,2,5,2,0,7,2,4,1566.2502992816953,0.8675632284814613,-0.2763345241546631,0.13935645076174827,-0.04357251897454262,0.819161177325289,-0.04791530594229698,0.8014773588585037,-0.09402093291282654,0.6211727491994277,-0.055087484419345856,0.7724855182762478,0.028153017163276672,0.8825975129750708,0.11385589,0.0,0.28412288,0.20736176,0.2899299,0.0036565275,0.101073116,0.1176825,0.65885735,2.332484,2.500613,0.18988979,0.6484172,0.26209706,1.5123267,0.9057338,3.2203155,0.14441456,0.25318637,Medullary_cords,137.92751719653333
TTATTAGGGAAGCATC-1,1,15,59,6081,19440.0,6081,4351.1597,Medium-Low,1,8,0,3,6,3,6,3,3402.1330073940376,1.0114042647073518,0.031907036900520325,0.8670722626734321,-0.14922133088111877,0.4312753599633278,-0.214782252907753,0.25437493001990713,-0.2999076843261719,0.1073593518635978,-0.13353562355041504,0.48175252094924725,0.014853663742542267,0.9379044075767698,0.019330442,0.059854764,0.16908236,0.13315052,0.036716994,0.13499711,0.44686782,0.56322163,0.59397584,2.0774207,2.9148884,0.1403141,0.37958795,0.10375974,1.629371,0.99816865,1.9890016,0.7546103,0.59747565,Medullary_cords,137.92751719653333
TTCAAAGTCTCTAGCC-1,1,35,75,5171,14637.0,5171,4188.7563,Low,1,2,4,6,4,2,7,5,963.5735571299163,0.6365141682948128,0.4898437559604645,0.006002775076967139,-0.01859746128320694,0.9222956453936311,-0.20624957978725433,0.274181619991092,0.0014130471972748637,0.9940871728798115,-0.3433606028556824,0.06321402084029548,0.19602397084236145,0.29919518926169986,0.05308117,0.0,0.104614004,0.124760754,0.007423819,0.20138158,0.5087387,0.37640908,0.5300311,1.945015,2.8588557,0.3121488,0.6017927,0.06509057,1.5866091,0.8929949,2.0172527,0.13018113,0.7272907,Medullary_cords,137.0
TTCAACGACCCGACCG-1,1,20,48,7149,27718.0,7149,4445.227,High,3,3,2,0,1,5,5,6,3496.393141510262,0.6365141682948128,-0.48184552788734436,0.007013818312917547,-0.17820465564727783,0.34610886794027346,-0.08311638236045837,0.6623579851692202,0.3209291994571686,0.08377586947537291,0.15422356128692627,0.4158115604996539,0.29203346371650696,0.11736646755370245,0.030672085,0.06935882,0.14175,0.4511776,0.21093592,0.019957164,0.07614841,0.3402798,0.98206127,1.5027351,2.711915,0.11552795,0.78392816,0.44251633,0.8248845,1.5906703,2.0478268,0.21283285,0.42559382,Medullary_cords,239.26763257908496
TTCAAGCCGAGCTGAG-1,1,13,75,6677,24911.0,6677,4369.0137,Medium-High,3,5,2,0,6,3,8,6,3125.0068799924265,0.8675632284814612,-0.3569853603839874,0.05279951660150723,-0.3362259864807129,0.06927302338219726,-0.012272201478481293,0.9486806230447629,0.09075172990560532,0.6334100276587551,0.013378798961639404,0.9440599781134116,-0.18698428571224213,0.32246783631674997,0.07601324,0.002910963,0.1135931,0.40430123,0.15069512,0.011799946,0.24068639,0.26914498,0.87236965,1.7985184,2.762219,0.23171644,1.0089782,0.3930744,1.2243738,1.3489149,1.9162819,0.0,0.50207835,Medullary_cords,275.0018181758077
TTCAATACTCTGAATC-1,1,38,86,4365,10999.0,4365,4105.2427,Low,5,0,7,1,0,4,1,1,137.00364958642524,1.2424533248940002,0.197346493601799,0.29588159546005915,-0.00883345678448677,0.9630490057865971,0.20085127651691437,0.28721309445176424,0.13469746708869934,0.4779126890422975,0.25902360677719116,0.16691978173189795,0.011963717639446259,0.9499690076328889,0.095239475,0.0041976115,0.0010025589,0.40568784,0.3187954,0.03509655,0.13998058,0.4342516,0.7263365,2.2339444,2.8752606,0.16166762,0.5354007,0.24250142,1.8043468,1.4974124,2.0268607,0.16166762,0.45316195,Medullary_cords,137.55726080436466
TTCAATTAGCCATAAT-1,1,7,77,6829,25334.0,6829,4377.69,High,1,5,3,6,6,3,7,5,3789.231716324564,0.6365141682948128,-0.2999693751335144,0.10728355877167643,-0.10669376701116562,0.5746883164849234,-0.5965421199798584,0.0005026743537931721,0.06909859925508499,0.7167385772535022,0.125058114528656,0.5102434865538882,0.2505939304828644,0.18165870113257832,0.04703239,0.00047637793,0.10694147,0.1224749,0.14210153,0.14011386,0.4408595,0.36791682,0.46464008,1.9965273,2.900909,0.11433318,0.63454247,0.51862663,1.372148,1.2119554,2.1193023,0.16636033,0.5895357,Medullary_cords,238.76766950322232
TTCACGAAAGGATCAC-1,1,38,54,5141,17088.0,5141,3895.718,Medium-Low,1,9,3,5,3,7,3,5,2340.007692295049,0.6365141682948128,0.0960647389292717,0.6135721279014612,-0.01308330800384283,0.9452936451941734,-0.06484019011259079,0.7335461146942202,0.026263687759637833,0.8904276106672828,-0.13094985485076904,0.490354958300577,0.10372578352689743,0.5854345930940532,0.06847498,0.08327995,0.061282262,0.16118929,0.29084405,0.009159652,0.32576978,0.25341046,0.64852905,2.1673107,2.8670335,0.1727679,0.45968506,0.42408645,1.6203188,0.9341613,2.1383822,0.2303572,0.61060524,Medullary_cords,240.00208332429116
TTCACGGTCGTCACGT-1,1,71,27,5684,18048.0,5684,4238.847,Medium-Low,4,1,1,4,5,0,4,7,5766.549228091268,0.6365141682948128,-0.4909350275993347,0.005874961572043915,-0.013078384101390839,0.9453142034174904,0.0329957976937294,0.8625783412276833,0.11180169880390167,0.5564035314823673,-0.002982933074235916,0.987518435212095,0.1417369246482849,0.45498990450954285,0.19129768,0.0,0.3967547,0.29447353,0.1174741,0.0,0.0,0.17751281,0.46844703,1.978968,2.47197,0.05511278,0.39796394,0.8165595,1.8399925,0.9782748,2.068814,0.29668626,0.19779085,Medullary_cords,0.0
TTCACTCGAGCACCTA-1,1,55,69,4506,11759.0,4506,4082.3894,Low,2,2,0,0,2,7,0,3,2420.6216143792485,1.0114042647073518,0.2170788198709488,0.24920904415186385,0.15706618130207062,0.4071638020374495,-0.24120552837848663,0.19912160370981982,0.23201750218868256,0.2173021899795207,-0.32405638694763184,0.08063681108535262,-0.3055690824985504,0.10056922092320941,0.12038623,0.0,0.21847571,0.24608451,0.07506368,0.0,0.33998984,0.18524744,0.57899,2.2919266,2.6644764,0.15385215,0.43645886,0.3253154,1.8163373,1.2552209,2.394864,0.24838932,0.47329718,Medullary_cords,0.0
TTCACTTCCTAGAACG-1,1,67,51,5931,21975.0,5931,3964.192,Medium-High,2,4,0,2,2,0,2,4,4307.185159706975,0.45056120886630463,-0.09198189526796341,0.6287939129643434,-0.10525747388601303,0.5798777331474202,0.0398479625582695,0.83439748423922,-0.10874152183532715,0.5673257925977789,0.46007922291755676,0.010523295330720715,-0.1852702498435974,0.3270031071295325,0.04322746,0.0,0.2357168,0.2081198,0.1289606,0.15477107,0.22920425,0.44471696,0.6829395,2.0667748,2.5719023,0.09376578,0.47078425,0.32915792,1.3745298,1.0903139,2.7687914,0.47443464,0.40373197,Medullary_cords,477.31017169132275
TTCAGAGTAACCTGAC-1,1,6,22,7533,34194.0,7533,4298.1514,High,5,8,3,1,1,5,1,1,5943.768838035342,1.277034259466139,-0.5111480355262756,0.0038933423002952333,-0.3348124623298645,0.0705252156272608,0.10184216499328613,0.59230007554199,-0.08517853170633316,0.6544903980666129,-0.2620907425880432,0.16177399534311143,-0.14077359437942505,0.4580917968326177,0.051900752,0.04661062,0.0,0.18341562,0.25525445,0.096182056,0.36663648,0.19137052,0.7080066,1.8884633,2.7687404,0.21790725,0.4354025,0.43340382,1.1753387,1.0143176,1.6647387,0.1924091,0.29137844,Medullary_cords,138.00362314084367
TTCAGCCCTGGTCCAC-1,1,47,85,4911,13117.0,4911,4223.3823,Low,5,10,4,1,0,4,1,1,1098.1152034281286,1.0114042647073518,-0.11754892766475677,0.5361569131228322,0.11098136007785797,0.5593219203973108,0.28590643405914307,0.12561952468747964,-0.1989142745733261,0.29198370571587623,-0.01958939991891384,0.9181645235449432,-0.34003645181655884,0.06598333874677377,0.13342197,0.13686354,0.16789494,0.21623293,0.0,0.0,0.34558657,0.14167304,0.61923057,2.3403182,2.8657792,0.14167304,0.6520438,0.59281313,1.967769,0.97087,2.2206156,0.14167304,0.28334612,Medullary_cords,0.0
TTCAGCTGGCGTGCCC-1,1,55,95,5674,17902.0,5674,4250.88,Medium-Low,3,10,0,0,0,4,0,3,2092.4612302262617,1.2424533248940002,0.36786195635795593,0.045500228831383514,0.1278115063905716,0.5008996322216124,0.15261192619800568,0.4207596064760237,0.36438584327697754,0.0477398886401231,0.08888614177703857,0.6404362939378954,0.13734951615333557,0.46920742033626056,0.069512025,0.07924339,0.14989726,0.1741474,0.21559164,0.22715794,0.08445039,0.2022105,0.62142634,2.0468028,2.7325704,0.27227584,0.465131,0.39224684,1.6238898,1.1853652,2.386794,0.0,0.6359899,Medullary_cords,137.92751719653333
TTCAGGCGTCAAAGCC-1,1,40,16,4874,16321.0,4874,3770.1377,Medium-Low,1,7,3,5,3,6,3,5,4961.403934371802,0.6365141682948128,0.031516049057245255,0.8686870860565953,0.38830623030662537,0.033965743796877064,-0.15447582304477692,0.41504001718616196,0.3909960389137268,0.03264241445793401,-0.22092482447624207,0.24071410094970105,-0.08017019927501678,0.6736595761304753,0.08247734,0.0052543483,0.122652516,0.14623918,0.35068166,0.030707683,0.26198727,0.21457452,0.537519,2.1765273,2.8237803,0.17922667,0.4700095,0.3743139,1.603156,0.86125034,2.1577988,0.23896888,0.57385236,Medullary_cords,137.0
TTCAGTTCAAGAGGAG-1,1,72,38,5546,17290.0,5546,4192.4746,Medium-Low,3,4,2,0,5,0,5,6,5332.277655936532,0.0,0.014395792037248611,0.9398150451123024,0.2230614423751831,0.23607911708173265,0.2147018015384674,0.2545571638761909,0.19278357923030853,0.307412527111894,-0.23466958105564117,0.21194257915159637,0.1167856901884079,0.5388253559454154,0.018961024,0.00095738977,0.12600946,0.32797134,0.20393863,0.053702474,0.26845968,0.2839691,0.913634,1.6072896,2.5930896,0.45006102,0.769627,0.28525826,1.0177726,1.4823034,1.8500388,0.22820662,0.74768573,Medullary_cords,550.0009090901577
TTCATGGCGCAACAGG-1,1,19,75,6129,21232.0,6129,4269.896,Medium-High,3,3,0,7,4,3,8,2,2444.6940503874916,1.0986122886681096,-0.5079630017280579,0.0041609572546188415,0.1487705111503601,0.43268431396282503,0.2140655219554901,0.25600145180341055,0.04925621673464775,0.7960361149433313,-0.3889393210411072,0.03365044306797667,-0.17606300115585327,0.35203002831015856,0.05017443,0.13990572,0.29542813,0.24234636,0.10378816,0.013503311,0.15485388,0.0964872,0.6177092,2.1148942,2.7662303,0.33899644,1.5376694,0.3737188,1.4505894,1.0577892,2.5259485,0.165932,0.25743508,Medullary_cords,138.0
TTCCAATCAGAGCTAG-1,1,23,95,6794,24602.0,6794,4455.8936,Medium-High,3,0,2,0,4,2,5,6,1860.453708104558,0.8675632284814612,-0.3557772934436798,0.05366422748159721,-0.39824268221855164,0.02928369097079183,0.24699068069458008,0.18822912797292624,0.5449140667915344,0.0018476711958179022,-0.1955268532037735,0.3004467501871373,-0.21761758625507355,0.2480072583662879,0.055443134,0.07320923,0.09092662,0.48611015,0.13122423,0.02864899,0.13443767,0.21099183,1.0879946,1.7448561,2.5807424,0.19137321,0.5792655,0.42380622,1.2171519,1.6842114,2.0312445,0.0,0.2657476,Medullary_cords,138.42326394071193
TTCCAATCTGGCTATC-1,1,48,46,5139,15063.0,5139,4100.035,Low,2,9,0,3,3,7,0,3,3129.308070484592,1.0114042647073518,-0.07896053791046143,0.6783202651849586,-0.17779044806957245,0.3472493482148543,0.01798279583454132,0.9248565410752863,0.4198129177093506,0.02091174372870181,-0.4244231879711151,0.019406898264050967,-0.002341005951166153,0.9902043225775075,0.06494636,0.0,0.19844861,0.17885998,0.17322527,0.0129019,0.3716179,0.39185983,0.7979437,2.0891402,2.7800307,0.2642653,0.65443826,0.36987844,1.6504653,1.299525,2.2013192,0.2545756,0.35685694,Medullary_cords,238.40302011509837
TTCCACACAGATTTGA-1,1,50,46,6257,22380.0,6257,4112.8965,Medium-High,2,9,5,2,3,7,2,4,3228.4352246870308,0.0,-0.23190757632255554,0.21752631014744922,-0.22936825454235077,0.22274732645442016,0.2372688353061676,0.20677802184481875,0.29027408361434937,0.1196939901186166,-0.38335877656936646,0.036512783465914925,-0.14916694164276123,0.43144520999494995,0.040443037,0.14899589,0.24653502,0.15059772,0.21879393,0.15019418,0.044440284,0.28594786,0.64425445,2.2044785,2.7406728,0.26450023,0.5755237,0.2541199,1.4764855,1.0294243,2.720188,0.18468663,0.39891547,Medullary_cords,414.2764777295472
TTCCACATTTCTCGTC-1,1,1,77,5824,19160.0,5824,4246.7427,Medium-Low,5,5,7,1,6,3,1,1,4496.078735965374,1.0821955300387673,-0.6629806756973267,6.541236888840992e-05,-0.09374112635850906,0.6222163134704076,0.025244789198040962,0.8946545569345337,0.0591435506939888,0.7562190852217827,-0.049317777156829834,0.7957865335056712,0.13270525634288788,0.48450652864759625,0.1428413,0.0031827292,0.040880576,0.35139105,0.43663034,0.0,0.025074046,0.16045916,0.6706531,1.9981096,2.8053985,0.10500223,0.5412233,0.33622444,1.5241735,1.2217542,2.0590866,0.0,0.14000298,Medullary_cords,138.0
TTCCAGACGAGATTTA-1,1,39,111,5897,19040.0,5897,4227.15,Medium-Low,2,0,0,2,0,4,2,3,1588.2417951936663,1.0114042647073518,-0.07832524180412292,0.68077266965632,0.13766834139823914,0.468166500141793,-0.014810509979724884,0.9380844682101133,-0.003331713378429413,0.9860591577197817,-0.07388670742511749,0.6979944266255904,0.024117354303598404,0.8993350641529041,0.091421396,0.0,0.2891304,0.23764709,0.1359197,0.0,0.24588142,0.23069301,0.7231226,1.9435788,2.599437,0.10553304,0.57327133,0.38481283,1.198837,1.1697118,2.672624,0.21106608,0.4560755,Medullary_cords,478.17360864020924
TTCCAGTGGGTTTCGT-1,1,75,47,4546,12044.0,4546,4056.3696,Low,5,4,0,1,5,0,1,1,5254.183285725765,1.0986122886681096,-0.3317473828792572,0.07330069045562304,0.13896170258522034,0.4639562827135017,-0.2931555509567261,0.11589967316169593,-0.06245352327823639,0.7430197002027062,0.11900746077299118,0.5310751246210232,-0.010812333784997463,0.954778835624671,0.12215018,0.0,0.09108507,0.1378725,0.09201306,0.4756701,0.081209145,0.15627617,0.7381364,2.2679112,2.761852,0.0,0.22669181,0.19788833,1.8272063,0.80909085,2.2659817,0.15112787,0.36460304,Medullary_cords,0.0
TTCCATCATGCGGTGA-1,1,13,99,6830,27694.0,6830,4284.245,High,1,12,3,7,4,3,8,2,3088.448801583086,0.6365141682948128,0.08789609372615814,0.6441775216927268,-0.23291480541229248,0.21547861077220334,-0.18452951312065125,0.32897512146077273,-0.17377988994121552,0.35840858492147354,0.03535632789134979,0.8528497248030792,0.103269062936306,0.5870960536726103,0.045906663,0.047262985,0.013996854,0.13336077,0.22600159,0.111332126,0.42213902,0.33075508,0.5554658,2.0817523,2.8986435,0.13027783,1.4934236,0.65836287,1.3787309,1.0680065,2.0656118,0.07707129,0.34232366,Medullary_cords,364.00137362378183
TTCCATCGACAGCGTG-1,1,61,107,5306,16828.0,5306,4011.2412,Medium-Low,1,13,3,5,7,1,3,5,3050.0375407525726,0.5982695885852573,0.14049845933914185,0.4589797766897863,0.01707010716199875,0.9286604491224423,0.12323511391878128,0.5164770287352645,-0.08632660657167435,0.6501258231555314,-0.18333593010902405,0.33216800910140504,0.27788016200065613,0.13706733885074712,0.042630475,0.1118859,0.0933611,0.0094774915,0.15445687,0.16969272,0.4184954,0.5450715,0.5481764,2.137311,2.8017564,0.25412548,0.508251,0.0,1.9806294,0.72462106,2.1095123,0.31243128,0.6194198,Medullary_cords,0.0
TTCCCGACGCTTCACT-1,1,1,89,6540,24825.0,6540,4255.9463,Medium-High,1,12,3,6,6,3,2,3,4432.379496387916,0.7356219397587946,0.1068270355463028,0.5742078640175965,-0.0987246036529541,0.6037390641565215,-0.39403098821640015,0.031199702937664556,0.23040737211704254,0.22060067978429998,-0.02872423082590103,0.8802322863142306,0.13232412934303284,0.4857732748022227,0.08746266,0.0028263654,0.21535504,0.24861228,0.3330664,0.0,0.11267718,0.33854055,0.5645392,2.0141459,2.886072,0.29983282,0.5938008,0.38825902,1.2875276,0.8764124,2.3928838,0.0,0.286949,Medullary_cords,240.00208332429116
TTCCCGGCGCCAATAG-1,1,46,12,7897,34781.0,7897,4516.4863,High,1,7,0,3,3,6,6,3,5318.390922074082,1.2424533248940002,-0.27005061507225037,0.14894970269091612,0.029315480962395668,0.8777851581539664,0.42147955298423767,0.020357020232761848,-0.5491641759872437,0.001672903806869508,-0.46064794063568115,0.010415686163766922,0.4460674226284027,0.013485099562055116,0.070879094,0.04619386,0.11302297,0.041961666,0.24316847,0.011030853,0.47374305,0.4338722,0.5644504,2.242295,2.7975836,0.25142825,0.48478526,0.49316102,1.5269415,0.7962887,2.0510397,0.5156459,0.4349804,Medullary_cords,238.76766950322232
TTCCGCAGAGAAATAT-1,1,21,101,8389,41331.0,8389,4489.0273,High,1,0,3,6,4,2,7,5,2223.8579091299875,0.0,0.006286850199103355,0.973697259239931,-0.17599178850650787,0.35222794943964586,-0.03532368317246437,0.8529841249153512,-0.015195801854133606,0.9364769308960909,-0.0716518834233284,0.7067222781196254,0.11417499929666519,0.5480001824776529,0.025182435,0.084964305,0.047027692,0.13585223,0.4420067,0.0,0.26496664,0.3014148,0.62665856,2.103481,2.8770099,0.2292484,0.7748174,0.45956,1.4424635,0.9475311,2.2612157,0.2892682,0.4966194,Medullary_cords,365.0986168146902
TTCCGCGTGAGGCGAT-1,1,46,64,3506,7834.0,3506,3818.4495,Low,5,2,0,1,0,7,1,1,1910.4630328797257,1.3296613488547582,-0.3229007124900818,0.08178617952367172,-0.03999929130077362,0.8337772472804039,0.10207536071538925,0.5914482239872056,0.0008634217083454132,0.9963870343586179,-0.22182781994342804,0.23874788926109933,-0.0746028795838356,0.6952054044747876,0.030122152,0.004933821,0.18067728,0.115711555,0.12952203,0.33838508,0.20064805,0.29967105,0.7728542,2.0367293,2.7167149,0.15847313,0.30848756,0.10282919,1.552564,1.0254436,2.2945168,0.20565838,0.6737726,Medullary_cords,138.42326394071193
TTCCGGCCTTGAGGCT-1,1,54,44,4633,13361.0,4633,3809.5803,Low,2,2,5,2,5,7,2,4,3584.1807990111215,0.0,0.2574045956134796,0.16968241753744698,-0.1732245832681656,0.3599703222155405,0.10984762012958527,0.5633667660849377,0.011705460026860237,0.951047717312132,-0.3902760148048401,0.03299249141338175,0.2636306881904602,0.15923352737969712,0.04287478,0.002321428,0.28120264,0.1532697,0.23401098,0.014943433,0.2713771,0.43632674,0.35299623,2.2300363,2.5319307,0.20953502,0.57433516,0.20953502,1.305353,0.8188331,3.0770588,0.43400806,0.5644588,Medullary_cords,634.0544140686981
TTCCGGCTCGACTTCT-1,1,12,110,5316,16627.0,5316,4127.4614,Medium-Low,5,12,4,1,4,3,1,1,3463.087206525415,0.6365141682948128,-0.022832855582237244,0.9046716440639797,0.12961426377296448,0.4948286257752003,-0.07534077018499374,0.6923358757341994,-0.032825399190187454,0.8632813968427201,-0.08824048191308975,0.6428751630469692,0.025636643171310425,0.8930285922006973,0.2878018,0.0009025419,0.12496958,0.21523926,0.0,0.0,0.37108675,0.28647593,0.50405854,2.516146,2.8279338,0.11772446,0.54277766,0.33416864,2.1348343,0.8843483,1.9326843,0.0,0.36120898,B_cell_zone,0.0
TTCCGGTATCTGTGTC-1,1,41,115,6223,23591.0,6223,3995.827,Medium-High,2,10,0,2,0,4,2,4,1893.5746618499097,0.6615632381579821,-0.0801514983177185,0.673731539303042,0.2235049307346344,0.23512458442837578,-0.07440687716007233,0.695968320132256,0.12125265598297119,0.5232978945557594,-0.028828784823417664,0.8797994678974559,0.1481301337480545,0.4346900178470735,0.04841067,0.0,0.3442651,0.2583075,0.2544745,0.0009577182,0.093584485,0.30066094,0.7028491,1.7529311,2.515825,0.28905615,0.5552211,0.39605373,1.1068587,1.2593758,2.7649548,0.08835138,0.37584734,Medullary_cords,689.0029027515051
TTCCGGTTACCCACTT-1,1,45,87,5911,18819.0,5911,4397.3423,Medium-Low,0,10,7,4,0,4,4,0,841.6709570847743,0.8675632284814613,-0.20022578537464142,0.2887481382160774,0.20884928107261658,0.26804444823275686,-0.14406031370162964,0.4475548929114422,-0.03209506720304489,0.8662958628486098,-0.20868079364299774,0.26843947401994345,0.07787690311670303,0.6825052949391401,0.24168487,0.0,0.0,0.06322756,0.09034402,0.29777998,0.3069636,0.21536186,0.56707036,2.5113595,2.8999565,0.1437878,0.72846633,0.37518865,2.2727325,0.77774245,1.905865,0.1065512,0.2131024,B_cell_zone,0.0
TTCCTCGAGGGTGTCT-1,1,21,49,5763,18727.0,5763,4213.2163,Medium-Low,2,3,0,2,1,5,0,3,3368.614255150031,1.0114042647073518,-0.5749381184577942,0.0008895600540436167,-0.10023170709609985,0.5981974579743978,-0.008800185285508633,0.9631880893262582,0.027620339766144753,0.8848040647754387,0.1811898648738861,0.3379562383552567,0.26683616638183594,0.15403715862673156,0.05048447,0.0002770743,0.19636652,0.19237009,0.22663715,0.21929589,0.1145688,0.34795445,0.46165475,2.1506836,2.7515545,0.35827094,0.58685565,0.43688846,1.5674967,1.1712523,2.6751537,0.21395415,0.876712,Medullary_cords,237.9012400135821
TTCCTCGGACTAACCA-1,1,50,86,5413,15695.0,5413,4265.788,Low,5,10,0,1,0,4,1,3,1444.2298985964803,1.0114042647073518,-0.12490569800138474,0.5107632284773825,0.17068524658679962,0.36716324282027607,0.31885552406311035,0.08590840925816175,0.020448079332709312,0.9145900675112376,-0.04395744949579239,0.8175900900514725,-0.3293607234954834,0.07551971990399577,0.07824874,0.09398835,0.095894635,0.2616454,0.28789344,0.025356308,0.1569731,0.3492294,0.4937685,2.2109914,2.8181076,0.28758016,0.66596115,0.22595778,1.786138,1.2489752,2.3131704,0.0,0.38921374,Medullary_cords,138.0
TTCCTCTGCCCGAATA-1,1,35,15,5957,25049.0,5957,3695.6973,Medium-High,1,7,3,5,3,6,3,5,5037.964370656069,0.6931471805599453,-0.35545864701271057,0.0538941603492754,-0.07977323979139328,0.6751877215121541,0.23403511941432953,0.2132164724321768,-0.2527120113372803,0.17787238507858985,-0.37671568989753723,0.04017226518405488,-0.21026870608329773,0.26473153888520634,0.091007754,0.0,0.21064478,0.22103722,0.25736514,0.033361096,0.18658398,0.19479328,0.50114673,2.0763464,2.7070823,0.1259717,0.57165813,0.18240759,1.4272542,1.060094,2.6810498,0.0,0.5988219,Medullary_cords,238.40302011509837
TTCCTTTCTGTGTTGC-1,1,11,25,5985,20126.0,5985,4247.826,Medium-Low,3,8,2,0,1,5,5,6,5409.072471320753,1.3296613488547582,-0.8413105607032776,5.796721524897105e-09,-0.05954298749566078,0.7546225713223813,0.18352366983890533,0.3316645469612136,-0.10916958749294281,0.5657921357522011,-0.34941110014915466,0.058407170514350584,0.07981795072555542,0.6750155377530329,0.070156366,0.084071,0.07926022,0.35072076,0.16637401,0.0,0.24941766,0.3341647,0.6717148,1.8733138,2.7400312,0.08625459,0.6889614,0.53869915,1.3462014,1.2099005,2.0045495,0.0,0.21932495,Medullary_cords,239.26763257908496
TTCGAACGAAACATGC-1,1,74,42,7396,30764.0,7396,4323.5757,High,2,4,0,3,5,0,0,3,5350.022056029302,0.6365141682948128,-0.38598278164863586,0.03514341016685975,-0.07236626744270325,0.703928304675845,0.12193175405263901,0.5209564722587018,-0.18500101566314697,0.3277190303384977,-0.18874771893024445,0.3178425568813912,0.05048655718564987,0.7910517783816776,0.027486734,0.0,0.18189529,0.16945013,0.14719003,0.28421125,0.18976656,0.37809837,0.68799603,1.784668,2.687742,0.17448919,0.54491335,0.25817937,1.1478459,1.2225829,2.2397847,0.19557409,0.50153506,Medullary_cords,238.76766950322232
TTCGACAGAGCCCGTG-1,1,52,68,3709,9528.0,3709,3618.2458,Low,2,2,5,2,2,7,2,4,2169.8260298927194,0.0,0.11899512261152267,0.531118015889862,0.1802210509777069,0.34058919535568033,-0.14690320193767548,0.43854698592613883,0.3468666672706604,0.060392385384828356,0.07670442014932632,0.6870438729214137,-0.309067964553833,0.09653763436997428,0.06659531,0.0,0.4022859,0.13862613,0.24176204,0.036199223,0.11453148,0.24843685,0.39729092,2.002811,2.71912,0.35880727,0.6035677,0.14138803,1.2042633,0.8497201,3.127066,0.0,0.7510512,Medullary_cords,364.44478319767455
TTCGACGGGAAGGGCG-1,1,24,44,6724,24032.0,6724,4416.813,Medium-High,1,3,0,3,1,2,6,3,3461.8853245016653,0.45056120886630463,-0.11840298026800156,0.5331784364521112,-0.41101738810539246,0.024049278498815437,-0.00947626493871212,0.960362113546016,-0.37918365001678467,0.038779891276592315,-0.23719322681427002,0.2069270205579234,0.07138755172491074,0.7077570355894758,0.058923513,0.0,0.06983106,0.119617335,0.21579579,0.008363593,0.52746874,0.3247757,0.558726,2.0964003,2.8739345,0.3217379,0.5411606,0.3468088,1.6675761,1.0499794,2.364409,0.15138732,0.44460064,Medullary_cords,138.42326394071193
TTCGCACTCGCGTGCT-1,1,25,45,6403,21981.0,6403,4333.3535,Medium-High,1,3,0,3,1,2,0,3,3344.8162879297274,1.0114042647073518,-0.043184857815504074,0.8207441035354422,-0.22227337956428528,0.2377816712575153,-0.0960112065076828,0.6137707119707831,-0.4603576958179474,0.010470488308556012,-0.21191902458667755,0.2609134064582755,0.09624432027339935,0.6129061480805601,0.035459153,0.049487974,0.09454485,0.097379625,0.10579202,0.23617327,0.38116312,0.225802,0.6475826,2.2293034,2.7910788,0.25550956,0.6609945,0.32908997,1.537476,1.1348176,2.2999556,0.09374444,0.86041826,Medullary_cords,137.92751719653333
TTCGCACTGTACGACA-1,1,61,59,6377,20906.0,6377,4399.776,Medium-High,1,4,0,3,2,1,6,3,3402.017195723737,1.0114042647073518,0.08884052187204361,0.640608495195336,-0.2563371956348419,0.1715214275103874,-0.0055835312232375145,0.9766389396422578,-0.45253175497055054,0.012042163018640478,-0.5469410419464111,0.0017624393825786495,0.3945653438568115,0.030951125163701576,0.08374079,0.08330882,0.0888943,0.08137824,0.18407308,0.019617284,0.4589875,0.45810172,0.43379986,2.2689567,3.0046415,0.24401242,0.76187444,0.31440297,1.7605171,0.6160442,1.9126028,0.19545707,0.57527703,Medullary_cords,138.0
TTCGCATCCGGAAGCA-1,1,11,19,7446,34569.0,7446,4417.05,High,4,11,1,4,1,5,4,7,5745.461948355415,0.9556998911125343,-0.6879575252532959,2.6550044130286463e-05,-0.03505273163318634,0.8540998027570494,-0.012489695101976395,0.9477723356770675,-0.05857805907726288,0.7584809874882253,-0.2589394450187683,0.1670626007951332,-0.1829242706298828,0.33327359002320056,0.3074951,0.0,0.048123952,0.19244435,0.35540324,0.0,0.09653337,0.057064906,0.3089586,2.0968628,2.6849763,0.0,0.42879957,0.86012506,1.9609532,0.7739647,1.7854991,0.06352193,0.33096457,B_cell_zone,0.0
TTCGCCGCTCGCGCTA-1,1,57,9,7684,31634.0,7684,4525.093,High,1,1,4,3,5,0,0,5,5894.586075374589,1.0114042647073518,0.2994309961795807,0.1079463611355935,0.2824738323688507,0.13042596428263276,-0.03396943211555481,0.8585631637261629,0.5477438569068909,0.0017296379767811607,0.08019763231277466,0.6735540161389315,0.1515696495771408,0.42397692301511397,0.048666187,0.041043233,0.08654038,0.045201402,0.09358142,0.30004567,0.38492167,0.33457777,0.47293702,2.0551846,3.0233045,0.10217158,0.52377176,0.308882,1.5890476,0.9626422,1.8923153,0.13734992,0.9114987,Medullary_cords,137.0
TTCGCGCGCCATACGA-1,1,59,47,6953,28930.0,6953,4115.619,High,2,2,5,2,2,0,2,4,3780.2566050468054,0.0,-0.215547576546669,0.2526456526730801,0.08849496394395828,0.6419134646788147,0.17642797529697418,0.35101670169268173,-0.05139896273612976,0.7873606519469011,-0.5304409861564636,0.0025670369363397566,0.21616686880588531,0.25125201978151535,0.04794237,3.5742367e-05,0.19942111,0.12420402,0.26516774,0.13599388,0.22723514,0.38706592,0.46258265,2.2208228,2.5658553,0.285563,0.64206433,0.3802274,1.454529,0.9798932,2.973329,0.1484519,0.5395163,Medullary_cords,276.3494165001982
TTCGCTAGGAAGTTGT-1,1,41,117,5607,19523.0,5607,3928.8462,Medium-Low,2,10,0,0,0,4,0,4,2028.3081619911704,0.6730116670092565,-0.04864645004272461,0.7985093241138616,0.18402478098869324,0.3303230005092286,-0.008984684944152832,0.962416846108132,0.13087746500968933,0.4905969055844507,-0.16828328371047974,0.374044328628879,0.10969752073287964,0.5639032734200143,0.08092395,0.0,0.18489335,0.2159337,0.08335908,0.19833775,0.23655221,0.34923345,0.59958524,2.0527844,2.6553721,0.24326205,0.6511146,0.10339842,1.2629554,1.2226058,2.8037267,0.33611715,0.34163067,Medullary_cords,731.564077849644
TTCGCTATCTGACGTG-1,1,20,100,7556,32793.0,7556,4352.22,High,1,0,3,6,4,2,7,5,2308.8969227750295,0.8675632284814613,-0.027042649686336517,0.8871980306581004,0.07215124368667603,0.7047688724730778,-0.19352799654006958,0.30551237819541316,0.07448272407054901,0.6956730606876352,0.03790048882365227,0.8423879794997855,0.03183826431632042,0.867356263296675,0.057732135,0.0,0.094885945,0.07087909,0.24699275,0.0,0.52951014,0.30813527,0.58156955,1.9349234,3.024268,0.3217529,0.6496525,0.3185416,1.4646202,0.9810949,2.2457108,0.06654343,0.42362532,Medullary_cords,497.90159670360566
TTCGGACTGATGCCTT-1,1,7,99,6194,22575.0,6194,4150.653,Medium-High,1,12,3,6,4,3,3,5,3789.5552509496415,0.8675632284814612,-0.28833284974098206,0.12230154798515114,0.14501512050628662,0.4445184841050642,-0.023378819227218628,0.9024028720371255,-0.2759990394115448,0.13985696034464642,0.11407451331615448,0.5483547760094579,0.042630936950445175,0.8230071100912106,0.06288416,0.11581905,0.087781146,0.04396472,0.30338037,0.0,0.3861705,0.24668482,0.63257265,2.226435,2.8180907,0.091675505,0.61395586,0.46318424,1.5954512,0.86286324,2.220871,0.0,0.5543909,Medullary_cords,137.00364958642524
TTCGGACTGGGCATGG-1,1,68,6,6405,24256.0,6405,4216.441,Medium-High,0,1,7,4,5,0,4,0,6691.40829721218,0.0,0.42494991421699524,0.019240810370791173,0.14563094079494476,0.4425660062681381,-0.09378153085708618,0.6220655767697056,-0.16753092408180237,0.37621507537092547,-0.14293059706687927,0.4511618832629334,0.3483372628688812,0.05923865632797152,0.12433582,0.0,0.074330956,0.24260321,0.37295702,0.0064242138,0.1793488,0.18302146,0.80646074,2.1473498,2.9206142,0.19349994,0.5790543,0.6108137,1.950885,1.1427279,2.1225352,0.08630846,0.3247627,Medullary_cords,0.0
TTCGGCAACCCGCTGA-1,1,16,88,6260,21919.0,6260,4386.52,Medium-High,3,5,2,7,4,3,8,2,2635.0068311106897,0.0,-0.6369168162345886,0.0001540463905920733,-0.2350233942270279,0.21123444359309757,-0.05412006378173828,0.776379542236189,0.22450034320354462,0.23299154312667544,0.11669889837503433,0.5391291968382762,0.06326917558908463,0.7397778488791952,0.07815219,0.0,0.044513486,0.46691242,0.26883894,0.0,0.14158294,0.28946617,1.0845547,1.7625989,2.5151024,0.22199103,1.7584803,0.6281934,1.2161733,1.6603249,1.8917375,0.25605825,0.33164564,Medullary_cords,365.3833603217311
TTCGGCTAGAGATGGT-1,1,18,24,6133,20208.0,6133,4301.5093,Medium-Low,1,11,0,3,1,5,6,3,5014.49359357453,1.0114042647073518,-0.44525256752967834,0.01367682316698846,-0.11155560612678528,0.5572782789326634,-0.26555705070495605,0.15609591031344988,-0.04089972749352455,0.8300887472841234,-0.4712104797363281,0.008578964765052313,0.14317356050014496,0.4503848332195018,0.009023113,0.05223288,0.13501164,0.12136581,0.21632014,0.13128597,0.33476052,0.503368,0.5844992,1.9650583,2.6432467,0.2010305,0.7230302,0.3002892,1.1975162,0.95254457,2.4099007,0.5843116,0.54917175,Medullary_cords,238.76766950322232
TTCGGGACTAATCGCG-1,1,36,72,3823,12975.0,3823,3157.8513,Low,2,2,5,2,4,2,3,4,1127.1969659292026,0.45056120886630463,0.22073934972286224,0.24111929028780485,-0.3121880888938904,0.09304661663773235,0.007504126988351345,0.9686067355518343,-0.37481147050857544,0.041273735900823026,-0.41710686683654785,0.02183889982447879,0.10793167352676392,0.5702324224643345,0.07098753,0.11158637,0.2802458,0.02089752,0.15531911,0.0,0.3609637,0.24617156,0.21980774,2.4002585,2.557286,0.07142697,0.14285395,0.21428092,1.3310305,0.52018356,3.0517173,0.0,0.19047193,Medullary_cords,137.55726080436466
TTCGGGCGCTAGTCTT-1,1,55,37,5208,20838.0,5208,3367.2969,Medium-High,2,9,5,2,5,0,2,4,4058.8250762997905,0.0,0.16530536115169525,0.3826792659225319,-0.20947974920272827,0.26656964028894425,-0.0428943932056427,0.821930602530759,0.35887688398361206,0.05146774235949328,0.0037213675677776337,0.9844289185088296,0.2373676747083664,0.20658335391131719,0.038953852,0.0,0.2157339,0.11476306,0.21321666,0.23825057,0.17908193,0.25790763,0.43555248,2.156855,2.381278,0.09799236,0.50265837,0.28008908,1.2008694,0.85079,3.1968126,0.09799236,0.40174565,Medullary_cords,479.00417534714666
TTCGGGTTGCCACGGG-1,1,61,117,6806,25771.0,6806,4371.26,High,1,13,3,6,7,1,7,5,3402.1330073940376,1.2424533248940002,0.003280382603406906,0.9862739201858641,0.23972752690315247,0.20197284016219855,0.173261359333992,0.35986676897876196,0.18590907752513885,0.32530823933893094,-0.009157057851552963,0.961696325010393,0.3566075265407562,0.05306877177503362,0.028049143,0.0,0.060956333,0.0766393,0.0076650153,0.25576034,0.5709298,0.398214,0.47829133,2.0418122,2.8213873,0.32819623,0.32208222,0.1947642,1.6220772,0.9897925,1.9397696,0.24592392,1.0022252,Medullary_cords,137.55726080436466
TTCGGTACTGTAGAGG-1,1,67,63,5791,20976.0,5791,3917.3953,Medium-High,2,4,5,2,2,1,2,4,3876.5226685781163,0.45056120886630463,0.04174952954053879,0.8266109044354937,0.16868454217910767,0.3728895982979016,-0.24487490952014923,0.1921634772056983,0.06420326977968216,0.7360706082467903,-0.10328008234500885,0.5870559429228076,0.25583842396736145,0.17238557112113523,0.033294573,0.065012015,0.23190044,0.13025719,0.1999636,0.17047906,0.1690931,0.49861664,0.3905037,2.141846,2.8020368,0.25719395,0.36083737,0.14619343,1.3443094,0.8199781,2.5885966,0.26678318,0.50243616,Medullary_cords,276.4814641164937
TTCGTAATCCCAGCGG-1,1,12,86,6043,21195.0,6043,4174.33,Medium-High,3,5,2,7,6,3,8,2,3117.374055194532,0.0,-0.6678455471992493,5.5238730168925575e-05,-0.01390616875141859,0.9418585398846145,-0.07595035433769226,0.6899684511535864,0.06146926432847977,0.7469374253844845,0.03566206991672516,0.8515911644933428,0.09265056997537613,0.6262904830797832,0.077705234,0.0,0.08495043,0.59984326,0.19986826,0.0,0.03763281,0.30381316,0.94893414,1.5736971,2.3651066,0.13138053,1.2345618,0.41421825,0.92970324,1.6110945,1.8911734,0.1661379,0.28593263,Medullary_cords,239.26763257908496
TTCGTACTCCAGAACG-1,1,29,29,6586,23395.0,6586,4348.095,Medium-High,3,11,0,0,1,6,0,3,4201.99000474775,1.0114042647073518,-0.31814220547676086,0.08665147756129193,-0.33014431595802307,0.07478552511045097,0.045429378747940063,0.8115888719952993,0.09755619615316391,0.6080502280571606,-0.6546767354011536,8.669306630693918e-05,-0.24179711937904358,0.19798818572880306,0.07785124,0.0,0.11759887,0.3340698,0.29892433,0.0,0.17155576,0.2862802,0.751729,2.0366726,2.6638157,0.16621003,0.78706634,0.25808063,1.2419486,1.3872403,2.5962038,0.08897737,0.3154952,Medullary_cords,138.0
TTCGTGCATGTTATAG-1,1,77,61,4211,10586.0,4211,3969.933,Low,3,4,3,0,2,1,0,1,5027.562530690195,1.0397207708399179,-0.2373570203781128,0.2066043319673412,-0.2027411013841629,0.2826068825146167,-0.29345107078552246,0.11551564439961781,0.1549340933561325,0.4136404442665576,0.020029909908771515,0.9163305969111043,0.21139498054981232,0.26212189882837295,0.17734231,0.0,0.0837407,0.41343042,0.21934031,0.0,0.10614629,0.27865267,0.8706216,2.1478267,2.6447365,0.16626972,0.53050506,0.29889598,1.7533424,1.475379,2.2332194,0.0,0.398528,Medullary_cords,275.0
TTCGTTCAACGAAGTT-1,1,23,105,6335,22825.0,6335,4240.037,Medium-High,1,0,3,6,4,2,7,5,2143.8183225264215,0.6931471805599453,-0.17474517226219177,0.3557034430427948,0.08812133222818375,0.6433256293905578,0.027453001588582993,0.8854974181230489,0.021794050931930542,0.9089904526051881,-0.23594067990779877,0.20940608768698143,0.09493017196655273,0.6177866378886971,0.046026506,0.15383051,0.077931106,0.09010526,0.16915828,0.14464466,0.31830367,0.34395766,0.66149503,2.219107,2.893433,0.19572452,0.68850845,0.33197477,1.8275332,0.95664203,2.1693935,0.181667,0.5345931,Medullary_cords,0.0
TTCTAACCGAAGCTTA-1,1,34,90,5748,17559.0,5748,4368.636,Medium-Low,3,0,2,0,0,2,5,6,498.20678437773205,0.0,0.23055385053157806,0.22029921100224903,-0.01973102055490017,0.9175748846376185,-0.04224617779254913,0.824579838346863,0.13629388809204102,0.4726625169663336,0.2773842513561249,0.13779878231272347,-0.014592386782169342,0.9389946407421667,0.0068087713,0.06883155,0.055583313,0.38505927,0.17996992,0.30374715,0.0,0.15139498,1.2708886,1.516048,2.6930568,0.16904369,0.5984476,0.22539158,0.9794734,1.6820097,2.0654254,0.0,0.35212103,Medullary_cords,364.3295211755424
TTCTACCTCAATCGGT-1,1,69,23,4820,13046.0,4820,4099.559,Low,3,1,2,0,5,0,0,6,5814.155226685989,0.6365141682948128,-0.5293740630149841,0.002628527982675994,0.09185399860143661,0.6292732022797913,0.11395562440156937,0.5487744478598249,-0.05952152982354164,0.7547083106378133,-0.038496896624565125,0.8399392469515278,0.4375103712081909,0.015614584659562695,0.07705623,0.0015816182,0.14577089,0.23682456,0.057499222,0.346291,0.13497648,0.33150333,0.94787854,2.0904953,2.7026732,0.07112633,0.36260244,0.31758738,1.3686979,1.4170139,1.9829903,0.0,0.48351794,Medullary_cords,138.00362314084367
TTCTACCTTTATGTTG-1,1,6,84,4120,10454.0,4120,3912.126,Low,2,5,0,2,6,3,0,3,3842.509596604802,0.6931471805599453,0.021402457728981972,0.9106191598872786,0.15163597464561462,0.42377178546783717,-0.19126638770103455,0.3113080463917789,0.29681241512298584,0.11121387132136885,-0.08582761138677597,0.6520214433658194,-0.07140668481588364,0.7076821197034623,0.086803906,0.002475049,0.18225354,0.2949743,0.39302182,0.040471286,0.0,0.3032615,0.61169195,2.0978112,2.8673804,0.16779844,0.8570125,0.08389922,1.4220128,1.1816831,2.4417589,0.26730818,0.44926143,Medullary_cords,364.24716882907956
TTCTACTTGCGAGGGC-1,1,22,32,5975,19897.0,5975,4263.61,Medium-Low,1,11,3,6,1,5,7,5,4304.477900977075,1.0114042647073518,-0.5979408025741577,0.0004837605725791422,0.4612967371940613,0.010294055863457597,0.08355607092380524,0.6606774766736666,-0.29818159341812134,0.10949630845968825,0.17213571071624756,0.3630443544421694,0.21230275928974152,0.2600307936740075,0.0336525,0.0,0.06592478,0.10921466,0.20017472,0.2578684,0.3331649,0.45320338,0.5148811,1.9403691,2.8519568,0.050902847,0.5335731,0.4837199,1.2495584,0.98738486,2.2435026,0.22986308,0.5770894,Medullary_cords,138.00362314084367
TTCTAGAAAGTCTTAT-1,1,60,46,6977,25688.0,6977,4430.298,High,2,2,0,3,5,0,6,3,3911.954626526233,0.6931471805599453,-0.15747173130512238,0.4059383692596153,0.11167949438095093,0.5568378334644589,0.07821531593799591,0.6811973362531846,0.3292142450809479,0.075657578916776,-0.5501279830932617,0.0016353319741479809,-0.040050916373729706,0.8335656787700493,0.04786698,0.0734253,0.2801958,0.14640975,0.049027562,0.0,0.40307462,0.2703198,0.6157362,2.0897465,2.8467042,0.5522345,0.60464555,0.35510835,1.5268636,0.9547655,2.092586,0.73702055,0.38089842,Medullary_cords,137.92751719653333
TTCTAGGCCAATTGTG-1,1,22,44,5458,15073.0,5458,4390.926,Low,3,3,0,0,1,5,0,3,3583.764780227631,0.6365141682948128,-0.5517639517784119,0.0015732346546295814,-0.1186818927526474,0.5322074558251219,-0.2683022618293762,0.15170153427081673,0.11768496781587601,0.5356819486217751,0.2738197445869446,0.14314011535421536,0.21273034811019897,0.2590496173703121,0.13211337,0.0044036093,0.0,0.11577433,0.27171156,0.013756972,0.46224016,0.50700474,0.49187523,2.3209896,2.7263036,0.29641291,0.40198347,0.37311643,1.875862,1.1119723,1.7503262,0.12722825,0.28152147,B_cell_zone,0.0
TTCTATTAAACGCAGC-1,1,67,55,6714,25349.0,6714,4225.877,High,2,4,5,3,2,0,6,3,4150.254209081656,0.6365141682948128,-0.33414167165756226,0.07112555052421705,-0.07893174886703491,0.6784313288002116,0.11083775013685226,0.5598335399741494,-0.11641549319028854,0.5401219068421695,-0.06272462755441666,0.7419417014731987,0.03558831661939621,0.8518947309148611,0.026978627,0.004716781,0.16554318,0.11792849,0.278038,0.022782205,0.3840127,0.5236204,0.53930044,2.20517,2.8195715,0.19740516,0.40301615,0.22854494,1.3467387,0.8675419,2.5061488,0.9001762,0.6922954,Medullary_cords,276.3494165001982
TTCTCAATTGCTACAA-1,1,72,14,6650,28313.0,6650,4060.2173,High,1,1,3,5,5,0,3,5,6521.831107902136,0.5982695885852573,-0.11251264065504074,0.5538800185383075,0.21934416890144348,0.24418175850750662,-0.1508251279592514,0.42628342590139834,-0.4002936780452728,0.02838589812390291,-0.16088733077049255,0.3957005178697872,0.36400121450424194,0.04799299107878953,0.047209445,0.04841642,0.14012673,0.12901178,0.20158394,0.0,0.43365166,0.17140824,0.6838437,2.1424303,2.8240793,0.20921792,0.3483075,0.2327339,1.5380697,1.0396487,2.6249292,0.28483728,0.40669894,Medullary_cords,138.42326394071193
TTCTCTTACAGGTGAT-1,1,62,8,1150,1922.0,1150,2371.1875,Low,3,1,6,5,5,0,3,6,6212.1287816657505,0.6931471805599453,0.24907635152339935,0.18440607064383102,0.04686075821518898,0.8057629954514203,-0.038703955709934235,0.8390894444104471,0.16007404029369354,0.39812478100097937,0.08836530148983002,0.6424033937685527,-0.03121129423379898,0.8699461169745201,0.0,0.0,0.32877848,0.6466827,0.024538921,0.0,0.0,0.0,0.67601806,0.8280495,2.4419575,0.22812739,0.45625478,0.0,0.0,1.1155446,1.7788184,0.0,0.30416986,Medullary_cords,240.00208332429116
TTCTGACCGGGCTCAA-1,1,52,84,6139,20791.0,6139,4184.46,Medium-High,2,10,5,3,0,4,6,4,1699.7426275763046,0.0,0.09625924378633499,0.6128508176182274,0.055657874792814255,0.7701921338505494,-0.05209369212388992,0.7845531522579056,0.047225482761859894,0.8042801399621289,-0.16265633702278137,0.3904566551700409,-0.13356339931488037,0.4816605388161277,0.02152411,0.00050511706,0.2643651,0.07120826,0.12006393,0.15364133,0.36869213,0.5210494,0.71188927,2.318015,2.7064025,0.14726335,0.61570483,0.3509035,1.411419,1.0826728,2.7867913,1.0857558,0.75303215,Medullary_cords,240.00208332429116
TTCTGCCGCGCCTAGA-1,1,49,69,3563,9177.0,3563,3544.7893,Low,2,2,5,2,0,7,2,4,1856.1942247512786,0.0,0.09799986332654953,0.6064116669987204,0.11813364923000336,0.5341168639542921,-0.12418873608112335,0.5132115796167052,-0.05132228881120682,0.7876706629274355,-0.010038744658231735,0.9580113365506381,-0.019863706082105637,0.9170224860210103,0.025127137,0.13802469,0.43217653,0.051532913,0.094817854,0.0,0.2583209,0.14458506,0.6198609,1.9931579,2.5765376,0.23671147,0.32883787,0.5130907,1.2648532,0.6141761,2.9513223,1.1179757,0.3106388,Medullary_cords,479.00417534714666
TTCTGCGAGCGCCCTT-1,1,33,17,6377,23801.0,6377,4215.6123,Medium-High,3,7,3,0,3,6,0,3,4924.113118115789,1.2424533248940002,-0.06750968843698502,0.7229951821947046,-0.08035989105701447,0.6729297826500142,0.21216623485088348,0.2603445839195073,0.08774032443761826,0.6447669276133958,-0.5234531760215759,0.0029934035507595386,-0.2590402364730835,0.16689157208190847,0.042243198,0.0014477593,0.11828752,0.29296547,0.24716023,0.03959975,0.25829613,0.33591473,0.66684425,1.8614031,2.7521558,0.1963276,0.3452872,0.57754266,1.3664515,1.037641,1.8901017,0.087690696,0.72453696,Medullary_cords,137.00364958642524
TTCTGCGGGTTAGCGG-1,1,40,80,4041,9816.0,4041,4003.3271,Low,5,2,4,1,0,4,1,1,600.4839714763417,0.6931471805599453,0.11522834748029709,0.5442896031968959,0.06775400042533875,0.7220320112149506,0.023129329085350037,0.9034395450990645,0.07257670909166336,0.7031059801234648,-0.35159748792648315,0.05674255164718974,-0.1811033934354782,0.33819073918401116,0.36652535,0.0037974722,0.39614886,0.09738278,0.0013741594,0.028176906,0.10659448,0.0,0.23415868,2.5193875,2.672925,0.47191966,0.5405993,0.40230745,1.9017705,0.8563814,2.2292683,0.175619,0.60450256,Medullary_cords,0.0
TTCTGCTAGACTCCAA-1,1,28,106,6175,20262.0,6175,4418.2646,Medium-High,0,0,7,4,0,2,4,0,1722.7002060718517,1.3296613488547582,-0.6954832077026367,1.9884807961362346e-05,-0.14319904148578644,0.4503033810110162,-0.07831484824419022,0.6808128180585464,0.11270061880350113,0.5532136701849338,-0.09273380041122437,0.6259791632465052,0.24944661557674408,0.18373309323163603,0.20613287,0.13655387,0.092592485,0.2680627,0.21911427,0.0,0.077543765,0.27236372,0.50837505,2.2116427,2.8146143,0.16371168,0.6304287,0.8076316,2.004693,0.8368108,1.8420215,0.20058095,0.18130788,B_cell_zone,0.0
TTCTTAGTGAACGGTG-1,1,18,34,5861,19700.0,5861,4234.8853,Medium-Low,3,11,2,0,1,5,5,6,4421.9594073216,0.0,-0.1945265829563141,0.3029750446339273,-0.15969012677669525,0.3992720857051828,-0.09012560546398163,0.6357647234265241,0.019997991621494293,0.9164634647629866,0.0598876029253006,0.7532459692945324,0.2952783405780792,0.11316207186486402,0.0692919,0.0,0.04055885,0.50471324,0.2635823,0.018472336,0.103381455,0.37259883,1.3147514,1.6153699,2.5116568,0.30790916,0.9035283,0.16699532,1.2152894,1.668015,1.9932888,0.10263638,0.4078777,Medullary_cords,498.7604635493876
TTCTTAGTGGCTCAGA-1,1,17,61,5875,18578.0,5875,4339.795,Medium-Low,5,3,4,1,6,3,1,1,3127.2379186752005,0.6365141682948128,-0.226570263504982,0.22859761066896936,0.0577324815094471,0.7618668448679325,0.26152077317237854,0.16272157342370897,-0.27679163217544556,0.13867659065611082,-0.4053153097629547,0.026282039150201015,0.14673414826393127,0.4390798741721339,0.090687156,0.23123217,0.043028526,0.13412715,0.15244947,0.00025478538,0.34822083,0.33164796,0.54516035,2.3084288,2.9151227,0.2691737,0.7765938,0.36536598,1.9158529,0.9540724,1.9574525,0.0,0.5714448,Medullary_cords,0.0
TTCTTATCCGCTGGGT-1,1,49,101,5430,18931.0,5430,3883.7156,Medium-Low,2,10,5,2,0,4,2,4,1593.1917649799725,0.45056120886630463,-0.2533232867717743,0.17679006127207028,0.22000862658023834,0.24272004802888375,0.23128342628479004,0.2188018241972151,-0.05498795211315155,0.7728859037527587,-0.19787324965000153,0.29456829507231336,0.4001882076263428,0.02843151311552931,0.05194866,0.09149461,0.3227438,0.39945275,0.12005207,0.0,0.01430809,0.345848,0.7077856,1.9209536,2.543781,0.17172174,0.5236978,0.57493657,1.258361,1.1753191,3.1526794,0.21206558,0.3110276,Medullary_cords,276.3494165001982
TTCTTCCCTTTGATAT-1,1,2,70,5411,16895.0,5411,4150.6787,Medium-Low,3,5,2,0,6,3,5,6,4486.36623560761,0.45056120886630463,-0.6319287419319153,0.00017988910861750423,0.09744148701429367,0.6084741776149267,0.22042563557624817,0.24180566487535096,-0.22284893691539764,0.23653741541833032,0.009953932836651802,0.9583657698037934,-0.024081658571958542,0.8994833086518299,0.045830414,0.0,0.064156055,0.23919606,0.24426682,0.31800282,0.08854783,0.15574762,0.69419247,1.869761,2.5728993,0.22524396,0.55300486,0.371454,1.4549766,1.2294433,2.1801522,0.19526458,0.3905292,Medullary_cords,138.00362314084367
TTCTTCGCAATAGAGC-1,1,1,85,6506,23783.0,6506,4306.329,Medium-High,1,12,3,6,6,3,7,5,4436.310403928021,1.2130075659799042,0.13508713245391846,0.47662841771306846,-0.22630488872528076,0.22915779699815053,-0.3089452087879181,0.09667697853782589,0.03618943318724632,0.8494211607953691,-0.1843869835138321,0.32935540260167157,-0.07512858510017395,0.6931606013486018,0.056612864,0.111408025,0.111146025,0.021756152,0.32916993,0.15682821,0.21307883,0.1019983,0.33345598,2.027464,3.001077,0.27749163,0.6679997,0.5111833,1.6251585,0.74850196,2.306443,0.08774667,0.42213288,Medullary_cords,138.0
TTCTTGAGCCGCGCTA-1,1,47,41,5624,16909.0,5624,4239.789,Medium-Low,2,9,0,3,3,7,6,3,3410.5256193144187,1.0114042647073518,-0.028434285894036293,0.8814327374971987,-0.08595455437898636,0.6515390006477928,0.19510509073734283,0.301511176360963,0.1043349951505661,0.5832216190572234,-0.25080353021621704,0.18128151795306133,-0.0036672689020633698,0.9846552535354419,0.060061313,0.0,0.17909923,0.15332139,0.040959094,0.21587008,0.35068887,0.3236476,0.5730683,2.119868,2.770046,0.39707184,0.46117187,0.11615919,1.2780607,1.1385999,2.5429006,0.23231839,0.5798881,Medullary_cords,276.84652788142387
TTCTTGCTAGCATCTC-1,1,40,110,5825,20582.0,5825,3977.8228,Medium-High,2,10,0,2,0,4,2,4,1533.2713393264742,0.45056120886630463,-0.19181635975837708,0.3098924060712828,0.11353739351034164,0.5502519714103776,-0.023852013051509857,0.9004371063657972,-0.1138152927160263,0.5492700043624341,-0.08393934369087219,0.6592139095866604,0.3106534779071808,0.09475148224628883,0.059036374,0.06959708,0.21576476,0.18411133,0.18720433,0.17623086,0.10805529,0.3391796,0.53496313,2.3416328,2.6264982,0.26090494,0.6206585,0.54303885,1.2265368,1.1393802,2.9597569,0.26873556,0.5589184,Medullary_cords,364.6601157242179
TTCTTGGACGATCTGC-1,1,52,32,4542,12111.0,4542,4048.637,Low,2,9,0,2,5,0,1,3,4204.30374735223,0.0,-0.30414560437202454,0.10224522571188063,-0.04830677807331085,0.7998878620425852,-0.05433707311749458,0.7755055787107501,-0.09261167794466019,0.6264359786209879,-0.15246392786502838,0.42121562296761317,0.29801076650619507,0.1097095131693375,0.25893402,0.0,0.24799637,0.16437083,0.32869872,0.0,0.0,0.15578172,0.6096345,2.3352363,2.8376546,0.4228912,0.33291528,0.23103152,1.8332634,1.036473,2.239543,0.0,0.26285577,Medullary_cords,0.0
TTCTTGGAGTAATGAG-1,1,21,79,5947,21346.0,5947,4001.2732,Medium-High,2,5,0,2,4,2,2,4,2127.564805123454,0.6365141682948128,-0.22472941875457764,0.23250250587186705,0.16837546229362488,0.37377887488073025,-0.12802767753601074,0.5001696862862393,-0.02036469429731369,0.9149371069690471,-0.17959368228912354,0.3423008091462817,-0.07131797820329666,0.7080294742257685,0.045953564,9.56241e-05,0.3273245,0.24609415,0.14314115,0.01170045,0.22569062,0.3409024,0.61776197,1.9544606,2.5091085,0.24039015,0.692502,0.28841978,1.2883747,1.0769709,2.9454112,0.2613428,0.5435005,Medullary_cords,275.0018181758077
TTCTTGTAACCTAATG-1,1,23,35,5260,16701.0,5260,4016.242,Medium-Low,1,11,3,5,1,5,3,5,4067.106219414487,0.45056120886630463,-0.5250236392021179,0.0028926100286544142,0.27969032526016235,0.1344214561440248,0.246848002076149,0.18849266357250669,-0.16142085194587708,0.3941147832818619,0.09533423185348511,0.6162843269811761,0.24903535842895508,0.184480683971536,0.1099321,0.0,0.14241613,0.1937701,0.17144729,0.017966628,0.36446768,0.2700985,0.34561685,2.1187413,2.8851063,0.34426218,0.55977947,0.2856081,1.5524542,0.87112427,2.2100058,0.23461622,0.32779366,Medullary_cords,238.90793205751876
TTCTTTGGTCGCGACG-1,1,24,104,6074,21130.0,6074,4190.0483,Medium-High,5,0,3,6,4,2,3,5,2006.1517888734143,0.6365141682948128,-0.3391832411289215,0.06670915275579846,0.20259633660316467,0.2829580447644131,-0.0643780529499054,0.7353775692552771,-0.28403207659721375,0.12822762079376482,-0.25294551253318787,0.17745839914193012,0.18186715245246887,0.3361229269286371,0.06099612,0.1779067,0.09241951,0.07836197,0.1844279,0.0,0.40588772,0.32706437,0.5485232,2.1405416,2.8663762,0.15889448,0.47234482,0.5904449,1.5359104,0.8027029,1.9138827,0.19373909,0.61092544,Medullary_cords,137.92751719653333
TTGAAAGGTGTAAAGG-1,1,13,103,5458,18122.0,5458,4009.0815,Medium-Low,1,12,3,5,4,3,3,5,3167.757092960254,0.0,0.25820571184158325,0.16831139376869886,-0.07023182511329651,0.7122872355454365,-0.11077949404716492,0.560041142151735,-0.14151008427143097,0.45571931492897794,0.05799942836165428,0.7607974688443074,0.05152066424489021,0.7868686491086417,0.08258262,0.0010821737,0.10606826,0.15498899,0.23399957,0.031855043,0.38942334,0.30755582,0.431109,2.2055264,2.7576208,0.20281449,0.73762524,0.43474746,1.6638277,0.9433952,2.2313926,0.0,0.7121081,Medullary_cords,238.40302011509837
TTGAACGAATCCTTTG-1,1,19,21,7466,30946.0,7466,4448.72,High,1,11,4,3,1,5,0,5,5142.2159620148195,1.0114042647073518,-0.1415734589099884,0.45551546974789847,-0.09458477795124054,0.6190720260637629,-0.1782308965921402,0.34603669210557575,-0.1623833030462265,0.3912633935167561,-0.25091537833213806,0.18108046771713845,0.21878528594970703,0.24541573425801327,0.107743815,0.056861155,0.06597305,0.17057313,0.09947371,0.28452274,0.2148525,0.28255644,0.5237588,2.2431781,2.8957953,0.34168404,0.69247067,0.43707472,1.7641349,1.0258336,1.8904507,0.07000654,0.57220864,Medullary_cords,138.0
TTGAACGACGTGCTGA-1,1,60,88,6144,20812.0,6144,4309.8306,Medium-High,5,6,4,1,2,1,1,1,2635.009297896309,1.3296613488547582,-0.04006708785891533,0.8334994075590446,0.16918519139289856,0.3714517745606494,0.17045527696609497,0.36781880651067533,0.11250261217355728,0.5539155781158953,-0.3278486728668213,0.07695215173799945,0.29058873653411865,0.11927523984437778,0.13236359,0.0019905362,0.0,0.19437452,0.33312282,0.019705748,0.31844276,0.3518489,0.7530641,2.4663,2.875558,0.19618726,0.5374459,0.26645523,1.9120097,1.1624057,1.9238293,0.0,0.47020465,Medullary_cords,0.0
TTGAAGAATTCCCAGG-1,1,32,50,4950,15255.0,4950,3915.3206,Low,1,3,3,5,3,2,3,5,2712.12702504879,0.0,-0.12460450083017349,0.5117910824349617,0.3740578293800354,0.04171628953856721,0.048122987151145935,0.8006340123433675,-0.20852097868919373,0.26881451590194627,-0.5275527238845825,0.0027364392976737353,0.017184080556035042,0.9281853443739586,0.039567105,0.09123924,0.15592125,0.11474326,0.2612596,0.0,0.33726957,0.30365282,0.55274767,2.2122579,2.8334818,0.25205842,0.5801432,0.063014604,1.664439,1.0227002,2.1654272,0.209425,0.5777614,Medullary_cords,240.0
TTGAAGGATGGGCGCC-1,1,62,12,2077,4121.0,2077,3106.8296,Low,0,1,6,4,5,0,4,0,5969.147342795284,1.0986122886681096,0.2747756838798523,0.14169315989338718,0.09674355387687683,0.6110563217135516,0.07355129718780518,0.6993019596287776,0.16497953236103058,0.3836310095415592,-0.06339436024427414,0.7392806811839714,0.15472948551177979,0.4142649968836259,0.24902323,0.0,0.0,0.15125705,0.52487946,0.07484029,0.0,0.0,0.13684079,2.4705346,2.5038495,0.0,0.52876514,0.1539459,2.142615,0.4105224,2.0188835,0.3078918,0.2052612,B_cell_zone,0.0
TTGAATATGGACTTTC-1,1,34,76,5213,13961.0,5213,4329.1875,Low,1,2,4,3,4,2,1,3,954.7030952081385,1.0114042647073518,0.43335846066474915,0.016744399446350863,0.041540272533893585,0.8274669999305837,0.025336578488349915,0.8942736473098615,0.21288061141967773,0.25870538874016924,-0.248514786362648,0.18543003747868908,0.20063373446464539,0.2877463818451328,0.09784439,0.0961895,0.0701283,0.18523733,0.0,0.40812093,0.14247952,0.23653995,0.7931058,2.2892191,2.66317,0.27010977,0.7019793,0.48004952,1.584644,0.98975664,2.1651475,0.22225736,0.38637975,Medullary_cords,138.42326394071193
TTGAATCGTTGTATAA-1,1,48,10,7824,35618.0,7824,4411.758,High,3,7,0,0,3,6,0,3,5500.952372089764,1.0397207708399179,-0.12364666908979416,0.515066509768873,-0.2989531457424164,0.10853720836872008,0.21276573836803436,0.25896851709936436,-0.39098137617111206,0.032649513403234076,-0.29574304819107056,0.11256925234424639,0.19301067292690277,0.3068320810524514,0.08268262,0.09709385,0.12639382,0.25845248,0.35043707,0.0,0.08494014,0.27811998,0.63915354,2.1478815,2.7850766,0.4414218,0.4400884,0.43390903,1.4818022,1.1815048,2.1910558,0.22284807,0.25861636,Medullary_cords,275.98007174431996
TTGAATTCACGTGAGG-1,1,39,97,5362,15050.0,5362,4290.487,Low,5,0,2,1,0,4,1,3,631.31687764545,0.45056120886630463,-0.2726658284664154,0.14490097453744308,-0.01701972261071205,0.9288704877389852,-0.33908578753471375,0.066792448864218,0.11969316005706787,0.5286940360228897,0.4244438707828522,0.01940035428928716,-0.002117781899869442,0.9911383404195803,0.07981053,0.002633232,0.22281788,0.18768948,0.49852782,0.008521024,0.0,0.22581367,0.60149014,2.02211,2.7184937,0.23307142,0.5742425,0.4444398,1.6423614,1.0446787,2.3044498,0.25477445,0.36674932,Medullary_cords,476.80604023019674
TTGACAGGAGCTCCCG-1,1,47,99,6156,20720.0,6156,4316.734,Medium-High,3,10,0,0,0,4,0,6,1317.3367071481764,0.6365141682948128,-0.19317956268787384,0.3064008480962663,0.02512400969862938,0.8951558058712094,0.10600757598876953,0.5771649761034799,0.08921445906162262,0.6391975362971503,-0.15270350873470306,0.4204775571495425,0.16231423616409302,0.39146761814024883,0.10413439,0.0,0.0067310533,0.3459792,0.1980306,0.21824647,0.12687832,0.38976005,0.85407543,1.8613684,2.6182508,0.31659725,0.8514792,0.14768633,1.2858934,1.4366612,1.9517059,0.09845755,0.28048497,Medullary_cords,275.0
TTGACATGAACGTGGA-1,1,44,32,5063,14562.0,5063,4193.7935,Low,3,9,2,0,3,6,5,6,3921.172401208598,0.6365141682948128,-0.22153079509735107,0.2393934548796521,-0.0628652423620224,0.7413827595835434,-0.18114212155342102,0.3380857006691541,0.10869216918945312,0.5675027322578149,0.1659419983625412,0.3808236053498615,0.19889965653419495,0.29201989842541703,0.06284721,0.17674047,0.10119123,0.2575161,0.021911185,0.23588377,0.14391004,0.24786143,0.68580735,1.8290565,2.5804265,0.065351635,0.44391632,0.17339903,1.2426095,1.4310303,1.8929526,0.0,0.17427103,Medullary_cords,364.6601157242179
TTGACCAGGAACAACT-1,1,64,80,6602,22428.0,6602,4441.8843,Medium-High,3,6,4,0,2,1,0,3,3162.9582671922817,1.0986122886681096,-0.1272391378879547,0.5028349249337147,0.09406730532646179,0.620999868516502,-0.3748759627342224,0.04123603994314014,-0.13150127232074738,0.4885139579035928,0.007964201271533966,0.966683057449511,0.05725212022662163,0.7637922305402707,0.047009073,0.0,0.027280336,0.20853077,0.26648292,0.14188218,0.30881473,0.42938513,0.9760891,2.0774713,2.73731,0.12577629,0.72255963,0.18435603,1.5585778,1.3296156,2.0826442,0.3437306,0.49357954,Medullary_cords,137.92751719653333
TTGACCATGTTCTCCG-1,1,24,78,4897,13727.0,4897,4124.1772,Low,2,3,0,3,4,2,6,3,1812.3159216869446,0.6365141682948128,-0.2185480296611786,0.2459408278719314,-0.22918036580085754,0.22313697706813498,0.22005827724933624,0.24261105777194028,0.049943000078201294,0.7932528453123473,0.008364559151232243,0.9650092163432623,-0.2466045320034027,0.1889429605225694,0.12414542,0.0,0.50314236,0.12080316,0.0,0.0,0.25190905,0.21324134,0.4212768,2.2569735,2.7644622,0.31760204,0.6769713,0.56771815,1.4887204,0.805542,2.4716277,0.7880469,0.4969263,Medullary_cords,137.0
TTGACCGTGTTAATGA-1,1,50,34,5802,17692.0,5802,4326.086,Medium-Low,1,9,0,3,3,0,6,3,3984.9941028814583,0.0,-0.3170640468597412,0.08778389707874784,-0.3829001784324646,0.03675646018229735,0.08698208630084991,0.6476389879225279,0.07667219638824463,0.687168759801532,-0.16146503388881683,0.3939836286746539,0.09608796238899231,0.6134859864029483,0.03985558,0.0,0.26684028,0.21210428,0.035475265,0.0,0.44572458,0.22373581,0.81918395,2.0409632,2.7897863,0.11200775,0.52482736,0.16801164,1.1400489,1.0972148,2.3530374,0.66541135,0.4686738,Medullary_cords,276.84652788142387
TTGACGATTCAGCACG-1,1,9,51,6641,23590.0,6641,4389.657,Medium-High,3,8,0,0,1,5,0,3,4306.752140534674,0.6931471805599453,-0.5465465784072876,0.0017787532826289548,-0.2133753001689911,0.2575742554817158,-0.13417965173721313,0.4796220845985686,0.27382346987724304,0.14313445586115425,-0.06663759052753448,0.7264367000220134,-0.19857542216777802,0.2928234005765907,0.0886961,0.0025762457,0.22726512,0.33173522,0.12055492,0.22917236,0.0,0.32794464,0.6937743,1.8802094,2.7466094,0.3999902,0.6802802,0.23509452,1.437677,1.2816885,2.2469616,0.15350121,0.4157935,Medullary_cords,238.76766950322232
TTGACGCTCCATGAGC-1,1,41,101,5364,16821.0,5364,4043.5042,Medium-Low,2,10,0,2,0,4,2,4,964.5024624126162,0.45056120886630463,-0.6358991265296936,0.00015903348313616426,0.026898972690105438,0.8877935845843391,-0.5123456716537476,0.0037966064078612696,0.05499570071697235,0.7728547316352815,0.35099053382873535,0.05720087233601419,0.17386996746063232,0.3581556323588524,0.13410766,0.00516775,0.5499321,0.08868244,0.20689134,0.00016852931,0.015050184,0.50669825,0.27777717,2.1948428,2.6562018,0.11663926,0.4363723,0.36481512,1.3849722,0.73966825,2.9132898,0.3917201,0.36946547,Medullary_cords,138.42326394071193
TTGACTACCATATGGT-1,1,43,41,5669,17456.0,5669,4282.552,Medium-Low,1,9,3,6,3,6,7,5,3290.4718506621507,0.8675632284814612,-0.11693523824214935,0.5383020083727555,-0.20600108802318573,0.2747729518085728,0.21388325095176697,0.25641617730764305,0.11519385874271393,0.5444109078057514,-0.33483168482780457,0.0705080702198715,0.2011660635471344,0.28644253558454646,0.03695805,0.061494727,0.0044728415,0.1327029,0.30067357,0.42686868,0.03682931,0.38305917,0.6640019,2.091438,3.0116653,0.3218861,0.53510725,0.44690108,1.7176106,0.7703685,1.8189412,0.22645065,0.8221187,Medullary_cords,138.42326394071193
TTGACTATTGTCCGGC-1,1,46,104,5861,20470.0,5861,4117.862,Medium-High,0,10,7,5,0,4,4,0,1460.3944672587609,1.2424533248940002,-0.32977494597435,0.07513092052956666,0.13266552984714508,0.48463848795154824,0.23892490565776825,0.20353291768791343,0.011945050209760666,0.9500469762636038,-0.36619552969932556,0.0465632303067657,0.07689501345157623,0.6863053719124572,0.124786,0.08605119,0.13511294,0.14878587,0.2350611,0.0033141882,0.2668887,0.3116817,0.51780415,2.3087223,2.6934524,0.08520611,0.6744854,0.53096426,1.9119048,0.9349917,2.4488256,0.09945357,0.24684432,Medullary_cords,0.0
TTGAGAAGTTTAGCAT-1,1,55,87,4513,11800.0,4513,4014.284,Low,2,6,0,0,0,4,0,3,2038.0051521033993,0.6365141682948128,0.0648992657661438,0.7333121003011152,0.23290280997753143,0.21550292002621244,0.014200301840901375,0.9406308999963776,0.31650984287261963,0.08837036448110111,-0.2761504650115967,0.13963088692753314,-0.04315900802612305,0.8208496798936438,0.032290608,0.0,0.120379865,0.24047032,0.11542933,0.24680136,0.24462852,0.26165068,0.70359147,1.9717786,2.5230758,0.15346232,0.5594245,0.23019348,1.409183,1.3659537,2.365468,0.0,0.37828696,Medullary_cords,364.9465714320385
TTGAGAGTACTGCTAA-1,1,44,38,5336,15889.0,5336,4220.343,Low,3,9,2,0,3,6,5,6,3515.981939657825,0.45056120886630463,-0.1629483848810196,0.3895947946641729,0.023041635751724243,0.9038039625452745,0.24161940813064575,0.19832818957166606,-0.025117740035057068,0.8951818267845622,-0.09633428603410721,0.6125726223705887,0.2781182527542114,0.13671717428667193,0.09818707,0.00184167,0.12156163,0.56982493,0.18346395,0.008797205,0.016323587,0.1572232,0.9876928,1.8483883,2.8814397,0.06102693,0.4175156,0.32576358,1.355556,1.4281597,1.8097699,0.24410772,0.42680666,Medullary_cords,276.3494165001982
TTGAGCAGCCCACGGT-1,1,44,116,6247,26371.0,6247,3829.8584,High,2,10,5,2,0,4,2,4,2056.8998517186005,0.0,-0.07217781245708466,0.7046649917381315,0.09704598784446716,0.6099368425779257,0.017795637249946594,0.9256364518433555,0.37321919202804565,0.04221320803714294,-0.0021740347146987915,0.9909029653129767,3.879517316818237e-05,0.9998376620853486,0.07926547,0.002922899,0.3069398,0.19302589,0.2688705,0.1489754,0.0,0.2302524,0.7276629,2.287556,2.5641518,0.14111052,0.57913625,0.31645873,1.3996316,1.0837286,3.2564392,0.3310431,0.3278713,Medullary_cords,366.1816489121212
TTGAGCGCCACGTGAT-1,1,38,118,5118,15228.0,5118,4067.8198,Low,2,0,0,2,0,4,2,3,2065.006053259893,0.5004024235381879,0.042753297835588455,0.8225070924773731,-0.30626755952835083,0.099754440629168,0.04204252362251282,0.8254125580225895,-0.1084841638803482,0.5682487495800377,0.2660275399684906,0.1553363712898949,-0.08394013345241547,0.6592108950704562,0.1063093,0.0,0.120477565,0.216653,0.20348656,0.28112352,0.07195008,0.33401513,0.48853064,2.119344,2.6736968,0.12622419,0.46151406,0.44078064,1.2154922,0.9982952,2.3221664,0.3359285,0.34975082,Medullary_cords,414.40318531594323
TTGAGGCATTTAACTC-1,1,7,91,6107,20209.0,6107,4369.664,Medium-Low,0,12,7,1,6,3,1,0,3718.275541161521,1.3296613488547582,-0.2527952194213867,0.1777247834566768,0.10415880382061005,0.5838612587494852,-0.45846986770629883,0.010832881980250363,0.0926884114742279,0.6261489307869795,-0.29207006096839905,0.11731841138122535,-0.3958612382411957,0.030354952493768156,0.16303971,0.0,0.08120649,0.30422992,0.22724237,0.0036302328,0.22065128,0.26451272,0.6741564,2.1031446,2.6918538,0.2367498,0.81239915,0.53047967,1.837192,1.2352449,2.1726465,0.10050296,0.31566638,Medullary_cords,0.0
TTGAGTCCCGCTGCTG-1,1,39,119,5348,17659.0,5348,3950.6602,Medium-Low,2,0,0,2,0,4,0,3,2138.0949464418086,0.6365141682948128,0.19221201539039612,0.3088764692758651,-0.044782981276512146,0.8142230384369353,0.20689518749713898,0.27264912166626964,-0.10341234505176544,0.5865745990860038,-0.023029234260320663,0.9038554995933213,-0.05178599804639816,0.785796262845296,0.10350666,0.0019469718,0.23871198,0.3052195,0.20089413,0.016645353,0.13307545,0.31277996,0.8344623,2.2423592,2.709911,0.29236785,0.42561123,0.27485722,1.4562569,1.2832232,2.3805914,0.112176396,0.2757896,Medullary_cords,553.3263051762495
TTGATAGTCAATACAT-1,1,27,115,7132,27518.0,7132,4447.672,High,1,0,7,3,0,2,0,3,2278.688219129594,1.4941751382893083,-0.5232385993003845,0.003007407463950377,0.08178547769784927,0.6674545345990752,0.5280103087425232,0.0027089748996957826,-0.37597179412841797,0.040599723548679995,-0.3831143379211426,0.03664250387724384,0.10734789073467255,0.5723318319087269,0.045372542,0.05653001,0.0651653,0.2925488,0.27896068,0.006327555,0.25509512,0.56376857,0.88498896,1.8654635,2.897441,0.33932382,0.4809478,0.5404453,1.2842768,1.4453354,2.2247186,0.21407467,0.4553838,Medullary_cords,137.0
TTGATCTAACTTTGTC-1,1,29,47,5571,17589.0,5571,4200.4043,Medium-Low,5,3,3,1,1,2,1,1,3021.202740631618,0.45056120886630463,-0.1777142882347107,0.34745929261329006,0.1302836537361145,0.4925838778066833,-0.12218059599399567,0.5200997834251969,0.07201416790485382,0.7053049051505824,-0.3879851996898651,0.03412653738445124,0.30227717757225037,0.10447688438257521,0.08178383,0.28433213,0.1376667,0.09929623,0.04215415,0.0055671623,0.34919986,0.2369615,0.51380664,2.3458598,3.0666232,0.151204,0.5951052,0.22508202,2.0008214,0.9841359,2.2352517,0.11254101,0.6206553,Medullary_cords,0.0
TTGATGCCGCTCGTCG-1,1,70,34,5358,15643.0,5358,4236.9287,Low,3,4,2,0,5,0,5,6,5339.496980053458,0.45056120886630463,-0.2573961019515991,0.1696969957865022,-0.09381850808858871,0.6219276392726177,-0.004008176736533642,0.9832290022620197,0.038304295390844345,0.8407298706054485,-0.4233611226081848,0.019745389783406994,0.23701642453670502,0.20727572535904704,0.035990108,0.0,0.036002066,0.23997742,0.14417595,0.20139793,0.34245655,0.44569477,0.8269702,1.8704176,2.545977,0.25741512,0.46145427,0.26766318,1.1875098,1.5121887,1.8487338,0.24712354,0.5683731,Medullary_cords,364.24716882907956
TTGATGTGTAGTCCCG-1,1,24,90,5938,18137.0,5938,4387.8535,Medium-Low,3,5,2,0,4,2,0,6,1682.3450894510318,0.8675632284814613,-0.5953037738800049,0.0005199600699156139,-0.2597862184047699,0.16562961262782705,0.164399191737175,0.38532956903652793,0.17149275541305542,0.36486677206215246,-0.20092147588729858,0.2870411408118274,0.0906381607055664,0.6338368730604147,0.043241486,0.0033655462,0.028503297,0.32514533,0.19097069,0.014512971,0.3942607,0.25539854,0.7710173,1.7925236,2.697267,0.14780134,0.4939168,0.55396104,1.1103616,1.5106561,1.9205562,0.35382062,0.4836337,Medullary_cords,138.0
TTGATTAGCTGTTTCT-1,1,48,34,4861,15116.0,4861,3855.0115,Low,2,9,5,2,3,6,2,4,3905.2074208676804,0.45056120886630463,-0.05589998513460159,0.7692192468519333,-0.2315952330827713,0.21816398212600713,-0.0389995202422142,0.8378767092409615,0.05750207230448723,0.7627901986913261,0.20664668083190918,0.2732383522831189,0.23805837333202362,0.20522650667784376,0.036699146,0.0,0.3621995,0.30620986,0.0,0.007169925,0.2877216,0.43282056,0.6991606,1.963015,2.4162745,0.42270744,0.43245497,0.40113246,1.1002195,1.3913037,2.498534,0.4003086,0.4491196,Medullary_cords,499.16830828889766
TTGATTATGCAGATGA-1,1,27,33,5249,14835.0,5249,4255.7954,Low,1,11,4,6,1,6,7,5,4008.414274997034,0.6365141682948128,-0.010934531688690186,0.9542682854076612,-0.07785689830780029,0.6825826413891263,-0.26459982991218567,0.1576494220007818,-0.27603185176849365,0.1398079500041915,-0.16751497983932495,0.37626115788911163,0.2208748161792755,0.24082330473245722,0.06773101,0.0,0.0,0.14045924,0.29322603,0.21460284,0.28398094,0.3955113,0.54430765,2.1852465,3.0765238,0.21340835,0.25763234,0.25763234,1.7608438,1.1314665,1.760519,0.0,0.4739591,B_cell_zone,138.0
TTGCAAGAAGACTCCT-1,1,70,68,6959,26669.0,6959,4386.1436,High,1,4,3,6,2,1,7,5,4073.2367964556147,1.0114042647073518,0.18444344401359558,0.3292047289894596,-0.13265866041183472,0.48466130798753926,-0.07949056476354599,0.676276687049997,-0.1986183524131775,0.2927169323898278,-0.4897611141204834,0.006012550016361395,0.4083433151245117,0.02507619128235224,0.031393245,0.04299107,0.0432626,0.14416368,0.2381103,0.18066792,0.31941116,0.34710398,0.680714,2.0586946,2.8007703,0.30653924,0.56780154,0.2981824,1.61339,1.0038562,2.216748,0.45243025,0.5179288,Medullary_cords,137.55726080436466
TTGCACAATTCAGAAA-1,1,43,57,4889,13466.0,4889,4098.4897,Low,2,9,0,2,3,7,2,4,2215.906135196164,1.0114042647073518,-0.33645427227020264,0.06907242168976577,0.08129297941923141,0.6693441979389142,-0.19747507572174072,0.29556067518336226,0.16800585389137268,0.37484392949496553,0.020406803116202354,0.9147618527200114,0.29421812295913696,0.11452327100184222,0.13503109,0.0,0.15899056,0.19712235,0.36328217,0.0,0.14557382,0.11379525,0.54742193,2.2833083,2.8584409,0.36643663,0.43585974,0.26321512,1.6826179,1.0532049,2.6580753,0.13884614,0.1851282,Medullary_cords,137.55726080436466
TTGCACGGAGCAGCAC-1,1,21,59,6310,20123.0,6310,4492.226,Medium-Low,0,3,7,4,1,2,4,0,2851.133458819492,0.6365141682948128,-0.0837588757276535,0.6599028921108874,-0.04007721692323685,0.8334578989319058,0.39326149225234985,0.03156050734040053,-0.11679760366678238,0.5387836555595282,-0.3470558524131775,0.0602429849020705,-0.12122233957052231,0.5234025396255693,0.17258953,1.6732622e-07,0.042169277,0.26448962,0.22417392,0.0,0.29657748,0.1366993,0.6815989,2.3304327,2.8791425,0.31581378,0.41530064,0.43958527,2.2639613,0.98663276,1.8438979,0.17253396,0.24950884,B_cell_zone,0.0
TTGCATGCTGATCACG-1,1,41,35,5337,16710.0,5337,4103.5137,Medium-Low,3,9,0,0,3,6,5,6,3665.5194720530403,1.0986122886681096,-0.32320764660835266,0.08147970276221563,-0.13675400614738464,0.47115491379383834,-0.010809937492012978,0.954788847657398,0.07000712305307388,0.7131691404631173,0.19998273253440857,0.2893460314929504,0.3886093497276306,0.03381448356646162,0.04368027,0.092629716,0.0009952161,0.44104704,0.2761955,0.0,0.1454522,0.11725767,0.94633776,1.8555386,2.732158,0.11725767,0.54569036,0.17588651,1.1369207,1.8140874,2.052895,0.23451534,0.36189824,Medullary_cords,275.0
TTGCCAAGCAGAACCC-1,1,44,114,6978,33238.0,6978,3798.1238,High,2,10,5,2,0,4,2,4,1929.3752874959293,0.0,0.024822844192385674,0.8964058496235887,0.19334650039672852,0.3059749726509999,0.08389773219823837,0.6593727478640867,0.3022281527519226,0.10453592800839827,-0.0081782266497612,0.9657882291386162,0.08615748584270477,0.650768052637346,0.052650917,0.042764742,0.23664796,0.18905422,0.16993597,0.2132805,0.09566562,0.33791783,0.597597,2.3321736,2.4928927,0.2639276,0.5795535,0.34533712,1.4266676,0.9739671,3.168274,0.19726945,0.5386927,Medullary_cords,365.7608508301565
TTGCCATAGCCCGCTC-1,1,54,24,5464,20069.0,5464,3755.653,Medium-Low,2,9,5,2,5,0,2,4,4804.386537321909,0.0,-0.15044741332530975,0.42745621271906564,-0.10059383511543274,0.5968691765580055,0.027570661157369614,0.8850098957323561,-0.0062296949326992035,0.9739363029904065,0.010963698849081993,0.9541464258660147,-0.231474369764328,0.2184110739644858,0.019262837,0.053165596,0.18027732,0.19346239,0.14111353,0.13921055,0.27350774,0.22350386,0.7075105,2.0590813,2.657831,0.13696814,0.62289214,0.13696814,1.1828704,1.4093685,2.9180782,0.3032388,0.40238154,Medullary_cords,365.0986168146902
TTGCCCTGATCACGGG-1,1,36,34,2950,7380.0,2950,3348.7354,Low,5,7,6,5,3,6,3,5,3725.1072467782724,0.8675632284814612,-0.035121794790029526,0.8538154000388957,0.09481578320264816,0.6182122148577668,-0.0335063599050045,0.8604724053436004,0.07872937619686127,0.6792122370646676,-0.14565271139144897,0.4424970668656108,0.2278895378112793,0.22582640518334154,0.031976897,0.25596517,0.12298728,0.2105906,0.17193446,0.0,0.20654553,0.0,0.57685757,1.902817,2.872052,0.0,0.6493602,0.21413663,1.2395499,1.0599313,2.0779803,0.21413663,0.28551552,Medullary_cords,364.6601157242179
TTGCCGCAGACCTACA-1,1,62,18,7473,29844.0,7473,4586.0547,High,4,1,1,4,5,0,4,7,5610.747722006399,0.8675632284814612,-0.5843837857246399,0.0006964939251788014,-0.049383744597435,0.7955191068269117,-0.0951521247625351,0.6169612209063438,0.11114561557769775,0.5587370128158333,-0.009612546302378178,0.9597925208668343,0.3280563950538635,0.07675413691621583,0.09863569,0.0,0.1504811,0.09271584,0.19063793,0.29887262,0.16865681,0.12301399,0.5483666,2.043417,2.657559,0.14449821,0.45785627,0.89072,1.7576007,0.9373532,2.064638,0.07224911,0.4286549,Medullary_cords,138.0
TTGCCGCTTTCTAGTA-1,1,62,78,4451,11370.0,4451,4053.986,Low,2,6,0,3,2,1,6,3,2956.4996194824716,0.6365141682948128,0.07945923507213593,0.6763974197110779,0.15894612669944763,0.4015008347876763,-0.1431133896112442,0.45057720605548485,-0.04999631643295288,0.7930368781890796,-0.11650978028774261,0.5397915426187905,-0.08767993748188019,0.6449954789361324,0.054049253,0.0028255093,0.15771705,0.1546635,0.3448368,0.0,0.2859079,0.4826322,0.42055213,2.0453987,2.6928167,0.3634879,0.57661283,0.28830642,1.3121955,0.8066504,2.140487,0.57661283,0.2103366,Medullary_cords,275.0018181758077
TTGCCGGTGATCCCTC-1,1,11,97,5584,17692.0,5584,4212.4087,Medium-Low,1,12,3,7,4,3,8,5,3292.3804458172813,0.6365141682948128,-0.2595583498477936,0.16601437027804256,-0.1797494739294052,0.341875287368605,0.12348802387714386,0.5156100088329184,-0.032779511064291,0.8634707464476207,-0.02315555512905121,0.9033305641739853,-0.13928425312042236,0.4629094133716286,0.06511418,0.0,0.0,0.15859306,0.27545366,0.30203876,0.19880036,0.4026855,0.7309447,1.9647124,2.847141,0.16801926,0.99982065,0.11201285,1.4613483,1.3007443,2.1416264,0.11201285,0.25212178,Medullary_cords,138.42326394071193
TTGCCTAATCCAAAGT-1,1,69,21,7316,28475.0,7316,4458.538,High,5,1,4,3,5,0,1,1,5921.421619847721,1.0114042647073518,-0.4208965003490448,0.020549687726361874,-0.016758505254983902,0.9299595021073351,0.06472601741552353,0.7339984494590004,-0.03915175423026085,0.837252217569042,-0.15541376173496246,0.4121783538173977,0.3081320524215698,0.09760386166394908,0.09697751,0.11700987,0.08212803,0.18803878,0.32428017,0.05886851,0.13269703,0.28005496,0.5482693,2.1928172,2.8975923,0.17937101,0.40143627,0.45093662,1.8326677,1.0891017,2.0145113,0.07524554,0.6503886,Medullary_cords,0.0
TTGCCTTCTCGCCGGG-1,1,68,104,4685,16653.0,4685,3463.7627,Medium-Low,2,13,5,2,7,1,3,4,3758.6408447735466,0.5982695885852573,0.06392190605401993,0.7371866799616547,0.30383846163749695,0.10260959479805377,-0.11448400467634201,0.5469104402696691,-0.06307882070541382,0.7405340354408244,-0.416665256023407,0.021993365141117195,-0.03746533393859863,0.8441755503504249,0.030846981,0.06124078,0.08267396,0.14641401,0.3127466,0.14833094,0.21774673,0.09861311,0.6235757,2.3395138,2.5205343,0.09861311,0.36923528,0.31480408,1.5070217,0.9659843,2.922964,0.117577836,0.59142995,Medullary_cords,767.1297152372603
TTGCGGAAAGCTGCCC-1,1,76,42,6096,20482.0,6096,4284.1074,Medium-High,3,4,0,0,5,0,0,3,5545.054102531372,0.7356219397587946,-0.39965999126434326,0.028660860324562693,0.21810464560985565,0.2469241160401143,-0.03931040316820145,0.8366015137322872,-0.2701863944530487,0.14873750929764032,-0.0009249299764633179,0.9961296564581623,-0.08819558471441269,0.6430448902422888,0.049085222,0.13141939,0.18056592,0.24338087,0.14075446,0.0,0.25479406,0.43388537,0.7022114,2.1394014,2.6451032,0.049704745,0.8439681,0.3169638,1.5970967,1.0765209,2.1794088,0.42435834,0.31238288,Medullary_cords,137.00364958642524
TTGCGGCATCAGAAAG-1,1,53,45,6333,26131.0,6333,3822.7932,High,2,9,5,2,5,7,2,4,3462.1439889178496,0.45056120886630463,0.1722760647535324,0.3626472468519579,-0.2637348175048828,0.15906277974624064,0.08398750424385071,0.6590300905472304,0.006697415374219418,0.9719801958188878,-0.36273810267448425,0.048831675962808165,0.11722080409526825,0.5373033329205208,0.059646036,1.230789e-05,0.2750583,0.16757557,0.30183703,0.0,0.19587076,0.5898948,0.48959777,2.2201486,2.7965224,0.12151082,0.57635176,0.39365953,1.4464217,0.9956794,3.2331572,0.6053809,0.43693274,Medullary_cords,630.7154667518469
TTGCGGCGACTCATGC-1,1,2,66,5962,19997.0,5962,4327.968,Medium-Low,4,5,1,4,6,3,4,7,4569.955032601524,0.6365141682948128,-0.4678805470466614,0.009125882046451239,-0.06321097165346146,0.740009039360674,0.35873502492904663,0.05156669088915153,-0.05353868752717972,0.7787222402180661,0.08981947600841522,0.6369172688662008,-0.01932644471526146,0.9192594527307704,0.22251447,0.14719167,0.22818536,0.27362144,0.008185466,0.00011145831,0.12019008,0.0,0.54508364,2.2022989,2.5918121,0.10137878,0.51184493,0.9431287,1.9429636,0.885198,2.1013548,0.0,0.15273014,Medullary_cords,0.0
TTGCGTAGTTTGAGGA-1,1,25,19,7015,25483.0,7015,4470.1123,High,3,11,0,0,1,6,0,3,4997.802917282754,0.45056120886630463,-0.05179764702916145,0.7857491905260943,0.24022261798381805,0.20101463674466738,-0.21521104872226715,0.25340509357779817,-0.06101419776678085,0.7487508618277681,-0.5098513960838318,0.004000451365611593,0.056531019508838654,0.766685139468235,0.002880294,0.0,0.102542475,0.22891866,0.26961815,0.16389729,0.23214312,0.3234187,0.75274277,1.7040423,2.6680765,0.14483608,0.6910055,0.3103627,1.0937457,1.4357541,2.1209354,0.0,1.0942625,Medullary_cords,365.0986168146902
TTGCGTCGGCCAACCG-1,1,51,41,6645,25023.0,6645,4263.906,Medium-High,2,9,5,2,5,7,2,3,3590.0676873841808,0.6365141682948128,-0.0619596466422081,0.7449847376725292,-0.4376166760921478,0.01558651078711507,-0.051619477570056915,0.7864692355018654,0.3024306297302246,0.10429223422252938,-0.3215073049068451,0.08318863572319433,0.12812550365924835,0.4998395318529367,0.0826641,0.0,0.24204753,0.14548191,0.1875408,0.0,0.3422656,0.40770292,0.54763776,2.3689153,2.7334743,0.24152705,0.51977783,0.31243742,1.670335,1.0980024,2.550276,0.23089692,0.39819244,Medullary_cords,631.8892307991963
TTGCGTGAACGCTTAG-1,1,14,96,6217,23348.0,6217,4161.3267,Medium-High,3,12,3,7,4,3,8,2,2926.9970960012924,0.6365141682948128,-0.13409489393234253,0.47990218430898274,-0.15222659707069397,0.4219474649816314,0.12587067484855652,0.5074770672007645,-0.08176369220018387,0.6675380812099773,-0.11398100852966309,0.5486848305913579,-0.24019037187099457,0.20107695053325572,0.14085841,0.0021979285,0.008703494,0.2438545,0.47157955,0.0,0.13280609,0.46048152,0.5209716,2.2385263,2.817492,0.25559577,1.8170335,0.25559574,1.3376124,1.0070657,1.9339421,0.08912482,0.16254471,Medullary_cords,238.76766950322232
TTGCGTGTGTAGGCAT-1,1,69,83,3400,7891.0,3400,3699.2249,Low,5,6,3,1,2,1,1,1,3729.0777680279075,0.6931471805599453,0.13716775178909302,0.46980139680635363,-0.033031053841114044,0.8624328889732511,-0.3361237645149231,0.06936299537517598,0.1223355084657669,0.5195668128390981,0.32081741094589233,0.08388978817018425,0.3751247525215149,0.04109087944214586,0.05649554,0.25944,0.06294145,0.05775308,0.33113638,0.0,0.23223348,0.26018494,0.49659866,2.048439,2.8090904,0.10233958,0.5203699,0.22542706,1.5739253,0.56210136,2.040527,0.0,0.13645278,Medullary_cords,137.92751719653333
TTGCTAGCTACCAATC-1,1,3,29,5670,18217.0,5670,4200.372,Medium-Low,3,8,2,0,1,5,5,6,5836.2800652470405,0.45056120886630463,-0.715262770652771,8.911418318383798e-06,-0.11537861078977585,0.5437612417682189,0.138932466506958,0.4640512328166516,-0.013978607021272182,0.9415561879602391,-0.32545357942581177,0.07926384207656063,0.12851600348949432,0.4985227199350133,0.065597795,0.002548187,0.14119607,0.32017404,0.22512014,0.20281023,0.042553566,0.50619024,0.7487669,1.9040926,2.6631267,0.23784342,0.70092106,0.2925396,1.5839884,1.4168651,2.1406987,0.2187847,0.23515432,Medullary_cords,238.40302011509837
TTGCTCCCATACCGGA-1,1,22,72,5982,19234.0,5982,4351.9575,Medium-Low,5,3,7,7,4,2,8,2,2209.7069941510345,1.0114042647073518,-0.1027529314160347,0.5889761194863499,0.0061087049543857574,0.9744423335955281,0.07133902609348297,0.7079470503699531,0.4352976381778717,0.016208552710292957,-0.16884654760360718,0.3724239757509067,-0.09355423599481583,0.6229137384424023,0.10223251,0.08664118,0.025935609,0.20035756,0.2760343,0.22586063,0.0829382,0.08911133,0.81838214,2.2079473,2.720366,0.14144516,1.3743036,0.5178744,1.6440915,1.0016708,2.0532267,0.104667656,0.29621297,Medullary_cords,137.0
TTGCTGAAGGAACCAC-1,1,19,57,6362,20512.0,6362,4509.717,Medium-High,0,3,4,4,1,2,4,0,3119.009618452627,0.6365141682948128,0.3595700263977051,0.05098642394865428,0.11547598987817764,0.5434189626601844,0.14891400933265686,0.43223556383409895,0.17409509420394897,0.3575239036397194,0.13030630350112915,0.4925080139256227,0.12400277704000473,0.5138475527393167,0.13962713,0.085030355,0.05703533,0.24121793,0.15113308,0.23479678,0.091159426,0.20399798,0.70270145,2.363644,2.953487,0.099285476,0.5448308,0.24737962,2.2531574,1.023576,2.034314,0.0,0.34878075,B_cell_zone,0.0
TTGCTGATCATGTTCG-1,1,33,57,4599,12750.0,4599,3964.9414,Low,1,3,3,5,1,2,3,5,2215.823548931638,0.0,0.1234249621629715,0.5158261286566977,0.2184390127658844,0.24618235258442708,-0.13333818316459656,0.48240662412455754,-0.14869676530361176,0.43291503244150353,-0.013878769241273403,0.941972905458894,0.1423872709274292,0.45290215072202133,0.021825233,0.0017708476,0.1935863,0.025351666,0.2746884,0.018360527,0.464417,0.23381977,0.3217621,1.8784828,2.7249913,0.07239647,0.47992772,0.44084316,1.2174772,0.7371392,2.1282551,0.4473075,0.36217487,Medullary_cords,276.3494165001982
TTGCTGCACCTATCCA-1,1,22,20,6062,21367.0,6062,4180.602,Medium-High,2,11,0,0,1,6,0,3,5057.494438948994,1.2424533248940002,-0.18024618923664093,0.3405207202722333,0.022476879879832268,0.9061513115873876,-0.12729305028915405,0.5026524770806458,-0.24236853420734406,0.19689766526318037,-0.36616599559783936,0.046582246457184,0.3332851827144623,0.07189782452438184,0.09283906,0.0,0.1344687,0.23342031,0.38239244,0.0,0.15687945,0.34503692,0.76766354,2.2117286,2.8294928,0.21315506,0.7572678,0.49383798,1.5640651,1.0520674,2.3808992,0.095980905,0.3678043,Medullary_cords,238.76766950322232
TTGCTGGCCGGGCTTC-1,1,8,78,5778,18800.0,5778,4210.777,Medium-Low,5,5,4,1,6,3,1,1,3658.0172224854273,0.6365141682948128,-0.34912508726119995,0.05862773345957699,0.018066544085741043,0.9245075748058837,-0.3508686423301697,0.05729326437299706,-0.02451518550515175,0.8976830955811315,0.15576376020908356,0.4111133443082955,0.2761709988117218,0.13960025112087915,0.22747174,0.00517706,0.16160443,0.18647522,0.25514036,0.00797181,0.1561594,0.053317126,0.54352874,2.1260562,2.8195992,0.053317126,0.88886005,0.3571595,1.7607317,1.1063559,1.9478663,0.2132685,0.38370928,Medullary_cords,137.55726080436466
TTGGAAGAATACAGTC-1,1,50,24,5990,22736.0,5990,3832.1816,Medium-High,2,7,5,2,3,6,2,4,4634.037979991101,0.0,0.13370490074157715,0.48119208338909514,0.10566969960927963,0.5783862122151447,0.14319665729999542,0.45031100193576734,-0.20127719640731812,0.2861708119079429,-0.22793683409690857,0.22572747958455866,0.05912397429347038,0.7562973557332016,0.05041749,0.0,0.28675687,0.09185047,0.1659046,0.16174358,0.243327,0.26686487,0.46802568,2.2313323,2.638647,0.21801156,0.4213571,0.39965212,1.4979904,0.9156462,2.9929578,0.4206869,0.42051804,Medullary_cords,478.0345175821512
TTGGACATGTGGCTTA-1,1,41,29,5098,17446.0,5098,3759.9678,Medium-Low,2,7,3,5,3,6,3,4,4076.734109553872,1.0114042647073518,-0.2524866461753845,0.17827259018439953,0.0676807090640068,0.7223209100415094,-0.2607499361038208,0.164009380239542,0.20620796084403992,0.2742806025770088,-0.21805715560913086,0.24702958820556406,0.00022121390793472528,0.9990743333721089,0.04229121,0.06957719,0.11130277,0.1303639,0.105148904,0.3039549,0.23736113,0.26224437,0.5643474,2.0871725,2.578138,0.22566587,0.49053374,0.396553,1.267854,0.9785597,2.294935,0.0,0.5723802,Medullary_cords,239.00209204105306
TTGGACCATCTGGCAA-1,1,51,105,5364,16323.0,5364,4127.1733,Medium-Low,2,10,0,2,0,4,0,3,1948.4098644792373,1.0114042647073518,-0.3665436804294586,0.04633953117971752,0.0461152046918869,0.8087962318821831,0.10616795718669891,0.5765856890506456,0.0032470100559294224,0.9864135478561883,-0.2345859259366989,0.21211024649504148,0.45153236389160156,0.012256397026255498,0.069338985,0.0,0.18450646,0.21416885,0.14327635,0.012015678,0.37669364,0.4600239,0.7402969,2.2512722,2.780514,0.27428293,0.50465035,0.49468115,1.6619875,1.3458784,2.5650182,0.31943595,0.55922735,Medullary_cords,239.00209204105306
TTGGACCTATAACAGT-1,1,56,86,6506,23393.0,6506,4406.268,Medium-High,3,6,2,0,2,1,5,6,2161.0351686171143,0.45056120886630463,0.09523561596870422,0.616650844997477,0.21833749115467072,0.2464074129029463,0.029788069427013397,0.8758299518589654,0.36261895298957825,0.048911385577980956,-0.3913593292236328,0.03246692643605031,-0.006545357406139374,0.972616117905128,0.0821727,0.0,0.18319818,0.4151023,0.0,0.25491646,0.064610295,0.262032,0.96006614,1.7100006,2.591196,0.32560977,0.5528868,0.4243045,0.82066405,1.4119781,1.9228494,0.17796114,0.57099694,Medullary_cords,413.0012106519786
TTGGAGTCTCCCTTCT-1,1,8,44,5920,18932.0,5920,4327.279,Medium-Low,1,8,0,3,1,5,0,3,4699.230256116421,0.6365141682948128,-0.6137343645095825,0.00030981590538167546,-0.23676195740699768,0.20777831457802756,-0.10205576568841934,0.5915197830939032,0.31499895453453064,0.08998437217251241,0.011490177363157272,0.9519469909027564,0.09697287529706955,0.610207394527941,0.062483713,0.0,0.17375776,0.37909105,0.18537937,0.0,0.19928803,0.38874778,0.8604107,1.6399927,2.9282258,0.17170908,0.43353853,0.33927622,1.0219195,1.2111534,2.1600451,0.2373945,0.33062,Medullary_cords,728.9478719359842
TTGGATATCGTCTACG-1,1,48,52,5184,15280.0,5184,4085.3914,Low,3,9,0,0,3,7,0,6,2752.315570569625,0.6931471805599453,0.2827081084251404,0.13009369865010517,-0.178104966878891,0.34638314495673284,-0.23781444132328033,0.20570499927035896,-0.08895757794380188,0.6401666809135537,-0.05055386573076248,0.7907793299885236,0.23984242975711823,0.20175017631455266,0.062544964,0.0026823117,0.09269305,0.42717758,0.06599294,0.0077446266,0.3411645,0.22367606,0.7392726,1.9287531,2.7671106,0.25174734,0.5936174,0.25174734,1.3312925,1.2053581,2.1312783,0.12587367,0.43280798,Medullary_cords,238.76766950322232
TTGGATCGACTTCTGG-1,1,10,60,5450,16568.0,5450,4201.27,Medium-Low,5,8,4,1,6,3,1,1,3867.819282231268,1.3296613488547582,-0.3704349100589752,0.043897003199952024,-0.2030470371246338,0.2818656798000206,-0.1156604215502739,0.5427709791786883,0.22553575038909912,0.23078660410818364,0.19209468364715576,0.30917752817489014,0.16066746413707733,0.39635506524343916,0.11511908,0.0031446186,0.105149664,0.13081294,0.25783348,0.03196624,0.35597393,0.11806427,0.6537719,2.2418551,2.9079847,0.0,0.5902181,0.45489877,1.823957,0.91980314,1.9663169,0.11806427,0.4764487,Medullary_cords,0.0
TTGGATTGGGTACCAC-1,1,17,55,6205,19971.0,6205,4456.43,Medium-Low,5,8,4,1,1,5,1,1,3388.9274114386103,1.0114042647073518,0.16343265771865845,0.3881680734041785,-0.20718394219875336,0.27196549238395307,-0.03164621442556381,0.8681494307494845,-0.3356866240501404,0.06974877374428262,-0.40692445635795593,0.025635465369275603,0.2472783923149109,0.18769848972208455,0.24130622,0.006563915,0.0,0.49537042,0.1939215,0.027537458,0.03530046,0.41234455,0.6771604,2.25769,2.8119807,0.21614039,0.66452456,0.24346668,1.8469664,1.092282,1.7834643,0.1734745,0.40383688,B_cell_zone,0.0
TTGGCCAAATTGTATC-1,1,74,86,4572,12124.0,4572,4064.0981,Low,0,6,7,1,2,1,4,0,4314.8694070620495,1.0114042647073518,-0.0924297422170639,0.6271167847573833,0.1476154327392578,0.43630576638565993,0.15261350572109222,0.4207547410845646,0.10558044910430908,0.5787089950103305,0.17652463912963867,0.3507486139426909,0.29950588941574097,0.1078539765303371,0.11492399,0.12212591,0.0,0.12915844,0.39645398,0.0,0.23733766,0.075189166,0.6328902,2.3898332,2.8694577,0.075189166,0.40788025,0.347376,2.0943131,0.65116966,2.4083812,0.15037833,0.16241132,Medullary_cords,0.0
TTGGCCATCTTGCGCT-1,1,17,21,6851,25229.0,6851,4431.507,Medium-High,5,11,7,1,1,5,1,1,5253.183796518069,1.3296613488547582,-0.49068188667297363,0.005904402011209091,-0.11200493574142456,0.5556815942196828,-0.0011009909212589264,0.9953929414940744,-0.032065365463495255,0.8664184968262485,-0.4230852723121643,0.019834098499992098,0.016973456367850304,0.9290633624452882,0.079870775,0.00042557463,0.049271528,0.16437224,0.21861511,0.15890954,0.3285353,0.2793506,0.53115356,2.2378967,2.7917063,0.15644193,0.49813017,0.4710626,1.8525656,1.0153255,2.1187477,0.16694337,0.56291586,Medullary_cords,0.0
TTGGCCTAGAATTTCG-1,1,16,82,5775,19624.0,5775,4207.3794,Medium-Low,3,5,2,7,4,3,8,2,2667.11773268448,0.0,-0.4273196756839752,0.0185080247044692,-0.4058910608291626,0.02604918316970624,-0.2804355323314667,0.13334311623311998,0.1593034267425537,0.40042961643855474,0.010110326111316681,0.957712199836275,-0.07914207875728607,0.6776200612995152,0.07650606,0.0,0.0,0.47564492,0.19771156,0.25013742,0.0,0.25527933,1.0637707,1.544639,2.3896732,0.22714937,1.4340713,0.33010727,0.94173706,1.6846889,1.646567,0.0,0.30206564,T_cell_zone,414.40318531594323
TTGGCTCAATATGTGT-1,1,65,113,4747,13141.0,4747,3995.3125,Low,1,13,5,5,7,1,3,5,3663.6513207454664,0.5004024235381879,-0.1964426189661026,0.2981437405494786,0.0337689071893692,0.8593898304458648,0.2060818374156952,0.2745807035843102,0.06090390309691429,0.7491905834104392,-0.48251402378082275,0.006924120609977649,0.06601313501596451,0.7289041736431692,0.05455563,0.0,0.22120608,0.092022955,0.21041748,0.0,0.42179787,0.3607929,0.32070482,2.086308,2.6998382,0.07073361,0.5590886,0.25709647,1.4822803,0.7426628,2.6203475,0.14146721,0.5568285,Medullary_cords,238.76766950322232
TTGGCTCGCATGAGAC-1,1,23,37,5649,17428.0,5649,4281.9956,Medium-Low,1,11,0,6,1,5,7,5,3943.623841088295,1.0114042647073518,-0.4084784984588623,0.025023430714565007,0.30977150797843933,0.09574194572516306,0.25862669944763184,0.16759407767304088,-0.21491682529449463,0.2540702961347978,0.1628255993127823,0.38995701300151886,0.18877467513084412,0.3177721744410863,0.03683204,0.117917195,0.056284197,0.120034344,0.11495369,0.0,0.5539785,0.3509504,0.37057227,2.1357284,3.1410844,0.34331366,0.5009417,0.39999944,1.4774637,0.82945794,1.9926761,0.113371566,0.52098906,Medullary_cords,138.42326394071193
TTGGGAAGACGAGCCG-1,1,68,64,6294,25441.0,6294,3859.2412,High,2,4,5,2,2,1,2,4,3955.382788049723,0.6365141682948128,0.06560724228620529,0.73050944477308,0.05728793144226074,0.7636486441104379,-0.3196539282798767,0.08508248830339414,-0.10303454846143723,0.5879499728023108,-0.28322499990463257,0.12936280611906611,0.2414231151342392,0.19870421354051473,0.0780129,0.0,0.22028051,0.2262942,0.2846379,0.005579735,0.18519485,0.33773887,0.55080366,2.1528978,2.7043974,0.30868435,0.61896586,0.2009752,1.1447029,0.8564948,3.0285802,0.16575365,0.4076665,Medullary_cords,414.77222664976017
TTGGGACACTGCCCGC-1,1,28,70,4301,10656.0,4301,4064.1064,Low,3,3,0,0,4,2,0,6,1722.8464818433474,0.6365141682948128,-0.27835848927497864,0.1363645155445814,-0.2563071846961975,0.17157333594695495,-0.3288100063800812,0.07603903744114715,-0.1730806827545166,0.3603756840803781,0.15605902671813965,0.410216080773156,-0.22519725561141968,0.2315058938432475,0.05223406,0.00032183042,0.15661931,0.30484676,0.15863585,0.0,0.32734215,0.21482348,0.6748137,1.9001321,2.6218374,0.24820602,0.62850016,0.4155839,1.0610375,1.1695873,2.3245792,0.42964697,0.3967451,Medullary_cords,275.4813968310746
TTGGGACGTAAGAGTT-1,1,51,109,4760,14067.0,4760,3840.8445,Low,2,10,5,2,0,4,2,4,2125.4213699876077,0.0,-0.08716528117656708,0.6469446245688014,0.315656453371048,0.08927926516814737,0.07051394879817963,0.7111804786340471,-0.08008971810340881,0.6739692958703798,-0.05460585653781891,0.7744234775875897,0.2326805740594864,0.21595362824757613,0.0086448295,0.060009155,0.13512307,0.16344097,0.16201672,0.355448,0.11531725,0.34896305,0.81379956,2.162754,2.5622194,0.17770627,0.7058163,0.2014009,1.2991256,1.0630141,2.9207344,0.35541254,0.8148773,Medullary_cords,275.98007174431996
TTGGGCGGCGGTTGCC-1,1,30,76,5661,16212.0,5661,4424.6074,Medium-Low,5,3,7,1,4,2,1,1,1264.7213131753572,1.3296613488547582,-0.2516278028488159,0.17980353522574608,0.014670975506305695,0.9386667012774057,0.07123778015375137,0.7083435606230137,0.04804226756095886,0.8009617703378441,-0.041435226798057556,0.8278968277619243,-0.10600829124450684,0.5771623920683605,0.07269664,0.0015140303,0.046432726,0.12498591,0.21040872,0.3061376,0.23782437,0.21548054,0.7255703,2.317572,2.7808976,0.10045486,0.723215,0.3111106,1.8764899,1.262257,2.0538187,0.32102615,0.4686764,Medullary_cords,0.0
TTGGTATGGCTTGTGT-1,1,33,117,4545,12157.0,4545,3982.9363,Low,2,0,0,3,0,4,2,3,2084.138671010161,0.6365141682948128,-0.216132253408432,0.25132978297832553,-0.3059679865837097,0.10010328383173817,0.10261783748865128,0.5894686473111994,-0.07552221417427063,0.6916309086360128,-0.20015500485897064,0.288922172135454,0.11223523318767548,0.5548640555869295,0.046484087,0.002897198,0.19918887,0.05896828,0.1378524,0.37704042,0.17756873,0.18204415,0.78769904,2.2375758,2.736247,0.15006208,0.45369685,0.45018625,1.7482285,0.9791335,2.5323563,0.39324334,0.87688893,Medullary_cords,239.26763257908496
TTGGTCACACTCGTAA-1,1,48,48,4706,12519.0,4706,4111.195,Low,3,9,0,0,3,7,0,3,3002.419857381709,1.2424533248940002,-0.042206522077322006,0.8247419716367198,-0.111913301050663,0.5560070450055583,-0.034761764109134674,0.855298206133808,0.3252601623535156,0.0794528270502121,-0.4591391980648041,0.010703208685719218,0.0008153989911079407,0.9965879829756057,0.0696681,0.0018760716,0.04033791,0.3436817,0.21544892,0.0,0.32898727,0.41425693,0.85232294,2.0379872,2.6605318,0.14677799,0.5781334,0.2661001,1.3641324,1.559307,2.0316293,0.0,0.40756786,Medullary_cords,137.92751719653333
TTGGTTGCGGTGCGCG-1,1,53,23,5318,17583.0,5318,3880.9482,Medium-Low,2,7,5,2,5,0,2,4,4821.80090837438,0.0,0.13053710758686066,0.4917352887322985,0.08830563724040985,0.6426288843428524,0.07371538877487183,0.6986621741959204,-0.08627021312713623,0.6503399478276687,0.19056501984596252,0.3131192214439498,0.07089687138795853,0.7096792132379776,0.080156565,0.09568061,0.3224432,0.28297576,0.0,0.0,0.21874389,0.21422136,0.6974199,2.2267714,2.5460775,0.056283392,0.7074189,0.33196208,1.4066412,1.2552452,2.8305545,0.4150384,0.39936358,Medullary_cords,496.9557324349926
TTGTAAGGACCTAAGT-1,1,46,32,5014,14952.0,5014,4018.6697,Low,3,9,2,0,3,6,0,6,3971.7663576801697,1.0114042647073518,-0.08855216950178146,0.6416973605135589,-0.17493502795696259,0.3551728210031456,-0.0006027510389685631,0.9974777998054993,0.018381699919700623,0.9231944918040965,0.002999875694513321,0.9874475472769377,0.3625216782093048,0.0489765376513884,0.044974674,0.107885204,0.12857531,0.4298043,0.28876048,0.0,0.0,0.18360686,0.9138545,1.6827862,2.500048,0.2763092,0.32965025,0.23418003,0.83979774,1.5181873,2.6129284,0.0,0.36841226,Medullary_cords,364.9465714320385
TTGTAAGGCCAGTTGG-1,1,27,81,4619,11642.0,4619,4155.8096,Low,1,3,0,3,4,2,0,3,1402.5266485881828,1.2424533248940002,-0.08324458450078964,0.6618678246487067,-0.31118687987327576,0.09415624202858068,0.14025552570819855,0.4597645859226432,-0.15126702189445496,0.4249136199600173,0.09890034049749374,0.6030917592914545,-0.010022470727562904,0.9580793455929802,0.026084898,0.00016246119,0.03977081,0.1771412,0.38582334,0.24994697,0.12107036,0.34129164,0.82855505,1.92763,2.5781953,0.15504386,0.31438607,0.59014195,1.1422467,1.2743413,2.3765488,0.0,0.68505406,Medullary_cords,137.92751719653333
TTGTAATCCGTACTCG-1,1,35,55,4968,15668.0,4968,3878.541,Low,1,9,3,5,3,7,3,5,2299.412968563933,0.5623351446188083,-0.10173539817333221,0.5926902665421133,0.25699570775032043,0.17038522692581506,-0.16511107981204987,0.38324659559935587,0.03927980363368988,0.8367270105173723,0.20873868465423584,0.26830370354036265,-0.16591423749923706,0.3809044132042215,0.089145064,0.0,0.11409233,0.07914793,0.12155922,0.0,0.59605545,0.35997346,0.521084,2.2137225,2.6150837,0.123412386,0.3907859,0.24682477,1.538928,0.8763033,2.350144,0.123412386,0.13711156,Medullary_cords,138.42326394071193
TTGTATCACACAGAAT-1,1,12,74,7675,36411.0,7675,4306.6343,High,2,5,3,0,6,3,0,2,3259.9670243730993,1.0114042647073518,-0.4431160092353821,0.014190351938028926,-0.19755584001541138,0.2953592131941216,-0.3400600552558899,0.0659633474201004,0.16123823821544647,0.39465713914149214,0.08586044609546661,0.6518966429133249,-0.1773681640625,0.3484143897716499,0.03325919,0.0023629772,0.19111837,0.18125166,0.35553768,0.09914105,0.13732906,0.3992376,0.53139514,1.8541992,2.7019625,0.1990343,1.1483555,0.6975379,1.000513,0.81525195,2.6485586,0.121335745,0.5265697,Medullary_cords,238.90793205751876
TTGTCGTTCAGTTACC-1,1,22,58,5777,17801.0,5777,4343.097,Medium-Low,0,3,4,1,1,2,1,1,2817.236411805016,0.6931471805599453,0.039796385914087296,0.8346088988796464,0.09948061406612396,0.6009564933439435,0.48213130235671997,0.0069753536733742905,0.0646485686302185,0.7343053393973297,-0.004134598188102245,0.9827001072772482,-0.2560068964958191,0.1720933416245589,0.17396711,0.11545574,0.0,0.23567536,0.26391652,0.0,0.21098536,0.11145434,0.42336214,2.5310125,2.9764335,0.11145434,0.65548354,0.46690607,2.375177,1.035498,2.0118065,0.0,0.19981639,B_cell_zone,0.0
TTGTCTCGGCAAGATG-1,1,75,41,6237,21577.0,6237,4199.788,Medium-High,2,4,0,3,5,0,6,3,5487.055312278162,0.6931471805599453,-0.4377208948135376,0.015559028587100395,0.05050317198038101,0.7909845235450259,0.03621489927172661,0.8493163996619746,-0.16431351006031036,0.3855807123727671,-0.01694440469145775,0.9291844750835232,-0.08225314319133759,0.6656619950200371,0.026216127,0.005772472,0.33320835,0.12860343,0.17118268,0.021556087,0.31346092,0.26372173,0.5620502,2.1818664,2.6225863,0.12959467,0.35439327,0.31307268,1.239685,1.1761752,2.686156,0.49195617,0.54168653,Medullary_cords,237.9012400135821
TTGTGAACCTAATCCG-1,1,56,90,6656,23178.0,6656,4454.75,Medium-High,1,6,0,3,0,4,6,3,2160.737142736247,0.8675632284814612,-0.1917135864496231,0.3101566410521679,0.01661817729473114,0.9305445802687139,0.3425147533416748,0.06390992224054193,0.3889259994029999,0.03365705324843389,-0.06717249751091003,0.7243251987386441,-0.0533917099237442,0.7793147991615087,0.06832465,0.0,0.16284037,0.22651592,0.041108094,0.0,0.50121105,0.46454465,0.6996003,2.0981894,2.8522654,0.30195373,0.6048946,0.16744256,1.547112,1.316814,2.145286,0.4528274,0.48571956,Medullary_cords,138.0
TTGTGAGGCATGACGC-1,1,43,13,6549,25525.0,6549,4222.5015,High,5,7,4,1,3,6,1,1,5197.159320244089,0.8675632284814612,-0.5315903425216675,0.0025021887405867523,0.23742014169692993,0.20648006930978383,0.12398742139339447,0.5139000858085178,-0.055422671139240265,0.7711375947728794,-0.17950528860092163,0.3425423856930875,0.47746241092681885,0.007626703466247153,0.089496315,0.16229314,0.009248546,0.1630832,0.23458661,0.015675562,0.32561666,0.14465082,0.4023183,2.2597308,2.8470824,0.12396687,0.42617136,0.35546124,1.6555824,1.0776986,1.729532,0.08264458,0.42876506,Medullary_cords,137.92751719653333
TTGTGCAGCCACGTCA-1,1,60,74,5171,14728.0,5171,4212.225,Low,3,6,0,0,2,1,0,3,2806.22397538044,1.0986122886681096,-0.36502426862716675,0.047322118320974084,0.34103453159332275,0.0651421076129655,0.19942490756511688,0.29072122063121447,-0.23480139672756195,0.21167856884634506,-0.17911797761917114,0.3436021059771903,0.17217373847961426,0.3629367360314793,0.047729846,0.0,0.08532354,0.32315794,0.3125411,0.027807957,0.20343962,0.46152556,0.6788679,1.9479444,2.6347554,0.366336,0.5397288,0.49592984,1.2832617,1.3795593,2.2009065,0.0,0.41449052,Medullary_cords,238.90793205751876
TTGTGCGGAAGCGGAT-1,1,60,2,2693,6478.0,2693,3279.1484,Low,3,1,6,0,5,0,3,6,6479.665809283686,0.5004024235381879,-0.08986958861351013,0.636728543199742,-0.014859125018119812,0.9378816204210337,-0.14867983758449554,0.43296800136039404,0.2596493363380432,0.16586066282941894,-0.03321027755737305,0.8616935544555118,-0.05829077214002609,0.7596308528417454,0.11854453,0.0,0.5061343,0.31463844,0.04868948,0.011993279,0.0,0.11670179,0.52033705,1.7327504,2.6977777,0.23340358,0.392025,0.11670179,1.0795872,1.5181891,2.823158,0.0,0.3112048,Medullary_cords,276.3494165001982
TTGTGGCCCTGACAGT-1,1,18,60,5406,16133.0,5406,4263.977,Medium-Low,5,3,4,1,6,3,1,1,3074.633311469841,0.45056120886630463,0.025038842111825943,0.8955092850406259,0.015507340431213379,0.9351772900741069,0.27998098731040955,0.13400010292572845,-0.008777754381299019,0.9632818569514494,-0.3190716505050659,0.08568423227387326,0.13301457464694977,0.48347969755732173,0.13991575,0.116855726,0.018622048,0.023311067,0.34778023,0.026647042,0.3268682,0.16108397,0.4302586,2.5424757,2.8935559,0.12058301,0.5993106,0.19162422,2.2167969,0.9236014,1.7673945,0.24116603,0.4702776,B_cell_zone,0.0
TTGTGGTAGGAGGGAT-1,1,50,28,5979,20039.0,5979,4165.357,Medium-Low,2,9,5,3,3,6,6,3,4373.652135229779,0.45056120886630463,-0.38246291875839233,0.03699001592849548,0.06883334368467331,0.71778182968965,0.13594134151935577,0.4738193524259023,0.0007394365966320038,0.9969058441634697,-0.21646404266357422,0.2505850740872956,0.008467856794595718,0.9645773665093388,0.02603331,0.06239826,0.2667136,0.091922,0.10518257,0.011695575,0.43605465,0.39474922,0.5690237,2.146711,2.6818914,0.1730434,0.57649857,0.22368595,1.6636049,1.017072,2.8251898,0.5031091,0.5439681,Medullary_cords,276.4814641164937
TTGTGGTGGTACTAAG-1,1,63,95,5945,20403.0,5945,4150.901,Medium-High,1,6,3,6,2,1,7,5,3033.6705490214326,0.6931471805599453,-0.10853494703769684,0.568066573351659,-0.13094207644462585,0.4903809530209906,0.023641474545001984,0.90131166546638,-0.17201626300811768,0.3633825137194665,-0.5052770972251892,0.004398736653460683,0.09054851531982422,0.6341738831021724,0.013545103,0.06165796,0.06967276,0.0866591,0.3377189,0.0049618273,0.42578432,0.21108189,0.5432498,1.8512095,2.9189072,0.049867496,0.2709753,0.37030584,1.2585176,0.791692,1.9873049,0.0,0.6154047,Medullary_cords,137.0
TTGTGTATGCCACCAA-1,1,56,60,5482,21023.0,5482,3630.9124,Medium-High,2,2,5,2,2,7,2,4,2892.0589551390544,0.0,-0.20482540130615234,0.27758186663713214,-0.21294769644737244,0.2585518047163398,0.09804737567901611,0.6062363040578499,0.18682891130447388,0.3228773444272091,-0.019986942410469055,0.9165094603808797,-0.12414579838514328,0.513358390553091,0.033405907,0.0,0.2580272,0.10259475,0.37396684,0.0,0.23200525,0.34265828,0.42209935,2.1036541,2.4796379,0.20811039,0.45214704,0.097277954,1.3372428,0.6130728,3.2769284,0.36168486,0.44402105,Medullary_cords,477.31017169132275
TTGTGTTTCCCGAAAG-1,1,51,59,4729,11895.0,4729,4225.3965,Low,1,2,0,3,2,7,6,3,2531.384601359501,0.6365141682948128,-0.3700745105743408,0.04411881652908779,0.01577242836356163,0.9340715551585149,0.01511694397777319,0.9368059266260974,0.14957837760448456,0.4301612630477688,0.08840717375278473,0.6422451634900951,-0.06307630240917206,0.7405440409865046,0.008131192,0.095027365,0.1484216,0.08882501,0.13623807,8.473199e-06,0.5233483,0.28071478,0.3130284,2.0437207,2.9286098,0.12331116,0.6274413,0.23368554,1.4131906,0.9812019,2.2568011,0.45769152,0.6133832,Medullary_cords,364.6601157242179
TTGTTAGCAAATTCGA-1,1,22,42,6866,23854.0,6866,4530.0386,Medium-High,3,11,0,1,1,5,0,3,3700.7708656440755,0.6365141682948128,-0.468683123588562,0.008991446857846547,-0.15790235996246338,0.4046394395185583,-0.1455756276845932,0.44274118848360666,0.2698836028575897,0.14921100558888428,0.32071492075920105,0.08399433545607683,0.20921209454536438,0.26719509930326235,0.111842215,0.0021859421,0.04699392,0.17396285,0.341696,0.018022727,0.3052963,0.4155044,0.65405357,2.2114713,2.958426,0.40663704,0.47625333,0.32348794,1.6106961,0.96231794,1.9520805,0.2911343,0.2955848,Medullary_cords,137.55726080436466
TTGTTCAGTGTGCTAC-1,1,24,64,4811,13271.0,4811,4101.1406,Low,3,3,0,0,4,2,0,3,2353.9891673497564,0.6365141682948128,-0.6026517152786255,0.0004245834945434882,0.08742906153202057,0.6459453284418003,-0.028448939323425293,0.8813720620976212,-0.22049392759799957,0.24165613835492245,0.05086507648229599,0.7895199402378916,0.04757080227136612,0.8028767924239409,0.10273432,0.0,0.41378957,0.38638058,0.0783185,0.018776998,0.0,0.21794102,0.4834749,1.7898788,2.7718756,0.3510167,0.6328087,0.42122003,1.1550514,1.2147251,2.6206894,0.28081337,0.34039307,Medullary_cords,238.90793205751876
TTGTTGGCAATGACTG-1,1,76,30,5783,19547.0,5783,4159.0186,Medium-Low,5,4,4,1,5,0,1,1,6054.767130121521,0.5623351446188083,-0.19782377779483795,0.29469148019166247,0.03609960526227951,0.8497907105806072,-0.09615731984376907,0.6132287526524265,-0.18287254869937897,0.333412656529747,-0.03290771692991257,0.8629417451957365,0.08317670226097107,0.6621273445640775,0.07493549,0.13314342,0.028379496,0.20466052,0.2695528,0.030732237,0.258596,0.31589556,0.6158969,2.2948728,2.9398491,0.20658019,0.6424507,0.30763608,1.8328441,1.254231,1.9557608,0.0,0.44082212,Medullary_cords,0.0
TTGTTGTGTGTCAAGA-1,1,31,77,5494,15325.0,5494,4441.0273,Low,0,3,7,4,4,2,4,0,1129.148794446507,1.0114042647073518,0.04385487362742424,0.8180086842578523,0.21048735082149506,0.2642236079915641,-0.0059004053473472595,0.975313552195883,0.19422416388988495,0.3037420667619638,-0.06522177904844284,0.7320349528407677,-0.03913828730583191,0.8373074574548055,0.123930626,0.13124275,0.071011506,0.124865465,0.35458112,0.037991356,0.15637717,0.19833498,0.6840744,2.240668,2.8068905,0.22996482,0.6266347,0.84845316,2.046288,0.7248918,1.8443022,0.0,0.36208624,B_cell_zone,0.0
TTGTTTCACATCCAGG-1,1,58,42,5771,19649.0,5771,4095.476,Medium-Low,2,2,0,3,5,0,6,3,3970.493168360827,0.8675632284814613,0.13269537687301636,0.484539343513875,0.07281488925218582,0.7021756601971877,-0.08384254574775696,0.6595834265053926,0.005045592784881592,0.9788891092084085,-0.4444985091686249,0.013856263191012503,0.32934263348579407,0.0755367349279096,0.051501583,0.0012709906,0.20014316,0.06064593,0.0,0.26582375,0.42061457,0.18974438,0.42115843,2.2725575,2.8799572,0.13919087,0.48201972,0.1388149,1.7056406,0.85204214,2.4992297,0.4919014,0.6047046,Medullary_cords,138.42326394071193
TTGTTTCATTAGTCTA-1,1,60,30,6354,21557.0,6354,4350.977,Medium-High,1,1,0,3,5,0,6,3,4783.7454990833285,1.2424533248940002,-0.31097134947776794,0.09439641718795135,0.09053362160921097,0.6342298809983656,-0.3345470726490021,0.0707622590328803,-0.31903305649757385,0.08572423107564618,-0.21412761509418488,0.2558602704629258,0.1555805504322052,0.41167064015817867,0.055421397,0.06135109,0.09645871,0.041363534,0.2041287,0.2796202,0.26165634,0.3764173,0.48768973,2.1893432,2.7644527,0.23868896,0.5471765,0.47334245,1.5845616,0.902294,2.0000174,0.7162258,0.5477694,Medullary_cords,239.00209204105306
TTGTTTCCATACAACT-1,1,45,27,6517,22175.0,6517,4439.83,Medium-High,1,7,0,3,3,6,6,3,4282.010042024656,1.3296613488547582,-0.16980630159378052,0.3696725224959696,-0.01086479239165783,0.9545596582395423,-0.09786931425333023,0.6068936198203665,0.02833162061870098,0.8818578616456157,0.2272575944662094,0.22715099374912404,0.1426221877336502,0.45214927556853457,0.056144785,0.059846196,0.07710583,0.113290645,0.12889762,0.01558067,0.5491342,0.37215436,0.5326926,2.2078598,3.0719304,0.21995771,0.39458206,0.2199577,1.8391578,1.1970654,1.9553351,0.54883695,0.42784488,Medullary_cords,0.0
TTGTTTGTATTACACG-1,1,73,41,4476,12268.0,4476,3956.3374,Low,3,4,2,0,5,0,5,6,5295.339932431156,0.45056120886630463,-0.12616106867790222,0.5064902098428004,-0.029660599306225777,0.8763572547627991,0.11692697554826736,0.5383309176066428,-0.13454943895339966,0.4784010331348083,-0.20967841148376465,0.2661060197145575,0.08627796918153763,0.6503104966403295,0.042468447,0.00011762804,0.1642049,0.39970395,0.06644919,0.002164477,0.32489136,0.29619294,1.0343521,1.6088768,2.4615653,0.12088522,0.7359948,0.22355866,0.87966025,1.5994296,1.9499599,0.39080954,0.19871882,Medullary_cords,365.0986168146902
TTGTTTGTGTAAATTC-1,1,7,51,7183,30022.0,7183,4296.852,High,3,8,2,0,1,5,5,6,4502.775255328651,0.0,-0.5588904023170471,0.0013260274390107824,-0.05806269869208336,0.7605440742358941,0.003344755619764328,0.9860045905301884,-0.04981888085603714,0.7937556697456614,0.12072127312421799,0.5251335710152557,-0.3945302665233612,0.03096739343032477,0.059299827,0.0,0.21179007,0.53690684,0.17213145,0.019871788,0.0,0.25019202,0.99553967,1.5766029,2.3117332,0.3220513,0.6623657,0.38588703,1.1415353,1.5608742,2.2352018,0.0,0.24848963,Medullary_cords,365.0986168146902
